Namespace,Type,Method,LOC,CC,PC
System.Diagnostics.Eventing,EventDescriptor,EventDescriptor,3,1,7
System.Diagnostics.Eventing,EventProvider,EventProvider,3,1,1
System.Diagnostics.Eventing,EventProvider,Dispose,3,1,0
System.Diagnostics.Eventing,EventProvider,Dispose,3,1,1
System.Diagnostics.Eventing,EventProvider,Close,3,1,0
System.Diagnostics.Eventing,EventProvider,IsEnabled,3,1,0
System.Diagnostics.Eventing,EventProvider,IsEnabled,3,1,2
System.Diagnostics.Eventing,EventProvider,GetLastWriteEventError,3,1,0
System.Diagnostics.Eventing,EventProvider,WriteMessageEvent,3,1,3
System.Diagnostics.Eventing,EventProvider,WriteMessageEvent,3,1,1
System.Diagnostics.Eventing,EventProvider,WriteEvent,3,1,2
System.Diagnostics.Eventing,EventProvider,WriteEvent,3,1,2
System.Diagnostics.Eventing,EventProvider,WriteEvent,3,1,3
System.Diagnostics.Eventing,EventProvider,WriteTransferEvent,3,1,3
System.Diagnostics.Eventing,EventProvider,WriteTransferEvent,3,1,4
System.Diagnostics.Eventing,EventProvider,SetActivityId,3,1,1
System.Diagnostics.Eventing,EventProvider,CreateActivityId,3,1,0
System.Diagnostics.Eventing,EventProviderTraceListener,GetSupportedAttributes,3,1,0
System.Diagnostics.Eventing,EventProviderTraceListener,EventProviderTraceListener,3,1,1
System.Diagnostics.Eventing,EventProviderTraceListener,EventProviderTraceListener,3,1,2
System.Diagnostics.Eventing,EventProviderTraceListener,EventProviderTraceListener,3,1,3
System.Diagnostics.Eventing,EventProviderTraceListener,Flush,3,1,0
System.Diagnostics.Eventing,EventProviderTraceListener,Close,3,1,0
System.Diagnostics.Eventing,EventProviderTraceListener,Write,3,1,1
System.Diagnostics.Eventing,EventProviderTraceListener,WriteLine,3,1,1
System.Diagnostics.Eventing,EventProviderTraceListener,TraceData,3,1,5
System.Diagnostics.Eventing,EventProviderTraceListener,TraceData,3,1,5
System.Diagnostics.Eventing,EventProviderTraceListener,TraceEvent,3,1,4
System.Diagnostics.Eventing,EventProviderTraceListener,TraceEvent,3,1,5
System.Diagnostics.Eventing,EventProviderTraceListener,TraceEvent,3,1,6
System.Diagnostics.Eventing,EventProviderTraceListener,Fail,3,1,2
System.Diagnostics.Eventing,EventProviderTraceListener,TraceTransfer,3,1,5
System.Management.Instrumentation,ManagementEntityAttribute,ManagementEntityAttribute,3,1,0
System.Management.Instrumentation,WmiConfigurationAttribute,WmiConfigurationAttribute,3,1,1
System.Management.Instrumentation,ManagementMemberAttribute,ManagementMemberAttribute,3,1,0
System.Management.Instrumentation,ManagementNewInstanceAttribute,ManagementNewInstanceAttribute,3,1,0
System.Management.Instrumentation,ManagementBindAttribute,ManagementBindAttribute,3,1,0
System.Management.Instrumentation,ManagementCreateAttribute,ManagementCreateAttribute,3,1,0
System.Management.Instrumentation,ManagementRemoveAttribute,ManagementRemoveAttribute,3,1,0
System.Management.Instrumentation,ManagementEnumeratorAttribute,ManagementEnumeratorAttribute,3,1,0
System.Management.Instrumentation,ManagementProbeAttribute,ManagementProbeAttribute,3,1,0
System.Management.Instrumentation,ManagementTaskAttribute,ManagementTaskAttribute,3,1,0
System.Management.Instrumentation,ManagementKeyAttribute,ManagementKeyAttribute,3,1,0
System.Management.Instrumentation,ManagementReferenceAttribute,ManagementReferenceAttribute,3,1,0
System.Management.Instrumentation,ManagementConfigurationAttribute,ManagementConfigurationAttribute,3,1,0
System.Management.Instrumentation,ManagementCommitAttribute,ManagementCommitAttribute,3,1,0
System.Management.Instrumentation,ManagementNameAttribute,ManagementNameAttribute,3,1,1
System.Management.Instrumentation,InstrumentationBaseException,InstrumentationBaseException,3,1,0
System.Management.Instrumentation,InstrumentationBaseException,InstrumentationBaseException,3,1,1
System.Management.Instrumentation,InstrumentationBaseException,InstrumentationBaseException,3,1,2
System.Management.Instrumentation,InstrumentationBaseException,InstrumentationBaseException,3,1,2
System.Management.Instrumentation,InstrumentationException,InstrumentationException,3,1,0
System.Management.Instrumentation,InstrumentationException,InstrumentationException,3,1,1
System.Management.Instrumentation,InstrumentationException,InstrumentationException,3,1,1
System.Management.Instrumentation,InstrumentationException,InstrumentationException,3,1,2
System.Management.Instrumentation,InstrumentationException,InstrumentationException,3,1,2
System.Management.Instrumentation,InstanceNotFoundException,InstanceNotFoundException,3,1,0
System.Management.Instrumentation,InstanceNotFoundException,InstanceNotFoundException,3,1,1
System.Management.Instrumentation,InstanceNotFoundException,InstanceNotFoundException,3,1,2
System.Management.Instrumentation,InstanceNotFoundException,InstanceNotFoundException,3,1,2
System.Diagnostics.Eventing.Reader,EventBookmark,EventBookmark,3,1,2
System.Diagnostics.Eventing.Reader,EventBookmark,GetObjectData,3,1,2
System.Diagnostics.Eventing.Reader,EventBookmark,GetObjectData,3,1,2
System.Diagnostics.Eventing.Reader,EventLogConfiguration,EventLogConfiguration,3,1,1
System.Diagnostics.Eventing.Reader,EventLogConfiguration,EventLogConfiguration,3,1,2
System.Diagnostics.Eventing.Reader,EventLogConfiguration,SaveChanges,3,1,0
System.Diagnostics.Eventing.Reader,EventLogConfiguration,Dispose,3,1,0
System.Diagnostics.Eventing.Reader,EventLogConfiguration,Dispose,3,1,1
System.Diagnostics.Eventing.Reader,EventLogPropertySelector,EventLogPropertySelector,3,1,1
System.Diagnostics.Eventing.Reader,EventLogPropertySelector,Dispose,3,1,0
System.Diagnostics.Eventing.Reader,EventLogPropertySelector,Dispose,3,1,1
System.Diagnostics.Eventing.Reader,EventRecord,FormatDescription,0,1,0
System.Diagnostics.Eventing.Reader,EventRecord,FormatDescription,0,1,1
System.Diagnostics.Eventing.Reader,EventRecord,ToXml,0,1,0
System.Diagnostics.Eventing.Reader,EventRecord,Dispose,3,1,0
System.Diagnostics.Eventing.Reader,EventRecord,Dispose,3,1,1
System.Diagnostics.Eventing.Reader,EventRecord,EventRecord,3,1,0
System.Diagnostics.Eventing.Reader,EventLogRecord,FormatDescription,3,1,0
System.Diagnostics.Eventing.Reader,EventLogRecord,FormatDescription,3,1,1
System.Diagnostics.Eventing.Reader,EventLogRecord,GetPropertyValues,3,1,1
System.Diagnostics.Eventing.Reader,EventLogRecord,ToXml,3,1,0
System.Diagnostics.Eventing.Reader,EventLogRecord,Dispose,3,1,1
System.Diagnostics.Eventing.Reader,EventLogReader,EventLogReader,3,1,1
System.Diagnostics.Eventing.Reader,EventLogReader,EventLogReader,3,1,2
System.Diagnostics.Eventing.Reader,EventLogReader,EventLogReader,3,1,1
System.Diagnostics.Eventing.Reader,EventLogReader,EventLogReader,3,1,2
System.Diagnostics.Eventing.Reader,EventLogReader,ReadEvent,3,1,0
System.Diagnostics.Eventing.Reader,EventLogReader,ReadEvent,3,1,1
System.Diagnostics.Eventing.Reader,EventLogReader,Dispose,3,1,0
System.Diagnostics.Eventing.Reader,EventLogReader,Dispose,3,1,1
System.Diagnostics.Eventing.Reader,EventLogReader,Seek,3,1,1
System.Diagnostics.Eventing.Reader,EventLogReader,Seek,3,1,2
System.Diagnostics.Eventing.Reader,EventLogReader,Seek,3,1,2
System.Diagnostics.Eventing.Reader,EventLogReader,CancelReading,3,1,0
System.Diagnostics.Eventing.Reader,EventLogWatcher,EventLogWatcher,3,1,1
System.Diagnostics.Eventing.Reader,EventLogWatcher,EventLogWatcher,3,1,1
System.Diagnostics.Eventing.Reader,EventLogWatcher,EventLogWatcher,3,1,2
System.Diagnostics.Eventing.Reader,EventLogWatcher,EventLogWatcher,3,1,3
System.Diagnostics.Eventing.Reader,EventLogWatcher,Dispose,3,1,0
System.Diagnostics.Eventing.Reader,EventLogWatcher,Dispose,3,1,1
System.Diagnostics.Eventing.Reader,EventLogQuery,EventLogQuery,3,1,2
System.Diagnostics.Eventing.Reader,EventLogQuery,EventLogQuery,3,1,3
System.Diagnostics.Eventing.Reader,EventLogSession,EventLogSession,3,1,0
System.Diagnostics.Eventing.Reader,EventLogSession,EventLogSession,3,1,1
System.Diagnostics.Eventing.Reader,EventLogSession,EventLogSession,3,1,5
System.Diagnostics.Eventing.Reader,EventLogSession,Dispose,3,1,0
System.Diagnostics.Eventing.Reader,EventLogSession,Dispose,3,1,1
System.Diagnostics.Eventing.Reader,EventLogSession,CancelCurrentOperations,3,1,0
System.Diagnostics.Eventing.Reader,EventLogSession,GetProviderNames,3,1,0
System.Diagnostics.Eventing.Reader,EventLogSession,GetLogNames,3,1,0
System.Diagnostics.Eventing.Reader,EventLogSession,GetLogInformation,3,1,2
System.Diagnostics.Eventing.Reader,EventLogSession,ExportLog,3,1,4
System.Diagnostics.Eventing.Reader,EventLogSession,ExportLog,3,1,5
System.Diagnostics.Eventing.Reader,EventLogSession,ExportLogAndMessages,3,1,4
System.Diagnostics.Eventing.Reader,EventLogSession,ExportLogAndMessages,3,1,6
System.Diagnostics.Eventing.Reader,EventLogSession,ClearLog,3,1,1
System.Diagnostics.Eventing.Reader,EventLogSession,ClearLog,3,1,2
System.Diagnostics.Eventing.Reader,EventLogException,EventLogException,3,1,0
System.Diagnostics.Eventing.Reader,EventLogException,EventLogException,3,1,1
System.Diagnostics.Eventing.Reader,EventLogException,EventLogException,3,1,2
System.Diagnostics.Eventing.Reader,EventLogException,EventLogException,3,1,2
System.Diagnostics.Eventing.Reader,EventLogException,EventLogException,3,1,1
System.Diagnostics.Eventing.Reader,EventLogException,GetObjectData,3,1,2
System.Diagnostics.Eventing.Reader,EventLogNotFoundException,EventLogNotFoundException,3,1,0
System.Diagnostics.Eventing.Reader,EventLogNotFoundException,EventLogNotFoundException,3,1,1
System.Diagnostics.Eventing.Reader,EventLogNotFoundException,EventLogNotFoundException,3,1,2
System.Diagnostics.Eventing.Reader,EventLogNotFoundException,EventLogNotFoundException,3,1,2
System.Diagnostics.Eventing.Reader,EventLogReadingException,EventLogReadingException,3,1,0
System.Diagnostics.Eventing.Reader,EventLogReadingException,EventLogReadingException,3,1,1
System.Diagnostics.Eventing.Reader,EventLogReadingException,EventLogReadingException,3,1,2
System.Diagnostics.Eventing.Reader,EventLogReadingException,EventLogReadingException,3,1,2
System.Diagnostics.Eventing.Reader,EventLogProviderDisabledException,EventLogProviderDisabledException,3,1,0
System.Diagnostics.Eventing.Reader,EventLogProviderDisabledException,EventLogProviderDisabledException,3,1,1
System.Diagnostics.Eventing.Reader,EventLogProviderDisabledException,EventLogProviderDisabledException,3,1,2
System.Diagnostics.Eventing.Reader,EventLogProviderDisabledException,EventLogProviderDisabledException,3,1,2
System.Diagnostics.Eventing.Reader,EventLogInvalidDataException,EventLogInvalidDataException,3,1,0
System.Diagnostics.Eventing.Reader,EventLogInvalidDataException,EventLogInvalidDataException,3,1,1
System.Diagnostics.Eventing.Reader,EventLogInvalidDataException,EventLogInvalidDataException,3,1,2
System.Diagnostics.Eventing.Reader,EventLogInvalidDataException,EventLogInvalidDataException,3,1,2
System.Diagnostics.Eventing.Reader,ProviderMetadata,ProviderMetadata,3,1,1
System.Diagnostics.Eventing.Reader,ProviderMetadata,ProviderMetadata,3,1,3
System.Diagnostics.Eventing.Reader,ProviderMetadata,Dispose,3,1,0
System.Diagnostics.Eventing.Reader,ProviderMetadata,Dispose,3,1,1
System.Linq,IQueryProvider,CreateQuery,0,1,1
System.Linq,IQueryProvider,CreateQuery,0,1,1
System.Linq,IQueryProvider,Execute,0,1,1
System.Linq,IQueryProvider,Execute,0,1,1
System.Linq,Queryable,AsQueryable,3,1,1
System.Linq,Queryable,AsQueryable,3,1,1
System.Linq,Queryable,Where,3,1,2
System.Linq,Queryable,Where,3,1,2
System.Linq,Queryable,OfType,3,1,1
System.Linq,Queryable,Cast,3,1,1
System.Linq,Queryable,Select,3,1,2
System.Linq,Queryable,Select,3,1,2
System.Linq,Queryable,SelectMany,3,1,2
System.Linq,Queryable,SelectMany,3,1,2
System.Linq,Queryable,SelectMany,3,1,3
System.Linq,Queryable,SelectMany,3,1,3
System.Linq,Queryable,Join,3,1,5
System.Linq,Queryable,Join,3,1,6
System.Linq,Queryable,GroupJoin,3,1,5
System.Linq,Queryable,GroupJoin,3,1,6
System.Linq,Queryable,OrderBy,3,1,2
System.Linq,Queryable,OrderBy,3,1,3
System.Linq,Queryable,OrderByDescending,3,1,2
System.Linq,Queryable,OrderByDescending,3,1,3
System.Linq,Queryable,ThenBy,3,1,2
System.Linq,Queryable,ThenBy,3,1,3
System.Linq,Queryable,ThenByDescending,3,1,2
System.Linq,Queryable,ThenByDescending,3,1,3
System.Linq,Queryable,Take,3,1,2
System.Linq,Queryable,TakeWhile,3,1,2
System.Linq,Queryable,TakeWhile,3,1,2
System.Linq,Queryable,Skip,3,1,2
System.Linq,Queryable,SkipWhile,3,1,2
System.Linq,Queryable,SkipWhile,3,1,2
System.Linq,Queryable,GroupBy,3,1,2
System.Linq,Queryable,GroupBy,3,1,3
System.Linq,Queryable,GroupBy,3,1,3
System.Linq,Queryable,GroupBy,3,1,4
System.Linq,Queryable,GroupBy,3,1,4
System.Linq,Queryable,GroupBy,3,1,3
System.Linq,Queryable,GroupBy,3,1,4
System.Linq,Queryable,GroupBy,3,1,5
System.Linq,Queryable,Distinct,3,1,1
System.Linq,Queryable,Distinct,3,1,2
System.Linq,Queryable,Concat,3,1,2
System.Linq,Queryable,Zip,3,1,3
System.Linq,Queryable,Union,3,1,2
System.Linq,Queryable,Union,3,1,3
System.Linq,Queryable,Intersect,3,1,2
System.Linq,Queryable,Intersect,3,1,3
System.Linq,Queryable,Except,3,1,2
System.Linq,Queryable,Except,3,1,3
System.Linq,Queryable,First,3,1,1
System.Linq,Queryable,First,3,1,2
System.Linq,Queryable,FirstOrDefault,3,1,1
System.Linq,Queryable,FirstOrDefault,3,1,2
System.Linq,Queryable,Last,3,1,1
System.Linq,Queryable,Last,3,1,2
System.Linq,Queryable,LastOrDefault,3,1,1
System.Linq,Queryable,LastOrDefault,3,1,2
System.Linq,Queryable,Single,3,1,1
System.Linq,Queryable,Single,3,1,2
System.Linq,Queryable,SingleOrDefault,3,1,1
System.Linq,Queryable,SingleOrDefault,3,1,2
System.Linq,Queryable,ElementAt,3,1,2
System.Linq,Queryable,ElementAtOrDefault,3,1,2
System.Linq,Queryable,DefaultIfEmpty,3,1,1
System.Linq,Queryable,DefaultIfEmpty,3,1,2
System.Linq,Queryable,Contains,3,1,2
System.Linq,Queryable,Contains,3,1,3
System.Linq,Queryable,Reverse,3,1,1
System.Linq,Queryable,SequenceEqual,3,1,2
System.Linq,Queryable,SequenceEqual,3,1,3
System.Linq,Queryable,Any,3,1,1
System.Linq,Queryable,Any,3,1,2
System.Linq,Queryable,All,3,1,2
System.Linq,Queryable,Count,3,1,1
System.Linq,Queryable,Count,3,1,2
System.Linq,Queryable,LongCount,3,1,1
System.Linq,Queryable,LongCount,3,1,2
System.Linq,Queryable,Min,3,1,1
System.Linq,Queryable,Min,3,1,2
System.Linq,Queryable,Max,3,1,1
System.Linq,Queryable,Max,3,1,2
System.Linq,Queryable,Sum,3,1,1
System.Linq,Queryable,Sum,3,1,1
System.Linq,Queryable,Sum,3,1,1
System.Linq,Queryable,Sum,3,1,1
System.Linq,Queryable,Sum,3,1,1
System.Linq,Queryable,Sum,3,1,1
System.Linq,Queryable,Sum,3,1,1
System.Linq,Queryable,Sum,3,1,1
System.Linq,Queryable,Sum,3,1,1
System.Linq,Queryable,Sum,3,1,1
System.Linq,Queryable,Sum,3,1,2
System.Linq,Queryable,Sum,3,1,2
System.Linq,Queryable,Sum,3,1,2
System.Linq,Queryable,Sum,3,1,2
System.Linq,Queryable,Sum,3,1,2
System.Linq,Queryable,Sum,3,1,2
System.Linq,Queryable,Sum,3,1,2
System.Linq,Queryable,Sum,3,1,2
System.Linq,Queryable,Sum,3,1,2
System.Linq,Queryable,Sum,3,1,2
System.Linq,Queryable,Average,3,1,1
System.Linq,Queryable,Average,3,1,1
System.Linq,Queryable,Average,3,1,1
System.Linq,Queryable,Average,3,1,1
System.Linq,Queryable,Average,3,1,1
System.Linq,Queryable,Average,3,1,1
System.Linq,Queryable,Average,3,1,1
System.Linq,Queryable,Average,3,1,1
System.Linq,Queryable,Average,3,1,1
System.Linq,Queryable,Average,3,1,1
System.Linq,Queryable,Average,3,1,2
System.Linq,Queryable,Average,3,1,2
System.Linq,Queryable,Average,3,1,2
System.Linq,Queryable,Average,3,1,2
System.Linq,Queryable,Average,3,1,2
System.Linq,Queryable,Average,3,1,2
System.Linq,Queryable,Average,3,1,2
System.Linq,Queryable,Average,3,1,2
System.Linq,Queryable,Average,3,1,2
System.Linq,Queryable,Average,3,1,2
System.Linq,Queryable,Aggregate,3,1,2
System.Linq,Queryable,Aggregate,3,1,3
System.Linq,Queryable,Aggregate,3,1,4
System.Linq,Enumerable,Where,3,1,2
System.Linq,Enumerable,Where,3,1,2
System.Linq,Enumerable,Select,3,1,2
System.Linq,Enumerable,Select,3,1,2
System.Linq,Enumerable,SelectMany,3,1,2
System.Linq,Enumerable,SelectMany,3,1,2
System.Linq,Enumerable,SelectMany,3,1,3
System.Linq,Enumerable,SelectMany,3,1,3
System.Linq,Enumerable,Take,3,1,2
System.Linq,Enumerable,TakeWhile,3,1,2
System.Linq,Enumerable,TakeWhile,3,1,2
System.Linq,Enumerable,Skip,3,1,2
System.Linq,Enumerable,SkipWhile,3,1,2
System.Linq,Enumerable,SkipWhile,3,1,2
System.Linq,Enumerable,Join,3,1,5
System.Linq,Enumerable,Join,3,1,6
System.Linq,Enumerable,GroupJoin,3,1,5
System.Linq,Enumerable,GroupJoin,3,1,6
System.Linq,Enumerable,OrderBy,3,1,2
System.Linq,Enumerable,OrderBy,3,1,3
System.Linq,Enumerable,OrderByDescending,3,1,2
System.Linq,Enumerable,OrderByDescending,3,1,3
System.Linq,Enumerable,ThenBy,3,1,2
System.Linq,Enumerable,ThenBy,3,1,3
System.Linq,Enumerable,ThenByDescending,3,1,2
System.Linq,Enumerable,ThenByDescending,3,1,3
System.Linq,Enumerable,GroupBy,3,1,2
System.Linq,Enumerable,GroupBy,3,1,3
System.Linq,Enumerable,GroupBy,3,1,3
System.Linq,Enumerable,GroupBy,3,1,4
System.Linq,Enumerable,GroupBy,3,1,3
System.Linq,Enumerable,GroupBy,3,1,4
System.Linq,Enumerable,GroupBy,3,1,4
System.Linq,Enumerable,GroupBy,3,1,5
System.Linq,Enumerable,Concat,3,1,2
System.Linq,Enumerable,Zip,3,1,3
System.Linq,Enumerable,Distinct,3,1,1
System.Linq,Enumerable,Distinct,3,1,2
System.Linq,Enumerable,Union,3,1,2
System.Linq,Enumerable,Union,3,1,3
System.Linq,Enumerable,Intersect,3,1,2
System.Linq,Enumerable,Intersect,3,1,3
System.Linq,Enumerable,Except,3,1,2
System.Linq,Enumerable,Except,3,1,3
System.Linq,Enumerable,Reverse,3,1,1
System.Linq,Enumerable,SequenceEqual,3,1,2
System.Linq,Enumerable,SequenceEqual,3,1,3
System.Linq,Enumerable,AsEnumerable,3,1,1
System.Linq,Enumerable,ToArray,3,1,1
System.Linq,Enumerable,ToList,3,1,1
System.Linq,Enumerable,ToDictionary,3,1,2
System.Linq,Enumerable,ToDictionary,3,1,3
System.Linq,Enumerable,ToDictionary,3,1,3
System.Linq,Enumerable,ToDictionary,3,1,4
System.Linq,Enumerable,ToLookup,3,1,2
System.Linq,Enumerable,ToLookup,3,1,3
System.Linq,Enumerable,ToLookup,3,1,3
System.Linq,Enumerable,ToLookup,3,1,4
System.Linq,Enumerable,DefaultIfEmpty,3,1,1
System.Linq,Enumerable,DefaultIfEmpty,3,1,2
System.Linq,Enumerable,OfType,3,1,1
System.Linq,Enumerable,Cast,3,1,1
System.Linq,Enumerable,First,3,1,1
System.Linq,Enumerable,First,3,1,2
System.Linq,Enumerable,FirstOrDefault,3,1,1
System.Linq,Enumerable,FirstOrDefault,3,1,2
System.Linq,Enumerable,Last,3,1,1
System.Linq,Enumerable,Last,3,1,2
System.Linq,Enumerable,LastOrDefault,3,1,1
System.Linq,Enumerable,LastOrDefault,3,1,2
System.Linq,Enumerable,Single,3,1,1
System.Linq,Enumerable,Single,3,1,2
System.Linq,Enumerable,SingleOrDefault,3,1,1
System.Linq,Enumerable,SingleOrDefault,3,1,2
System.Linq,Enumerable,ElementAt,3,1,2
System.Linq,Enumerable,ElementAtOrDefault,3,1,2
System.Linq,Enumerable,Range,3,1,2
System.Linq,Enumerable,Repeat,3,1,2
System.Linq,Enumerable,Empty,3,1,0
System.Linq,Enumerable,Any,3,1,1
System.Linq,Enumerable,Any,3,1,2
System.Linq,Enumerable,All,3,1,2
System.Linq,Enumerable,Count,3,1,1
System.Linq,Enumerable,Count,3,1,2
System.Linq,Enumerable,LongCount,3,1,1
System.Linq,Enumerable,LongCount,3,1,2
System.Linq,Enumerable,Contains,3,1,2
System.Linq,Enumerable,Contains,3,1,3
System.Linq,Enumerable,Aggregate,3,1,2
System.Linq,Enumerable,Aggregate,3,1,3
System.Linq,Enumerable,Aggregate,3,1,4
System.Linq,Enumerable,Sum,3,1,1
System.Linq,Enumerable,Sum,3,1,1
System.Linq,Enumerable,Sum,3,1,1
System.Linq,Enumerable,Sum,3,1,1
System.Linq,Enumerable,Sum,3,1,1
System.Linq,Enumerable,Sum,3,1,1
System.Linq,Enumerable,Sum,3,1,1
System.Linq,Enumerable,Sum,3,1,1
System.Linq,Enumerable,Sum,3,1,1
System.Linq,Enumerable,Sum,3,1,1
System.Linq,Enumerable,Sum,3,1,2
System.Linq,Enumerable,Sum,3,1,2
System.Linq,Enumerable,Sum,3,1,2
System.Linq,Enumerable,Sum,3,1,2
System.Linq,Enumerable,Sum,3,1,2
System.Linq,Enumerable,Sum,3,1,2
System.Linq,Enumerable,Sum,3,1,2
System.Linq,Enumerable,Sum,3,1,2
System.Linq,Enumerable,Sum,3,1,2
System.Linq,Enumerable,Sum,3,1,2
System.Linq,Enumerable,Min,3,1,1
System.Linq,Enumerable,Min,3,1,1
System.Linq,Enumerable,Min,3,1,1
System.Linq,Enumerable,Min,3,1,1
System.Linq,Enumerable,Min,3,1,1
System.Linq,Enumerable,Min,3,1,1
System.Linq,Enumerable,Min,3,1,1
System.Linq,Enumerable,Min,3,1,1
System.Linq,Enumerable,Min,3,1,1
System.Linq,Enumerable,Min,3,1,1
System.Linq,Enumerable,Min,3,1,1
System.Linq,Enumerable,Min,3,1,2
System.Linq,Enumerable,Min,3,1,2
System.Linq,Enumerable,Min,3,1,2
System.Linq,Enumerable,Min,3,1,2
System.Linq,Enumerable,Min,3,1,2
System.Linq,Enumerable,Min,3,1,2
System.Linq,Enumerable,Min,3,1,2
System.Linq,Enumerable,Min,3,1,2
System.Linq,Enumerable,Min,3,1,2
System.Linq,Enumerable,Min,3,1,2
System.Linq,Enumerable,Min,3,1,2
System.Linq,Enumerable,Max,3,1,1
System.Linq,Enumerable,Max,3,1,1
System.Linq,Enumerable,Max,3,1,1
System.Linq,Enumerable,Max,3,1,1
System.Linq,Enumerable,Max,3,1,1
System.Linq,Enumerable,Max,3,1,1
System.Linq,Enumerable,Max,3,1,1
System.Linq,Enumerable,Max,3,1,1
System.Linq,Enumerable,Max,3,1,1
System.Linq,Enumerable,Max,3,1,1
System.Linq,Enumerable,Max,3,1,1
System.Linq,Enumerable,Max,3,1,2
System.Linq,Enumerable,Max,3,1,2
System.Linq,Enumerable,Max,3,1,2
System.Linq,Enumerable,Max,3,1,2
System.Linq,Enumerable,Max,3,1,2
System.Linq,Enumerable,Max,3,1,2
System.Linq,Enumerable,Max,3,1,2
System.Linq,Enumerable,Max,3,1,2
System.Linq,Enumerable,Max,3,1,2
System.Linq,Enumerable,Max,3,1,2
System.Linq,Enumerable,Max,3,1,2
System.Linq,Enumerable,Average,3,1,1
System.Linq,Enumerable,Average,3,1,1
System.Linq,Enumerable,Average,3,1,1
System.Linq,Enumerable,Average,3,1,1
System.Linq,Enumerable,Average,3,1,1
System.Linq,Enumerable,Average,3,1,1
System.Linq,Enumerable,Average,3,1,1
System.Linq,Enumerable,Average,3,1,1
System.Linq,Enumerable,Average,3,1,1
System.Linq,Enumerable,Average,3,1,1
System.Linq,Enumerable,Average,3,1,2
System.Linq,Enumerable,Average,3,1,2
System.Linq,Enumerable,Average,3,1,2
System.Linq,Enumerable,Average,3,1,2
System.Linq,Enumerable,Average,3,1,2
System.Linq,Enumerable,Average,3,1,2
System.Linq,Enumerable,Average,3,1,2
System.Linq,Enumerable,Average,3,1,2
System.Linq,Enumerable,Average,3,1,2
System.Linq,Enumerable,Average,3,1,2
System.Linq,IOrderedEnumerable,CreateOrderedEnumerable,0,1,3
System.Linq,ILookup,Contains,0,1,1
System.Linq,Lookup<TKey;TElement>,Contains,3,1,1
System.Linq,Lookup<TKey;TElement>,GetEnumerator,3,1,0
System.Linq,Lookup<TKey;TElement>,ApplyResultSelector,3,1,1
System.Linq,Lookup<TKey;TElement>,Contains,3,1,1
System.Linq,Lookup<TKey;TElement>,GetEnumerator,3,1,0
System.Linq,Lookup<TKey;TElement>,GetEnumerator,3,1,0
System.Linq,ParallelEnumerable,AsParallel,3,1,1
System.Linq,ParallelEnumerable,AsParallel,3,1,1
System.Linq,ParallelEnumerable,AsOrdered,3,1,1
System.Linq,ParallelEnumerable,AsOrdered,3,1,1
System.Linq,ParallelEnumerable,AsUnordered,3,1,1
System.Linq,ParallelEnumerable,AsParallel,3,1,1
System.Linq,ParallelEnumerable,AsSequential,3,1,1
System.Linq,ParallelEnumerable,WithDegreeOfParallelism,3,1,2
System.Linq,ParallelEnumerable,WithCancellation,3,1,2
System.Linq,ParallelEnumerable,WithExecutionMode,3,1,2
System.Linq,ParallelEnumerable,WithMergeOptions,3,1,2
System.Linq,ParallelEnumerable,Range,3,1,2
System.Linq,ParallelEnumerable,Repeat,3,1,2
System.Linq,ParallelEnumerable,Empty,3,1,0
System.Linq,ParallelEnumerable,ForAll,3,1,2
System.Linq,ParallelEnumerable,Where,3,1,2
System.Linq,ParallelEnumerable,Where,3,1,2
System.Linq,ParallelEnumerable,Select,3,1,2
System.Linq,ParallelEnumerable,Select,3,1,2
System.Linq,ParallelEnumerable,Zip,3,1,3
System.Linq,ParallelEnumerable,Zip,3,1,3
System.Linq,ParallelEnumerable,Join,3,1,5
System.Linq,ParallelEnumerable,Join,3,1,5
System.Linq,ParallelEnumerable,Join,3,1,6
System.Linq,ParallelEnumerable,Join,3,1,6
System.Linq,ParallelEnumerable,GroupJoin,3,1,5
System.Linq,ParallelEnumerable,GroupJoin,3,1,5
System.Linq,ParallelEnumerable,GroupJoin,3,1,6
System.Linq,ParallelEnumerable,GroupJoin,3,1,6
System.Linq,ParallelEnumerable,SelectMany,3,1,2
System.Linq,ParallelEnumerable,SelectMany,3,1,2
System.Linq,ParallelEnumerable,SelectMany,3,1,3
System.Linq,ParallelEnumerable,SelectMany,3,1,3
System.Linq,ParallelEnumerable,OrderBy,3,1,2
System.Linq,ParallelEnumerable,OrderBy,3,1,3
System.Linq,ParallelEnumerable,OrderByDescending,3,1,2
System.Linq,ParallelEnumerable,OrderByDescending,3,1,3
System.Linq,ParallelEnumerable,ThenBy,3,1,2
System.Linq,ParallelEnumerable,ThenBy,3,1,3
System.Linq,ParallelEnumerable,ThenByDescending,3,1,2
System.Linq,ParallelEnumerable,ThenByDescending,3,1,3
System.Linq,ParallelEnumerable,GroupBy,3,1,2
System.Linq,ParallelEnumerable,GroupBy,3,1,3
System.Linq,ParallelEnumerable,GroupBy,3,1,3
System.Linq,ParallelEnumerable,GroupBy,3,1,4
System.Linq,ParallelEnumerable,GroupBy,3,1,3
System.Linq,ParallelEnumerable,GroupBy,3,1,4
System.Linq,ParallelEnumerable,GroupBy,3,1,4
System.Linq,ParallelEnumerable,GroupBy,3,1,5
System.Linq,ParallelEnumerable,Aggregate,3,1,2
System.Linq,ParallelEnumerable,Aggregate,3,1,3
System.Linq,ParallelEnumerable,Aggregate,3,1,4
System.Linq,ParallelEnumerable,Aggregate,3,1,5
System.Linq,ParallelEnumerable,Aggregate,3,1,5
System.Linq,ParallelEnumerable,Count,3,1,1
System.Linq,ParallelEnumerable,Count,3,1,2
System.Linq,ParallelEnumerable,LongCount,3,1,1
System.Linq,ParallelEnumerable,LongCount,3,1,2
System.Linq,ParallelEnumerable,Sum,3,1,1
System.Linq,ParallelEnumerable,Sum,3,1,1
System.Linq,ParallelEnumerable,Sum,3,1,1
System.Linq,ParallelEnumerable,Sum,3,1,1
System.Linq,ParallelEnumerable,Sum,3,1,1
System.Linq,ParallelEnumerable,Sum,3,1,1
System.Linq,ParallelEnumerable,Sum,3,1,1
System.Linq,ParallelEnumerable,Sum,3,1,1
System.Linq,ParallelEnumerable,Sum,3,1,1
System.Linq,ParallelEnumerable,Sum,3,1,1
System.Linq,ParallelEnumerable,Sum,3,1,2
System.Linq,ParallelEnumerable,Sum,3,1,2
System.Linq,ParallelEnumerable,Sum,3,1,2
System.Linq,ParallelEnumerable,Sum,3,1,2
System.Linq,ParallelEnumerable,Sum,3,1,2
System.Linq,ParallelEnumerable,Sum,3,1,2
System.Linq,ParallelEnumerable,Sum,3,1,2
System.Linq,ParallelEnumerable,Sum,3,1,2
System.Linq,ParallelEnumerable,Sum,3,1,2
System.Linq,ParallelEnumerable,Sum,3,1,2
System.Linq,ParallelEnumerable,Min,3,1,1
System.Linq,ParallelEnumerable,Min,3,1,1
System.Linq,ParallelEnumerable,Min,3,1,1
System.Linq,ParallelEnumerable,Min,3,1,1
System.Linq,ParallelEnumerable,Min,3,1,1
System.Linq,ParallelEnumerable,Min,3,1,1
System.Linq,ParallelEnumerable,Min,3,1,1
System.Linq,ParallelEnumerable,Min,3,1,1
System.Linq,ParallelEnumerable,Min,3,1,1
System.Linq,ParallelEnumerable,Min,3,1,1
System.Linq,ParallelEnumerable,Min,3,1,1
System.Linq,ParallelEnumerable,Min,3,1,2
System.Linq,ParallelEnumerable,Min,3,1,2
System.Linq,ParallelEnumerable,Min,3,1,2
System.Linq,ParallelEnumerable,Min,3,1,2
System.Linq,ParallelEnumerable,Min,3,1,2
System.Linq,ParallelEnumerable,Min,3,1,2
System.Linq,ParallelEnumerable,Min,3,1,2
System.Linq,ParallelEnumerable,Min,3,1,2
System.Linq,ParallelEnumerable,Min,3,1,2
System.Linq,ParallelEnumerable,Min,3,1,2
System.Linq,ParallelEnumerable,Min,3,1,2
System.Linq,ParallelEnumerable,Max,3,1,1
System.Linq,ParallelEnumerable,Max,3,1,1
System.Linq,ParallelEnumerable,Max,3,1,1
System.Linq,ParallelEnumerable,Max,3,1,1
System.Linq,ParallelEnumerable,Max,3,1,1
System.Linq,ParallelEnumerable,Max,3,1,1
System.Linq,ParallelEnumerable,Max,3,1,1
System.Linq,ParallelEnumerable,Max,3,1,1
System.Linq,ParallelEnumerable,Max,3,1,1
System.Linq,ParallelEnumerable,Max,3,1,1
System.Linq,ParallelEnumerable,Max,3,1,1
System.Linq,ParallelEnumerable,Max,3,1,2
System.Linq,ParallelEnumerable,Max,3,1,2
System.Linq,ParallelEnumerable,Max,3,1,2
System.Linq,ParallelEnumerable,Max,3,1,2
System.Linq,ParallelEnumerable,Max,3,1,2
System.Linq,ParallelEnumerable,Max,3,1,2
System.Linq,ParallelEnumerable,Max,3,1,2
System.Linq,ParallelEnumerable,Max,3,1,2
System.Linq,ParallelEnumerable,Max,3,1,2
System.Linq,ParallelEnumerable,Max,3,1,2
System.Linq,ParallelEnumerable,Max,3,1,2
System.Linq,ParallelEnumerable,Average,3,1,1
System.Linq,ParallelEnumerable,Average,3,1,1
System.Linq,ParallelEnumerable,Average,3,1,1
System.Linq,ParallelEnumerable,Average,3,1,1
System.Linq,ParallelEnumerable,Average,3,1,1
System.Linq,ParallelEnumerable,Average,3,1,1
System.Linq,ParallelEnumerable,Average,3,1,1
System.Linq,ParallelEnumerable,Average,3,1,1
System.Linq,ParallelEnumerable,Average,3,1,1
System.Linq,ParallelEnumerable,Average,3,1,1
System.Linq,ParallelEnumerable,Average,3,1,2
System.Linq,ParallelEnumerable,Average,3,1,2
System.Linq,ParallelEnumerable,Average,3,1,2
System.Linq,ParallelEnumerable,Average,3,1,2
System.Linq,ParallelEnumerable,Average,3,1,2
System.Linq,ParallelEnumerable,Average,3,1,2
System.Linq,ParallelEnumerable,Average,3,1,2
System.Linq,ParallelEnumerable,Average,3,1,2
System.Linq,ParallelEnumerable,Average,3,1,2
System.Linq,ParallelEnumerable,Average,3,1,2
System.Linq,ParallelEnumerable,Any,3,1,2
System.Linq,ParallelEnumerable,Any,3,1,1
System.Linq,ParallelEnumerable,All,3,1,2
System.Linq,ParallelEnumerable,Contains,3,1,2
System.Linq,ParallelEnumerable,Contains,3,1,3
System.Linq,ParallelEnumerable,Take,3,1,2
System.Linq,ParallelEnumerable,TakeWhile,3,1,2
System.Linq,ParallelEnumerable,TakeWhile,3,1,2
System.Linq,ParallelEnumerable,Skip,3,1,2
System.Linq,ParallelEnumerable,SkipWhile,3,1,2
System.Linq,ParallelEnumerable,SkipWhile,3,1,2
System.Linq,ParallelEnumerable,Concat,3,1,2
System.Linq,ParallelEnumerable,Concat,3,1,2
System.Linq,ParallelEnumerable,SequenceEqual,3,1,2
System.Linq,ParallelEnumerable,SequenceEqual,3,1,2
System.Linq,ParallelEnumerable,SequenceEqual,3,1,3
System.Linq,ParallelEnumerable,SequenceEqual,3,1,3
System.Linq,ParallelEnumerable,Distinct,3,1,1
System.Linq,ParallelEnumerable,Distinct,3,1,2
System.Linq,ParallelEnumerable,Union,3,1,2
System.Linq,ParallelEnumerable,Union,3,1,2
System.Linq,ParallelEnumerable,Union,3,1,3
System.Linq,ParallelEnumerable,Union,3,1,3
System.Linq,ParallelEnumerable,Intersect,3,1,2
System.Linq,ParallelEnumerable,Intersect,3,1,2
System.Linq,ParallelEnumerable,Intersect,3,1,3
System.Linq,ParallelEnumerable,Intersect,3,1,3
System.Linq,ParallelEnumerable,Except,3,1,2
System.Linq,ParallelEnumerable,Except,3,1,2
System.Linq,ParallelEnumerable,Except,3,1,3
System.Linq,ParallelEnumerable,Except,3,1,3
System.Linq,ParallelEnumerable,AsEnumerable,3,1,1
System.Linq,ParallelEnumerable,ToArray,3,1,1
System.Linq,ParallelEnumerable,ToList,3,1,1
System.Linq,ParallelEnumerable,ToDictionary,3,1,2
System.Linq,ParallelEnumerable,ToDictionary,3,1,3
System.Linq,ParallelEnumerable,ToDictionary,3,1,3
System.Linq,ParallelEnumerable,ToDictionary,3,1,4
System.Linq,ParallelEnumerable,ToLookup,3,1,2
System.Linq,ParallelEnumerable,ToLookup,3,1,3
System.Linq,ParallelEnumerable,ToLookup,3,1,3
System.Linq,ParallelEnumerable,ToLookup,3,1,4
System.Linq,ParallelEnumerable,Reverse,3,1,1
System.Linq,ParallelEnumerable,OfType,3,1,1
System.Linq,ParallelEnumerable,Cast,3,1,1
System.Linq,ParallelEnumerable,First,3,1,1
System.Linq,ParallelEnumerable,First,3,1,2
System.Linq,ParallelEnumerable,FirstOrDefault,3,1,1
System.Linq,ParallelEnumerable,FirstOrDefault,3,1,2
System.Linq,ParallelEnumerable,Last,3,1,1
System.Linq,ParallelEnumerable,Last,3,1,2
System.Linq,ParallelEnumerable,LastOrDefault,3,1,1
System.Linq,ParallelEnumerable,LastOrDefault,3,1,2
System.Linq,ParallelEnumerable,Single,3,1,1
System.Linq,ParallelEnumerable,Single,3,1,2
System.Linq,ParallelEnumerable,SingleOrDefault,3,1,1
System.Linq,ParallelEnumerable,SingleOrDefault,3,1,2
System.Linq,ParallelEnumerable,DefaultIfEmpty,3,1,1
System.Linq,ParallelEnumerable,DefaultIfEmpty,3,1,2
System.Linq,ParallelEnumerable,ElementAt,3,1,2
System.Linq,ParallelEnumerable,ElementAtOrDefault,3,1,2
System.Linq,EnumerableQuery,EnumerableQuery,3,1,0
System.Linq,EnumerableQuery<T>,EnumerableQuery,3,1,1
System.Linq,EnumerableQuery<T>,EnumerableQuery,3,1,1
System.Linq,EnumerableQuery<T>,ToString,3,1,0
System.Linq,EnumerableQuery<T>,GetEnumerator,3,1,0
System.Linq,EnumerableQuery<T>,GetEnumerator,3,1,0
System.Linq,EnumerableQuery<T>,CreateQuery,3,1,1
System.Linq,EnumerableQuery<T>,CreateQuery,3,1,1
System.Linq,EnumerableQuery<T>,Execute,3,1,1
System.Linq,EnumerableQuery<T>,Execute,3,1,1
System.Linq,EnumerableExecutor,EnumerableExecutor,3,1,0
System.Linq,EnumerableExecutor<T>,EnumerableExecutor,3,1,1
System.Linq,ParallelQuery,GetEnumerator,3,1,0
System.Linq,ParallelQuery<TSource>,GetEnumerator,3,1,0
System.Linq,OrderedParallelQuery<TSource>,GetEnumerator,3,1,0
System.Runtime.CompilerServices,ExecutionScope,CreateHoistedLocals,3,1,0
System.Runtime.CompilerServices,ExecutionScope,CreateDelegate,3,1,2
System.Runtime.CompilerServices,ExecutionScope,IsolateExpression,3,1,2
System.Runtime.CompilerServices,DynamicAttribute,DynamicAttribute,3,1,0
System.Runtime.CompilerServices,DynamicAttribute,DynamicAttribute,3,1,1
System.Runtime.CompilerServices,CallSiteBinder,CallSiteBinder,3,1,0
System.Runtime.CompilerServices,CallSiteBinder,Bind,0,1,3
System.Runtime.CompilerServices,CallSiteBinder,BindDelegate,3,1,2
System.Runtime.CompilerServices,CallSiteBinder,CacheTarget,3,1,1
System.Runtime.CompilerServices,CallSite,Create,3,1,2
System.Runtime.CompilerServices,CallSite<T>,Create,3,1,1
System.Runtime.CompilerServices,CallSiteHelpers,IsInternalFrame,3,1,1
System.Runtime.CompilerServices,CallSiteOps,CreateMatchmaker,3,1,1
System.Runtime.CompilerServices,CallSiteOps,SetNotMatched,3,1,1
System.Runtime.CompilerServices,CallSiteOps,GetMatch,3,1,1
System.Runtime.CompilerServices,CallSiteOps,ClearMatch,3,1,1
System.Runtime.CompilerServices,CallSiteOps,AddRule,3,1,2
System.Runtime.CompilerServices,CallSiteOps,UpdateRules,3,1,2
System.Runtime.CompilerServices,CallSiteOps,GetRules,3,1,1
System.Runtime.CompilerServices,CallSiteOps,GetRuleCache,3,1,1
System.Runtime.CompilerServices,CallSiteOps,MoveRule,3,1,3
System.Runtime.CompilerServices,CallSiteOps,GetCachedRules,3,1,1
System.Runtime.CompilerServices,CallSiteOps,Bind,3,1,3
System.Runtime.CompilerServices,RuntimeOps,ExpandoTryGetValue,3,1,6
System.Runtime.CompilerServices,RuntimeOps,ExpandoTrySetValue,3,1,6
System.Runtime.CompilerServices,RuntimeOps,ExpandoTryDeleteValue,3,1,5
System.Runtime.CompilerServices,RuntimeOps,ExpandoCheckVersion,3,1,2
System.Runtime.CompilerServices,RuntimeOps,ExpandoPromoteClass,3,1,3
System.Runtime.CompilerServices,RuntimeOps,Quote,3,1,3
System.Runtime.CompilerServices,RuntimeOps,MergeRuntimeVariables,3,1,3
System.Runtime.CompilerServices,RuntimeOps,CreateRuntimeVariables,3,1,2
System.Runtime.CompilerServices,RuntimeOps,CreateRuntimeVariables,3,1,0
System.Runtime.CompilerServices,Closure,Closure,3,1,2
System.Runtime.CompilerServices,DebugInfoGenerator,CreatePdbGenerator,3,1,0
System.Runtime.CompilerServices,DebugInfoGenerator,MarkSequencePoint,0,1,3
System.Runtime.CompilerServices,DebugInfoGenerator,DebugInfoGenerator,3,1,0
System.Runtime.CompilerServices,ReadOnlyCollectionBuilder<T>,ReadOnlyCollectionBuilder,3,1,0
System.Runtime.CompilerServices,ReadOnlyCollectionBuilder<T>,ReadOnlyCollectionBuilder,3,1,1
System.Runtime.CompilerServices,ReadOnlyCollectionBuilder<T>,ReadOnlyCollectionBuilder,3,1,1
System.Runtime.CompilerServices,ReadOnlyCollectionBuilder<T>,IndexOf,3,1,1
System.Runtime.CompilerServices,ReadOnlyCollectionBuilder<T>,Insert,3,1,2
System.Runtime.CompilerServices,ReadOnlyCollectionBuilder<T>,RemoveAt,3,1,1
System.Runtime.CompilerServices,ReadOnlyCollectionBuilder<T>,Add,3,1,1
System.Runtime.CompilerServices,ReadOnlyCollectionBuilder<T>,Clear,3,1,0
System.Runtime.CompilerServices,ReadOnlyCollectionBuilder<T>,Contains,3,1,1
System.Runtime.CompilerServices,ReadOnlyCollectionBuilder<T>,CopyTo,3,1,2
System.Runtime.CompilerServices,ReadOnlyCollectionBuilder<T>,Remove,3,1,1
System.Runtime.CompilerServices,ReadOnlyCollectionBuilder<T>,GetEnumerator,3,1,0
System.Runtime.CompilerServices,ReadOnlyCollectionBuilder<T>,Reverse,3,1,0
System.Runtime.CompilerServices,ReadOnlyCollectionBuilder<T>,Reverse,3,1,2
System.Runtime.CompilerServices,ReadOnlyCollectionBuilder<T>,ToArray,3,1,0
System.Runtime.CompilerServices,ReadOnlyCollectionBuilder<T>,ToReadOnlyCollection,3,1,0
System.Runtime.CompilerServices,ReadOnlyCollectionBuilder<T>,IndexOf,3,1,1
System.Runtime.CompilerServices,ReadOnlyCollectionBuilder<T>,Insert,3,1,2
System.Runtime.CompilerServices,ReadOnlyCollectionBuilder<T>,RemoveAt,3,1,1
System.Runtime.CompilerServices,ReadOnlyCollectionBuilder<T>,Add,3,1,1
System.Runtime.CompilerServices,ReadOnlyCollectionBuilder<T>,Clear,3,1,0
System.Runtime.CompilerServices,ReadOnlyCollectionBuilder<T>,Contains,3,1,1
System.Runtime.CompilerServices,ReadOnlyCollectionBuilder<T>,CopyTo,3,1,2
System.Runtime.CompilerServices,ReadOnlyCollectionBuilder<T>,Remove,3,1,1
System.Runtime.CompilerServices,ReadOnlyCollectionBuilder<T>,GetEnumerator,3,1,0
System.Runtime.CompilerServices,ReadOnlyCollectionBuilder<T>,GetEnumerator,3,1,0
System.Runtime.CompilerServices,ReadOnlyCollectionBuilder<T>,Add,3,1,1
System.Runtime.CompilerServices,ReadOnlyCollectionBuilder<T>,Clear,3,1,0
System.Runtime.CompilerServices,ReadOnlyCollectionBuilder<T>,Contains,3,1,1
System.Runtime.CompilerServices,ReadOnlyCollectionBuilder<T>,IndexOf,3,1,1
System.Runtime.CompilerServices,ReadOnlyCollectionBuilder<T>,Insert,3,1,2
System.Runtime.CompilerServices,ReadOnlyCollectionBuilder<T>,Remove,3,1,1
System.Runtime.CompilerServices,ReadOnlyCollectionBuilder<T>,RemoveAt,3,1,1
System.Runtime.CompilerServices,ReadOnlyCollectionBuilder<T>,CopyTo,3,1,2
System.Runtime.CompilerServices,StrongBox<T>,StrongBox,3,1,0
System.Runtime.CompilerServices,StrongBox<T>,StrongBox,3,1,1
Microsoft.Win32.SafeHandles,SafeNCryptHandle,SafeNCryptHandle,3,1,0
Microsoft.Win32.SafeHandles,SafeNCryptHandle,ReleaseHandle,3,1,0
Microsoft.Win32.SafeHandles,SafeNCryptHandle,ReleaseNativeHandle,0,1,0
Microsoft.Win32.SafeHandles,SafeNCryptKeyHandle,ReleaseNativeHandle,3,1,0
Microsoft.Win32.SafeHandles,SafeNCryptKeyHandle,SafeNCryptKeyHandle,3,1,0
Microsoft.Win32.SafeHandles,SafeNCryptProviderHandle,ReleaseNativeHandle,3,1,0
Microsoft.Win32.SafeHandles,SafeNCryptProviderHandle,SafeNCryptProviderHandle,3,1,0
Microsoft.Win32.SafeHandles,SafeNCryptSecretHandle,ReleaseNativeHandle,3,1,0
Microsoft.Win32.SafeHandles,SafeNCryptSecretHandle,SafeNCryptSecretHandle,3,1,0
Microsoft.Win32.SafeHandles,SafePipeHandle,SafePipeHandle,3,1,2
Microsoft.Win32.SafeHandles,SafePipeHandle,ReleaseHandle,3,1,0
Microsoft.Win32.SafeHandles,SafeMemoryMappedFileHandle,SafeMemoryMappedFileHandle,2,1,0
Microsoft.Win32.SafeHandles,SafeMemoryMappedFileHandle,ReleaseHandle,3,1,0
Microsoft.Win32.SafeHandles,SafeMemoryMappedViewHandle,SafeMemoryMappedViewHandle,1,1,0
Microsoft.Win32.SafeHandles,SafeMemoryMappedViewHandle,ReleaseHandle,3,1,0
System.Security.Cryptography,AesCryptoServiceProvider,AesCryptoServiceProvider,3,1,0
System.Security.Cryptography,AesCryptoServiceProvider,CreateDecryptor,3,1,0
System.Security.Cryptography,AesCryptoServiceProvider,CreateDecryptor,3,1,2
System.Security.Cryptography,AesCryptoServiceProvider,CreateEncryptor,3,1,0
System.Security.Cryptography,AesCryptoServiceProvider,CreateEncryptor,3,1,2
System.Security.Cryptography,AesCryptoServiceProvider,Dispose,3,1,1
System.Security.Cryptography,AesCryptoServiceProvider,GenerateKey,3,1,0
System.Security.Cryptography,AesCryptoServiceProvider,GenerateIV,3,1,0
System.Security.Cryptography,AesManaged,AesManaged,3,1,0
System.Security.Cryptography,AesManaged,CreateDecryptor,3,1,0
System.Security.Cryptography,AesManaged,CreateDecryptor,3,1,2
System.Security.Cryptography,AesManaged,CreateEncryptor,3,1,0
System.Security.Cryptography,AesManaged,CreateEncryptor,3,1,2
System.Security.Cryptography,AesManaged,Dispose,3,1,1
System.Security.Cryptography,AesManaged,GenerateIV,3,1,0
System.Security.Cryptography,AesManaged,GenerateKey,3,1,0
System.Security.Cryptography,CngAlgorithm,CngAlgorithm,3,1,1
System.Security.Cryptography,CngAlgorithm,Equals,3,1,1
System.Security.Cryptography,CngAlgorithm,Equals,3,1,1
System.Security.Cryptography,CngAlgorithm,GetHashCode,3,1,0
System.Security.Cryptography,CngAlgorithm,ToString,3,1,0
System.Security.Cryptography,CngAlgorithmGroup,CngAlgorithmGroup,3,1,1
System.Security.Cryptography,CngAlgorithmGroup,Equals,3,1,1
System.Security.Cryptography,CngAlgorithmGroup,Equals,3,1,1
System.Security.Cryptography,CngAlgorithmGroup,GetHashCode,3,1,0
System.Security.Cryptography,CngAlgorithmGroup,ToString,3,1,0
System.Security.Cryptography,CngKey,Create,3,1,1
System.Security.Cryptography,CngKey,Create,3,1,2
System.Security.Cryptography,CngKey,Create,3,1,3
System.Security.Cryptography,CngKey,Delete,3,1,0
System.Security.Cryptography,CngKey,Dispose,3,1,0
System.Security.Cryptography,CngKey,Exists,3,1,1
System.Security.Cryptography,CngKey,Exists,3,1,2
System.Security.Cryptography,CngKey,Exists,3,1,3
System.Security.Cryptography,CngKey,Import,3,1,2
System.Security.Cryptography,CngKey,Import,3,1,3
System.Security.Cryptography,CngKey,Export,3,1,1
System.Security.Cryptography,CngKey,GetProperty,3,1,2
System.Security.Cryptography,CngKey,HasProperty,3,1,2
System.Security.Cryptography,CngKey,Open,3,1,1
System.Security.Cryptography,CngKey,Open,3,1,2
System.Security.Cryptography,CngKey,Open,3,1,3
System.Security.Cryptography,CngKey,Open,3,1,2
System.Security.Cryptography,CngKey,SetProperty,3,1,1
System.Security.Cryptography,CngKeyBlobFormat,CngKeyBlobFormat,3,1,1
System.Security.Cryptography,CngKeyBlobFormat,Equals,3,1,1
System.Security.Cryptography,CngKeyBlobFormat,Equals,3,1,1
System.Security.Cryptography,CngKeyBlobFormat,GetHashCode,3,1,0
System.Security.Cryptography,CngKeyBlobFormat,ToString,3,1,0
System.Security.Cryptography,CngKeyCreationParameters,CngKeyCreationParameters,3,1,0
System.Security.Cryptography,CngProperty,CngProperty,3,1,3
System.Security.Cryptography,CngProperty,GetValue,3,1,0
System.Security.Cryptography,CngProperty,Equals,3,1,1
System.Security.Cryptography,CngProperty,Equals,3,1,1
System.Security.Cryptography,CngProperty,GetHashCode,3,1,0
System.Security.Cryptography,CngPropertyCollection,CngPropertyCollection,3,1,0
System.Security.Cryptography,CngProvider,CngProvider,3,1,1
System.Security.Cryptography,CngProvider,Equals,3,1,1
System.Security.Cryptography,CngProvider,Equals,3,1,1
System.Security.Cryptography,CngProvider,GetHashCode,3,1,0
System.Security.Cryptography,CngProvider,ToString,3,1,0
System.Security.Cryptography,CngUIPolicy,CngUIPolicy,3,1,1
System.Security.Cryptography,CngUIPolicy,CngUIPolicy,3,1,2
System.Security.Cryptography,CngUIPolicy,CngUIPolicy,3,1,3
System.Security.Cryptography,CngUIPolicy,CngUIPolicy,3,1,4
System.Security.Cryptography,CngUIPolicy,CngUIPolicy,3,1,5
System.Security.Cryptography,ECDiffieHellman,Create,3,1,0
System.Security.Cryptography,ECDiffieHellman,Create,3,1,1
System.Security.Cryptography,ECDiffieHellman,DeriveKeyMaterial,0,1,1
System.Security.Cryptography,ECDiffieHellman,ECDiffieHellman,3,1,0
System.Security.Cryptography,ECDiffieHellmanPublicKey,ECDiffieHellmanPublicKey,3,1,1
System.Security.Cryptography,ECDiffieHellmanPublicKey,Dispose,3,1,0
System.Security.Cryptography,ECDiffieHellmanPublicKey,Dispose,3,1,1
System.Security.Cryptography,ECDiffieHellmanPublicKey,ToByteArray,3,1,0
System.Security.Cryptography,ECDiffieHellmanPublicKey,ToXmlString,0,1,0
System.Security.Cryptography,ECDiffieHellmanCng,ECDiffieHellmanCng,3,1,0
System.Security.Cryptography,ECDiffieHellmanCng,ECDiffieHellmanCng,3,1,1
System.Security.Cryptography,ECDiffieHellmanCng,ECDiffieHellmanCng,3,1,1
System.Security.Cryptography,ECDiffieHellmanCng,DeriveKeyMaterial,3,1,1
System.Security.Cryptography,ECDiffieHellmanCng,DeriveKeyMaterial,3,1,1
System.Security.Cryptography,ECDiffieHellmanCng,DeriveSecretAgreementHandle,3,1,1
System.Security.Cryptography,ECDiffieHellmanCng,DeriveSecretAgreementHandle,3,1,1
System.Security.Cryptography,ECDiffieHellmanCng,Dispose,3,1,1
System.Security.Cryptography,ECDiffieHellmanCng,FromXmlString,3,1,1
System.Security.Cryptography,ECDiffieHellmanCng,FromXmlString,3,1,2
System.Security.Cryptography,ECDiffieHellmanCng,ToXmlString,3,1,1
System.Security.Cryptography,ECDiffieHellmanCng,ToXmlString,3,1,1
System.Security.Cryptography,ECDiffieHellmanCngPublicKey,ECDiffieHellmanCngPublicKey,1,1,0
System.Security.Cryptography,ECDiffieHellmanCngPublicKey,Dispose,3,1,1
System.Security.Cryptography,ECDiffieHellmanCngPublicKey,FromByteArray,3,1,2
System.Security.Cryptography,ECDiffieHellmanCngPublicKey,FromXmlString,3,1,1
System.Security.Cryptography,ECDiffieHellmanCngPublicKey,Import,3,1,0
System.Security.Cryptography,ECDiffieHellmanCngPublicKey,ToXmlString,3,1,0
System.Security.Cryptography,ECDsa,Create,3,1,0
System.Security.Cryptography,ECDsa,Create,3,1,1
System.Security.Cryptography,ECDsa,SignHash,0,1,1
System.Security.Cryptography,ECDsa,VerifyHash,0,1,2
System.Security.Cryptography,ECDsa,ECDsa,3,1,0
System.Security.Cryptography,ECDsaCng,ECDsaCng,3,1,0
System.Security.Cryptography,ECDsaCng,ECDsaCng,3,1,1
System.Security.Cryptography,ECDsaCng,ECDsaCng,3,1,1
System.Security.Cryptography,ECDsaCng,Dispose,3,1,1
System.Security.Cryptography,ECDsaCng,FromXmlString,3,1,1
System.Security.Cryptography,ECDsaCng,FromXmlString,3,1,2
System.Security.Cryptography,ECDsaCng,SignData,3,1,1
System.Security.Cryptography,ECDsaCng,SignData,3,1,3
System.Security.Cryptography,ECDsaCng,SignData,3,1,1
System.Security.Cryptography,ECDsaCng,SignHash,3,1,1
System.Security.Cryptography,ECDsaCng,ToXmlString,3,1,1
System.Security.Cryptography,ECDsaCng,ToXmlString,3,1,1
System.Security.Cryptography,ECDsaCng,VerifyData,3,1,2
System.Security.Cryptography,ECDsaCng,VerifyData,3,1,4
System.Security.Cryptography,ECDsaCng,VerifyData,3,1,2
System.Security.Cryptography,ECDsaCng,VerifyHash,3,1,2
System.Security.Cryptography,ManifestSignatureInformation,VerifySignature,3,1,1
System.Security.Cryptography,ManifestSignatureInformation,VerifySignature,3,1,2
System.Security.Cryptography,ManifestSignatureInformation,VerifySignature,3,1,4
System.Security.Cryptography,ManifestSignatureInformationCollection,ManifestSignatureInformationCollection,2,1,0
System.Security.Cryptography,MD5Cng,MD5Cng,3,1,0
System.Security.Cryptography,MD5Cng,Dispose,3,1,1
System.Security.Cryptography,MD5Cng,Initialize,3,1,0
System.Security.Cryptography,MD5Cng,HashCore,3,1,3
System.Security.Cryptography,MD5Cng,HashFinal,3,1,0
System.Security.Cryptography,SHA1Cng,SHA1Cng,3,1,0
System.Security.Cryptography,SHA1Cng,Dispose,3,1,1
System.Security.Cryptography,SHA1Cng,Initialize,3,1,0
System.Security.Cryptography,SHA1Cng,HashCore,3,1,3
System.Security.Cryptography,SHA1Cng,HashFinal,3,1,0
System.Security.Cryptography,SHA256Cng,SHA256Cng,3,1,0
System.Security.Cryptography,SHA256Cng,Dispose,3,1,1
System.Security.Cryptography,SHA256Cng,Initialize,3,1,0
System.Security.Cryptography,SHA256Cng,HashCore,3,1,3
System.Security.Cryptography,SHA256Cng,HashFinal,3,1,0
System.Security.Cryptography,SHA256CryptoServiceProvider,SHA256CryptoServiceProvider,3,1,0
System.Security.Cryptography,SHA256CryptoServiceProvider,Dispose,3,1,1
System.Security.Cryptography,SHA256CryptoServiceProvider,Initialize,3,1,0
System.Security.Cryptography,SHA256CryptoServiceProvider,HashCore,3,1,3
System.Security.Cryptography,SHA256CryptoServiceProvider,HashFinal,3,1,0
System.Security.Cryptography,SHA384Cng,SHA384Cng,3,1,0
System.Security.Cryptography,SHA384Cng,Dispose,3,1,1
System.Security.Cryptography,SHA384Cng,Initialize,3,1,0
System.Security.Cryptography,SHA384Cng,HashCore,3,1,3
System.Security.Cryptography,SHA384Cng,HashFinal,3,1,0
System.Security.Cryptography,SHA384CryptoServiceProvider,SHA384CryptoServiceProvider,3,1,0
System.Security.Cryptography,SHA384CryptoServiceProvider,Dispose,3,1,1
System.Security.Cryptography,SHA384CryptoServiceProvider,Initialize,3,1,0
System.Security.Cryptography,SHA384CryptoServiceProvider,HashCore,3,1,3
System.Security.Cryptography,SHA384CryptoServiceProvider,HashFinal,3,1,0
System.Security.Cryptography,SHA512Cng,SHA512Cng,3,1,0
System.Security.Cryptography,SHA512Cng,Dispose,3,1,1
System.Security.Cryptography,SHA512Cng,Initialize,3,1,0
System.Security.Cryptography,SHA512Cng,HashCore,3,1,3
System.Security.Cryptography,SHA512Cng,HashFinal,3,1,0
System.Security.Cryptography,SHA512CryptoServiceProvider,SHA512CryptoServiceProvider,3,1,0
System.Security.Cryptography,SHA512CryptoServiceProvider,Dispose,3,1,1
System.Security.Cryptography,SHA512CryptoServiceProvider,Initialize,3,1,0
System.Security.Cryptography,SHA512CryptoServiceProvider,HashCore,3,1,3
System.Security.Cryptography,SHA512CryptoServiceProvider,HashFinal,3,1,0
System.Dynamic,DynamicMetaObjectBinder,DynamicMetaObjectBinder,3,1,0
System.Dynamic,DynamicMetaObjectBinder,Bind,3,1,3
System.Dynamic,DynamicMetaObjectBinder,Bind,0,1,2
System.Dynamic,DynamicMetaObjectBinder,GetUpdateExpression,3,1,1
System.Dynamic,DynamicMetaObjectBinder,Defer,3,1,2
System.Dynamic,DynamicMetaObjectBinder,Defer,3,1,1
System.Dynamic,BinaryOperationBinder,BinaryOperationBinder,3,1,1
System.Dynamic,BinaryOperationBinder,FallbackBinaryOperation,3,1,2
System.Dynamic,BinaryOperationBinder,FallbackBinaryOperation,0,1,3
System.Dynamic,BinaryOperationBinder,Bind,3,1,2
System.Dynamic,BindingRestrictions,Merge,3,1,1
System.Dynamic,BindingRestrictions,GetTypeRestriction,3,1,2
System.Dynamic,BindingRestrictions,GetInstanceRestriction,3,1,2
System.Dynamic,BindingRestrictions,GetExpressionRestriction,3,1,1
System.Dynamic,BindingRestrictions,Combine,3,1,1
System.Dynamic,BindingRestrictions,ToExpression,3,1,0
System.Dynamic,CallInfo,CallInfo,3,1,2
System.Dynamic,CallInfo,CallInfo,3,1,2
System.Dynamic,CallInfo,GetHashCode,3,1,0
System.Dynamic,CallInfo,Equals,3,1,1
System.Dynamic,ConvertBinder,ConvertBinder,3,1,2
System.Dynamic,ConvertBinder,FallbackConvert,3,1,1
System.Dynamic,ConvertBinder,FallbackConvert,0,1,2
System.Dynamic,ConvertBinder,Bind,3,1,2
System.Dynamic,CreateInstanceBinder,CreateInstanceBinder,3,1,1
System.Dynamic,CreateInstanceBinder,FallbackCreateInstance,3,1,2
System.Dynamic,CreateInstanceBinder,FallbackCreateInstance,0,1,3
System.Dynamic,CreateInstanceBinder,Bind,3,1,2
System.Dynamic,DeleteIndexBinder,DeleteIndexBinder,3,1,1
System.Dynamic,DeleteIndexBinder,Bind,3,1,2
System.Dynamic,DeleteIndexBinder,FallbackDeleteIndex,3,1,2
System.Dynamic,DeleteIndexBinder,FallbackDeleteIndex,0,1,3
System.Dynamic,DeleteMemberBinder,DeleteMemberBinder,3,1,2
System.Dynamic,DeleteMemberBinder,FallbackDeleteMember,3,1,1
System.Dynamic,DeleteMemberBinder,FallbackDeleteMember,0,1,2
System.Dynamic,DeleteMemberBinder,Bind,3,1,2
System.Dynamic,DynamicMetaObject,DynamicMetaObject,3,1,2
System.Dynamic,DynamicMetaObject,DynamicMetaObject,3,1,3
System.Dynamic,DynamicMetaObject,BindConvert,3,1,1
System.Dynamic,DynamicMetaObject,BindGetMember,3,1,1
System.Dynamic,DynamicMetaObject,BindSetMember,3,1,2
System.Dynamic,DynamicMetaObject,BindDeleteMember,3,1,1
System.Dynamic,DynamicMetaObject,BindGetIndex,3,1,2
System.Dynamic,DynamicMetaObject,BindSetIndex,3,1,3
System.Dynamic,DynamicMetaObject,BindDeleteIndex,3,1,2
System.Dynamic,DynamicMetaObject,BindInvokeMember,3,1,2
System.Dynamic,DynamicMetaObject,BindInvoke,3,1,2
System.Dynamic,DynamicMetaObject,BindCreateInstance,3,1,2
System.Dynamic,DynamicMetaObject,BindUnaryOperation,3,1,1
System.Dynamic,DynamicMetaObject,BindBinaryOperation,3,1,2
System.Dynamic,DynamicMetaObject,GetDynamicMemberNames,3,1,0
System.Dynamic,DynamicMetaObject,Create,3,1,2
System.Dynamic,IDynamicMetaObjectProvider,GetMetaObject,0,1,1
System.Dynamic,DynamicObject,DynamicObject,3,1,0
System.Dynamic,DynamicObject,TryGetMember,3,1,2
System.Dynamic,DynamicObject,TrySetMember,3,1,2
System.Dynamic,DynamicObject,TryDeleteMember,3,1,1
System.Dynamic,DynamicObject,TryInvokeMember,3,1,3
System.Dynamic,DynamicObject,TryConvert,3,1,2
System.Dynamic,DynamicObject,TryCreateInstance,3,1,3
System.Dynamic,DynamicObject,TryInvoke,3,1,3
System.Dynamic,DynamicObject,TryBinaryOperation,3,1,3
System.Dynamic,DynamicObject,TryUnaryOperation,3,1,2
System.Dynamic,DynamicObject,TryGetIndex,3,1,3
System.Dynamic,DynamicObject,TrySetIndex,3,1,3
System.Dynamic,DynamicObject,TryDeleteIndex,3,1,2
System.Dynamic,DynamicObject,GetDynamicMemberNames,3,1,0
System.Dynamic,DynamicObject,GetMetaObject,3,1,1
System.Dynamic,GetMemberBinder,GetMemberBinder,3,1,2
System.Dynamic,GetMemberBinder,FallbackGetMember,3,1,1
System.Dynamic,GetMemberBinder,FallbackGetMember,0,1,2
System.Dynamic,GetMemberBinder,Bind,3,1,2
System.Dynamic,ExpandoObject,ExpandoObject,3,1,0
System.Dynamic,ExpandoObject,GetMetaObject,3,1,1
System.Dynamic,ExpandoObject,Add,3,1,2
System.Dynamic,ExpandoObject,ContainsKey,3,1,1
System.Dynamic,ExpandoObject,Remove,3,1,1
System.Dynamic,ExpandoObject,TryGetValue,3,1,2
System.Dynamic,ExpandoObject,Add,3,1,1
System.Dynamic,ExpandoObject,Clear,3,1,0
System.Dynamic,ExpandoObject,Contains,3,1,1
System.Dynamic,ExpandoObject,CopyTo,3,1,2
System.Dynamic,ExpandoObject,Remove,3,1,1
System.Dynamic,ExpandoObject,GetEnumerator,3,1,0
System.Dynamic,ExpandoObject,GetEnumerator,3,1,0
System.Dynamic,GetIndexBinder,GetIndexBinder,3,1,1
System.Dynamic,GetIndexBinder,Bind,3,1,2
System.Dynamic,GetIndexBinder,FallbackGetIndex,3,1,2
System.Dynamic,GetIndexBinder,FallbackGetIndex,0,1,3
System.Dynamic,InvokeBinder,InvokeBinder,3,1,1
System.Dynamic,InvokeBinder,FallbackInvoke,3,1,2
System.Dynamic,InvokeBinder,FallbackInvoke,0,1,3
System.Dynamic,InvokeBinder,Bind,3,1,2
System.Dynamic,InvokeMemberBinder,InvokeMemberBinder,3,1,3
System.Dynamic,InvokeMemberBinder,Bind,3,1,2
System.Dynamic,InvokeMemberBinder,FallbackInvokeMember,3,1,2
System.Dynamic,InvokeMemberBinder,FallbackInvokeMember,0,1,3
System.Dynamic,InvokeMemberBinder,FallbackInvoke,0,1,3
System.Dynamic,SetIndexBinder,SetIndexBinder,3,1,1
System.Dynamic,SetIndexBinder,Bind,3,1,2
System.Dynamic,SetIndexBinder,FallbackSetIndex,3,1,3
System.Dynamic,SetIndexBinder,FallbackSetIndex,0,1,4
System.Dynamic,SetMemberBinder,SetMemberBinder,3,1,2
System.Dynamic,SetMemberBinder,Bind,3,1,2
System.Dynamic,SetMemberBinder,FallbackSetMember,3,1,2
System.Dynamic,SetMemberBinder,FallbackSetMember,0,1,3
System.Dynamic,UnaryOperationBinder,UnaryOperationBinder,3,1,1
System.Dynamic,UnaryOperationBinder,FallbackUnaryOperation,3,1,1
System.Dynamic,UnaryOperationBinder,FallbackUnaryOperation,0,1,2
System.Dynamic,UnaryOperationBinder,Bind,3,1,2
System.Linq.Expressions,ExpressionVisitor,ExpressionVisitor,3,1,0
System.Linq.Expressions,ExpressionVisitor,Visit,3,1,1
System.Linq.Expressions,ExpressionVisitor,Visit,3,1,1
System.Linq.Expressions,ExpressionVisitor,Visit,3,1,2
System.Linq.Expressions,ExpressionVisitor,VisitAndConvert,3,1,2
System.Linq.Expressions,ExpressionVisitor,VisitAndConvert,3,1,2
System.Linq.Expressions,ExpressionVisitor,VisitBinary,3,1,1
System.Linq.Expressions,ExpressionVisitor,VisitBlock,3,1,1
System.Linq.Expressions,ExpressionVisitor,VisitConditional,3,1,1
System.Linq.Expressions,ExpressionVisitor,VisitConstant,3,1,1
System.Linq.Expressions,ExpressionVisitor,VisitDebugInfo,3,1,1
System.Linq.Expressions,ExpressionVisitor,VisitDynamic,3,1,1
System.Linq.Expressions,ExpressionVisitor,VisitDefault,3,1,1
System.Linq.Expressions,ExpressionVisitor,VisitExtension,3,1,1
System.Linq.Expressions,ExpressionVisitor,VisitGoto,3,1,1
System.Linq.Expressions,ExpressionVisitor,VisitInvocation,3,1,1
System.Linq.Expressions,ExpressionVisitor,VisitLabelTarget,3,1,1
System.Linq.Expressions,ExpressionVisitor,VisitLabel,3,1,1
System.Linq.Expressions,ExpressionVisitor,VisitLambda,3,1,1
System.Linq.Expressions,ExpressionVisitor,VisitLoop,3,1,1
System.Linq.Expressions,ExpressionVisitor,VisitMember,3,1,1
System.Linq.Expressions,ExpressionVisitor,VisitIndex,3,1,1
System.Linq.Expressions,ExpressionVisitor,VisitMethodCall,3,1,1
System.Linq.Expressions,ExpressionVisitor,VisitNewArray,3,1,1
System.Linq.Expressions,ExpressionVisitor,VisitNew,3,1,1
System.Linq.Expressions,ExpressionVisitor,VisitParameter,3,1,1
System.Linq.Expressions,ExpressionVisitor,VisitRuntimeVariables,3,1,1
System.Linq.Expressions,ExpressionVisitor,VisitSwitchCase,3,1,1
System.Linq.Expressions,ExpressionVisitor,VisitSwitch,3,1,1
System.Linq.Expressions,ExpressionVisitor,VisitCatchBlock,3,1,1
System.Linq.Expressions,ExpressionVisitor,VisitTry,3,1,1
System.Linq.Expressions,ExpressionVisitor,VisitTypeBinary,3,1,1
System.Linq.Expressions,ExpressionVisitor,VisitUnary,3,1,1
System.Linq.Expressions,ExpressionVisitor,VisitMemberInit,3,1,1
System.Linq.Expressions,ExpressionVisitor,VisitListInit,3,1,1
System.Linq.Expressions,ExpressionVisitor,VisitElementInit,3,1,1
System.Linq.Expressions,ExpressionVisitor,VisitMemberBinding,3,1,1
System.Linq.Expressions,ExpressionVisitor,VisitMemberAssignment,3,1,1
System.Linq.Expressions,ExpressionVisitor,VisitMemberMemberBinding,3,1,1
System.Linq.Expressions,ExpressionVisitor,VisitMemberListBinding,3,1,1
System.Linq.Expressions,Expression,Assign,3,1,2
System.Linq.Expressions,Expression,MakeBinary,3,1,3
System.Linq.Expressions,Expression,MakeBinary,3,1,5
System.Linq.Expressions,Expression,MakeBinary,3,1,6
System.Linq.Expressions,Expression,Equal,3,1,2
System.Linq.Expressions,Expression,Equal,3,1,4
System.Linq.Expressions,Expression,ReferenceEqual,3,1,2
System.Linq.Expressions,Expression,NotEqual,3,1,2
System.Linq.Expressions,Expression,NotEqual,3,1,4
System.Linq.Expressions,Expression,ReferenceNotEqual,3,1,2
System.Linq.Expressions,Expression,GreaterThan,3,1,2
System.Linq.Expressions,Expression,GreaterThan,3,1,4
System.Linq.Expressions,Expression,LessThan,3,1,2
System.Linq.Expressions,Expression,LessThan,3,1,4
System.Linq.Expressions,Expression,GreaterThanOrEqual,3,1,2
System.Linq.Expressions,Expression,GreaterThanOrEqual,3,1,4
System.Linq.Expressions,Expression,LessThanOrEqual,3,1,2
System.Linq.Expressions,Expression,LessThanOrEqual,3,1,4
System.Linq.Expressions,Expression,AndAlso,3,1,2
System.Linq.Expressions,Expression,AndAlso,3,1,3
System.Linq.Expressions,Expression,OrElse,3,1,2
System.Linq.Expressions,Expression,OrElse,3,1,3
System.Linq.Expressions,Expression,Coalesce,3,1,2
System.Linq.Expressions,Expression,Coalesce,3,1,3
System.Linq.Expressions,Expression,Add,3,1,2
System.Linq.Expressions,Expression,Add,3,1,3
System.Linq.Expressions,Expression,AddAssign,3,1,2
System.Linq.Expressions,Expression,AddAssign,3,1,3
System.Linq.Expressions,Expression,AddAssign,3,1,4
System.Linq.Expressions,Expression,AddAssignChecked,3,1,2
System.Linq.Expressions,Expression,AddAssignChecked,3,1,3
System.Linq.Expressions,Expression,AddAssignChecked,3,1,4
System.Linq.Expressions,Expression,AddChecked,3,1,2
System.Linq.Expressions,Expression,AddChecked,3,1,3
System.Linq.Expressions,Expression,Subtract,3,1,2
System.Linq.Expressions,Expression,Subtract,3,1,3
System.Linq.Expressions,Expression,SubtractAssign,3,1,2
System.Linq.Expressions,Expression,SubtractAssign,3,1,3
System.Linq.Expressions,Expression,SubtractAssign,3,1,4
System.Linq.Expressions,Expression,SubtractAssignChecked,3,1,2
System.Linq.Expressions,Expression,SubtractAssignChecked,3,1,3
System.Linq.Expressions,Expression,SubtractAssignChecked,3,1,4
System.Linq.Expressions,Expression,SubtractChecked,3,1,2
System.Linq.Expressions,Expression,SubtractChecked,3,1,3
System.Linq.Expressions,Expression,Divide,3,1,2
System.Linq.Expressions,Expression,Divide,3,1,3
System.Linq.Expressions,Expression,DivideAssign,3,1,2
System.Linq.Expressions,Expression,DivideAssign,3,1,3
System.Linq.Expressions,Expression,DivideAssign,3,1,4
System.Linq.Expressions,Expression,Modulo,3,1,2
System.Linq.Expressions,Expression,Modulo,3,1,3
System.Linq.Expressions,Expression,ModuloAssign,3,1,2
System.Linq.Expressions,Expression,ModuloAssign,3,1,3
System.Linq.Expressions,Expression,ModuloAssign,3,1,4
System.Linq.Expressions,Expression,Multiply,3,1,2
System.Linq.Expressions,Expression,Multiply,3,1,3
System.Linq.Expressions,Expression,MultiplyAssign,3,1,2
System.Linq.Expressions,Expression,MultiplyAssign,3,1,3
System.Linq.Expressions,Expression,MultiplyAssign,3,1,4
System.Linq.Expressions,Expression,MultiplyAssignChecked,3,1,2
System.Linq.Expressions,Expression,MultiplyAssignChecked,3,1,3
System.Linq.Expressions,Expression,MultiplyAssignChecked,3,1,4
System.Linq.Expressions,Expression,MultiplyChecked,3,1,2
System.Linq.Expressions,Expression,MultiplyChecked,3,1,3
System.Linq.Expressions,Expression,LeftShift,3,1,2
System.Linq.Expressions,Expression,LeftShift,3,1,3
System.Linq.Expressions,Expression,LeftShiftAssign,3,1,2
System.Linq.Expressions,Expression,LeftShiftAssign,3,1,3
System.Linq.Expressions,Expression,LeftShiftAssign,3,1,4
System.Linq.Expressions,Expression,RightShift,3,1,2
System.Linq.Expressions,Expression,RightShift,3,1,3
System.Linq.Expressions,Expression,RightShiftAssign,3,1,2
System.Linq.Expressions,Expression,RightShiftAssign,3,1,3
System.Linq.Expressions,Expression,RightShiftAssign,3,1,4
System.Linq.Expressions,Expression,And,3,1,2
System.Linq.Expressions,Expression,And,3,1,3
System.Linq.Expressions,Expression,AndAssign,3,1,2
System.Linq.Expressions,Expression,AndAssign,3,1,3
System.Linq.Expressions,Expression,AndAssign,3,1,4
System.Linq.Expressions,Expression,Or,3,1,2
System.Linq.Expressions,Expression,Or,3,1,3
System.Linq.Expressions,Expression,OrAssign,3,1,2
System.Linq.Expressions,Expression,OrAssign,3,1,3
System.Linq.Expressions,Expression,OrAssign,3,1,4
System.Linq.Expressions,Expression,ExclusiveOr,3,1,2
System.Linq.Expressions,Expression,ExclusiveOr,3,1,3
System.Linq.Expressions,Expression,ExclusiveOrAssign,3,1,2
System.Linq.Expressions,Expression,ExclusiveOrAssign,3,1,3
System.Linq.Expressions,Expression,ExclusiveOrAssign,3,1,4
System.Linq.Expressions,Expression,Power,3,1,2
System.Linq.Expressions,Expression,Power,3,1,3
System.Linq.Expressions,Expression,PowerAssign,3,1,2
System.Linq.Expressions,Expression,PowerAssign,3,1,3
System.Linq.Expressions,Expression,PowerAssign,3,1,4
System.Linq.Expressions,Expression,ArrayIndex,3,1,2
System.Linq.Expressions,Expression,Block,3,1,2
System.Linq.Expressions,Expression,Block,3,1,3
System.Linq.Expressions,Expression,Block,3,1,4
System.Linq.Expressions,Expression,Block,3,1,5
System.Linq.Expressions,Expression,Block,3,1,1
System.Linq.Expressions,Expression,Block,3,1,1
System.Linq.Expressions,Expression,Block,3,1,2
System.Linq.Expressions,Expression,Block,3,1,2
System.Linq.Expressions,Expression,Block,3,1,2
System.Linq.Expressions,Expression,Block,3,1,3
System.Linq.Expressions,Expression,Block,3,1,2
System.Linq.Expressions,Expression,Block,3,1,3
System.Linq.Expressions,Expression,Catch,3,1,2
System.Linq.Expressions,Expression,Catch,3,1,2
System.Linq.Expressions,Expression,Catch,3,1,3
System.Linq.Expressions,Expression,Catch,3,1,3
System.Linq.Expressions,Expression,MakeCatchBlock,3,1,4
System.Linq.Expressions,Expression,Condition,3,1,3
System.Linq.Expressions,Expression,Condition,3,1,4
System.Linq.Expressions,Expression,IfThen,3,1,2
System.Linq.Expressions,Expression,IfThenElse,3,1,3
System.Linq.Expressions,Expression,Constant,3,1,1
System.Linq.Expressions,Expression,Constant,3,1,2
System.Linq.Expressions,Expression,DebugInfo,3,1,5
System.Linq.Expressions,Expression,ClearDebugInfo,3,1,1
System.Linq.Expressions,Expression,Empty,3,1,0
System.Linq.Expressions,Expression,Default,3,1,1
System.Linq.Expressions,Expression,MakeDynamic,3,1,3
System.Linq.Expressions,Expression,MakeDynamic,3,1,3
System.Linq.Expressions,Expression,MakeDynamic,3,1,3
System.Linq.Expressions,Expression,MakeDynamic,3,1,4
System.Linq.Expressions,Expression,MakeDynamic,3,1,5
System.Linq.Expressions,Expression,MakeDynamic,3,1,6
System.Linq.Expressions,Expression,Dynamic,3,1,3
System.Linq.Expressions,Expression,Dynamic,3,1,3
System.Linq.Expressions,Expression,Dynamic,3,1,4
System.Linq.Expressions,Expression,Dynamic,3,1,5
System.Linq.Expressions,Expression,Dynamic,3,1,6
System.Linq.Expressions,Expression,Dynamic,3,1,3
System.Linq.Expressions,Expression,ElementInit,3,1,2
System.Linq.Expressions,Expression,ElementInit,3,1,2
System.Linq.Expressions,Expression,Expression,3,1,2
System.Linq.Expressions,Expression,Expression,3,1,0
System.Linq.Expressions,Expression,Reduce,3,1,0
System.Linq.Expressions,Expression,VisitChildren,3,1,1
System.Linq.Expressions,Expression,Accept,3,1,1
System.Linq.Expressions,Expression,ReduceAndCheck,3,1,0
System.Linq.Expressions,Expression,ReduceExtensions,3,1,0
System.Linq.Expressions,Expression,ToString,3,1,0
System.Linq.Expressions,Expression,Break,3,1,1
System.Linq.Expressions,Expression,Break,3,1,2
System.Linq.Expressions,Expression,Break,3,1,2
System.Linq.Expressions,Expression,Break,3,1,3
System.Linq.Expressions,Expression,Continue,3,1,1
System.Linq.Expressions,Expression,Continue,3,1,2
System.Linq.Expressions,Expression,Return,3,1,1
System.Linq.Expressions,Expression,Return,3,1,2
System.Linq.Expressions,Expression,Return,3,1,2
System.Linq.Expressions,Expression,Return,3,1,3
System.Linq.Expressions,Expression,Goto,3,1,1
System.Linq.Expressions,Expression,Goto,3,1,2
System.Linq.Expressions,Expression,Goto,3,1,2
System.Linq.Expressions,Expression,Goto,3,1,3
System.Linq.Expressions,Expression,MakeGoto,3,1,4
System.Linq.Expressions,Expression,MakeIndex,3,1,3
System.Linq.Expressions,Expression,ArrayAccess,3,1,2
System.Linq.Expressions,Expression,ArrayAccess,3,1,2
System.Linq.Expressions,Expression,Property,3,1,3
System.Linq.Expressions,Expression,Property,3,1,3
System.Linq.Expressions,Expression,Property,3,1,3
System.Linq.Expressions,Expression,Invoke,3,1,2
System.Linq.Expressions,Expression,Invoke,3,1,2
System.Linq.Expressions,Expression,Label,3,1,1
System.Linq.Expressions,Expression,Label,3,1,2
System.Linq.Expressions,Expression,Label,3,1,0
System.Linq.Expressions,Expression,Label,3,1,1
System.Linq.Expressions,Expression,Label,3,1,1
System.Linq.Expressions,Expression,Label,3,1,2
System.Linq.Expressions,Expression,Lambda,3,1,2
System.Linq.Expressions,Expression,Lambda,3,1,3
System.Linq.Expressions,Expression,Lambda,3,1,2
System.Linq.Expressions,Expression,Lambda,3,1,3
System.Linq.Expressions,Expression,Lambda,3,1,3
System.Linq.Expressions,Expression,Lambda,3,1,4
System.Linq.Expressions,Expression,Lambda,3,1,2
System.Linq.Expressions,Expression,Lambda,3,1,3
System.Linq.Expressions,Expression,Lambda,3,1,2
System.Linq.Expressions,Expression,Lambda,3,1,3
System.Linq.Expressions,Expression,Lambda,3,1,3
System.Linq.Expressions,Expression,Lambda,3,1,4
System.Linq.Expressions,Expression,Lambda,3,1,3
System.Linq.Expressions,Expression,Lambda,3,1,4
System.Linq.Expressions,Expression,Lambda,3,1,3
System.Linq.Expressions,Expression,Lambda,3,1,4
System.Linq.Expressions,Expression,Lambda,3,1,4
System.Linq.Expressions,Expression,Lambda,3,1,5
System.Linq.Expressions,Expression,GetFuncType,3,1,1
System.Linq.Expressions,Expression,TryGetFuncType,3,1,2
System.Linq.Expressions,Expression,GetActionType,3,1,1
System.Linq.Expressions,Expression,TryGetActionType,3,1,2
System.Linq.Expressions,Expression,GetDelegateType,3,1,1
System.Linq.Expressions,Expression,ListInit,3,1,2
System.Linq.Expressions,Expression,ListInit,3,1,2
System.Linq.Expressions,Expression,ListInit,3,1,3
System.Linq.Expressions,Expression,ListInit,3,1,3
System.Linq.Expressions,Expression,ListInit,3,1,2
System.Linq.Expressions,Expression,ListInit,3,1,2
System.Linq.Expressions,Expression,Loop,3,1,1
System.Linq.Expressions,Expression,Loop,3,1,2
System.Linq.Expressions,Expression,Loop,3,1,3
System.Linq.Expressions,Expression,Bind,3,1,2
System.Linq.Expressions,Expression,Bind,3,1,2
System.Linq.Expressions,Expression,Field,3,1,2
System.Linq.Expressions,Expression,Field,3,1,2
System.Linq.Expressions,Expression,Field,3,1,3
System.Linq.Expressions,Expression,Property,3,1,2
System.Linq.Expressions,Expression,Property,3,1,3
System.Linq.Expressions,Expression,Property,3,1,2
System.Linq.Expressions,Expression,Property,3,1,2
System.Linq.Expressions,Expression,PropertyOrField,3,1,2
System.Linq.Expressions,Expression,MakeMemberAccess,3,1,2
System.Linq.Expressions,Expression,MemberInit,3,1,2
System.Linq.Expressions,Expression,MemberInit,3,1,2
System.Linq.Expressions,Expression,ListBind,3,1,2
System.Linq.Expressions,Expression,ListBind,3,1,2
System.Linq.Expressions,Expression,ListBind,3,1,2
System.Linq.Expressions,Expression,ListBind,3,1,2
System.Linq.Expressions,Expression,MemberBind,3,1,2
System.Linq.Expressions,Expression,MemberBind,3,1,2
System.Linq.Expressions,Expression,MemberBind,3,1,2
System.Linq.Expressions,Expression,MemberBind,3,1,2
System.Linq.Expressions,Expression,Call,3,1,2
System.Linq.Expressions,Expression,Call,3,1,3
System.Linq.Expressions,Expression,Call,3,1,4
System.Linq.Expressions,Expression,Call,3,1,5
System.Linq.Expressions,Expression,Call,3,1,6
System.Linq.Expressions,Expression,Call,3,1,2
System.Linq.Expressions,Expression,Call,3,1,2
System.Linq.Expressions,Expression,Call,3,1,2
System.Linq.Expressions,Expression,Call,3,1,3
System.Linq.Expressions,Expression,Call,3,1,4
System.Linq.Expressions,Expression,Call,3,1,5
System.Linq.Expressions,Expression,Call,3,1,4
System.Linq.Expressions,Expression,Call,3,1,4
System.Linq.Expressions,Expression,Call,3,1,3
System.Linq.Expressions,Expression,ArrayIndex,3,1,2
System.Linq.Expressions,Expression,ArrayIndex,3,1,2
System.Linq.Expressions,Expression,NewArrayInit,3,1,2
System.Linq.Expressions,Expression,NewArrayInit,3,1,2
System.Linq.Expressions,Expression,NewArrayBounds,3,1,2
System.Linq.Expressions,Expression,NewArrayBounds,3,1,2
System.Linq.Expressions,Expression,New,3,1,1
System.Linq.Expressions,Expression,New,3,1,2
System.Linq.Expressions,Expression,New,3,1,2
System.Linq.Expressions,Expression,New,3,1,3
System.Linq.Expressions,Expression,New,3,1,3
System.Linq.Expressions,Expression,New,3,1,1
System.Linq.Expressions,Expression,Parameter,3,1,1
System.Linq.Expressions,Expression,Variable,3,1,1
System.Linq.Expressions,Expression,Parameter,3,1,2
System.Linq.Expressions,Expression,Variable,3,1,2
System.Linq.Expressions,Expression,RuntimeVariables,3,1,1
System.Linq.Expressions,Expression,RuntimeVariables,3,1,1
System.Linq.Expressions,Expression,SwitchCase,3,1,2
System.Linq.Expressions,Expression,SwitchCase,3,1,2
System.Linq.Expressions,Expression,Switch,3,1,2
System.Linq.Expressions,Expression,Switch,3,1,3
System.Linq.Expressions,Expression,Switch,3,1,4
System.Linq.Expressions,Expression,Switch,3,1,5
System.Linq.Expressions,Expression,Switch,3,1,4
System.Linq.Expressions,Expression,Switch,3,1,5
System.Linq.Expressions,Expression,SymbolDocument,3,1,1
System.Linq.Expressions,Expression,SymbolDocument,3,1,2
System.Linq.Expressions,Expression,SymbolDocument,3,1,3
System.Linq.Expressions,Expression,SymbolDocument,3,1,4
System.Linq.Expressions,Expression,TryFault,3,1,2
System.Linq.Expressions,Expression,TryFinally,3,1,2
System.Linq.Expressions,Expression,TryCatch,3,1,2
System.Linq.Expressions,Expression,TryCatchFinally,3,1,3
System.Linq.Expressions,Expression,MakeTry,3,1,5
System.Linq.Expressions,Expression,TypeIs,3,1,2
System.Linq.Expressions,Expression,TypeEqual,3,1,2
System.Linq.Expressions,Expression,MakeUnary,3,1,3
System.Linq.Expressions,Expression,MakeUnary,3,1,4
System.Linq.Expressions,Expression,Negate,3,1,1
System.Linq.Expressions,Expression,Negate,3,1,2
System.Linq.Expressions,Expression,UnaryPlus,3,1,1
System.Linq.Expressions,Expression,UnaryPlus,3,1,2
System.Linq.Expressions,Expression,NegateChecked,3,1,1
System.Linq.Expressions,Expression,NegateChecked,3,1,2
System.Linq.Expressions,Expression,Not,3,1,1
System.Linq.Expressions,Expression,Not,3,1,2
System.Linq.Expressions,Expression,IsFalse,3,1,1
System.Linq.Expressions,Expression,IsFalse,3,1,2
System.Linq.Expressions,Expression,IsTrue,3,1,1
System.Linq.Expressions,Expression,IsTrue,3,1,2
System.Linq.Expressions,Expression,OnesComplement,3,1,1
System.Linq.Expressions,Expression,OnesComplement,3,1,2
System.Linq.Expressions,Expression,TypeAs,3,1,2
System.Linq.Expressions,Expression,Unbox,3,1,2
System.Linq.Expressions,Expression,Convert,3,1,2
System.Linq.Expressions,Expression,Convert,3,1,3
System.Linq.Expressions,Expression,ConvertChecked,3,1,2
System.Linq.Expressions,Expression,ConvertChecked,3,1,3
System.Linq.Expressions,Expression,ArrayLength,3,1,1
System.Linq.Expressions,Expression,Quote,3,1,1
System.Linq.Expressions,Expression,Rethrow,3,1,0
System.Linq.Expressions,Expression,Rethrow,3,1,1
System.Linq.Expressions,Expression,Throw,3,1,1
System.Linq.Expressions,Expression,Throw,3,1,2
System.Linq.Expressions,Expression,Increment,3,1,1
System.Linq.Expressions,Expression,Increment,3,1,2
System.Linq.Expressions,Expression,Decrement,3,1,1
System.Linq.Expressions,Expression,Decrement,3,1,2
System.Linq.Expressions,Expression,PreIncrementAssign,3,1,1
System.Linq.Expressions,Expression,PreIncrementAssign,3,1,2
System.Linq.Expressions,Expression,PreDecrementAssign,3,1,1
System.Linq.Expressions,Expression,PreDecrementAssign,3,1,2
System.Linq.Expressions,Expression,PostIncrementAssign,3,1,1
System.Linq.Expressions,Expression,PostIncrementAssign,3,1,2
System.Linq.Expressions,Expression,PostDecrementAssign,3,1,1
System.Linq.Expressions,Expression,PostDecrementAssign,3,1,2
System.Linq.Expressions,BinaryExpression,Update,3,1,3
System.Linq.Expressions,BinaryExpression,Reduce,3,1,0
System.Linq.Expressions,BinaryExpression,Accept,3,1,1
System.Linq.Expressions,BlockExpression,Accept,3,1,1
System.Linq.Expressions,BlockExpression,Update,3,1,2
System.Linq.Expressions,CatchBlock,ToString,3,1,0
System.Linq.Expressions,CatchBlock,Update,3,1,3
System.Linq.Expressions,ConditionalExpression,Accept,3,1,1
System.Linq.Expressions,ConditionalExpression,Update,3,1,3
System.Linq.Expressions,ConstantExpression,Accept,3,1,1
System.Linq.Expressions,DebugInfoExpression,Accept,3,1,1
System.Linq.Expressions,DefaultExpression,Accept,3,1,1
System.Linq.Expressions,DynamicExpression,Accept,3,1,1
System.Linq.Expressions,DynamicExpression,Update,3,1,1
System.Linq.Expressions,DynamicExpression,Dynamic,3,1,3
System.Linq.Expressions,DynamicExpression,Dynamic,3,1,3
System.Linq.Expressions,DynamicExpression,Dynamic,3,1,3
System.Linq.Expressions,DynamicExpression,Dynamic,3,1,4
System.Linq.Expressions,DynamicExpression,Dynamic,3,1,5
System.Linq.Expressions,DynamicExpression,Dynamic,3,1,6
System.Linq.Expressions,DynamicExpression,MakeDynamic,3,1,3
System.Linq.Expressions,DynamicExpression,MakeDynamic,3,1,3
System.Linq.Expressions,DynamicExpression,MakeDynamic,3,1,3
System.Linq.Expressions,DynamicExpression,MakeDynamic,3,1,4
System.Linq.Expressions,DynamicExpression,MakeDynamic,3,1,5
System.Linq.Expressions,DynamicExpression,MakeDynamic,3,1,6
System.Linq.Expressions,ElementInit,ToString,3,1,0
System.Linq.Expressions,ElementInit,Update,3,1,1
System.Linq.Expressions,DynamicExpressionVisitor,DynamicExpressionVisitor,3,1,0
System.Linq.Expressions,DynamicExpressionVisitor,VisitDynamic,3,1,1
System.Linq.Expressions,GotoExpression,Accept,3,1,1
System.Linq.Expressions,GotoExpression,Update,3,1,2
System.Linq.Expressions,IndexExpression,Update,3,1,2
System.Linq.Expressions,IndexExpression,Accept,3,1,1
System.Linq.Expressions,InvocationExpression,Update,3,1,2
System.Linq.Expressions,InvocationExpression,Accept,3,1,1
System.Linq.Expressions,LabelExpression,Accept,3,1,1
System.Linq.Expressions,LabelExpression,Update,3,1,2
System.Linq.Expressions,LabelTarget,ToString,3,1,0
System.Linq.Expressions,LambdaExpression,Compile,3,1,0
System.Linq.Expressions,LambdaExpression,Compile,3,1,1
System.Linq.Expressions,LambdaExpression,CompileToMethod,3,1,1
System.Linq.Expressions,LambdaExpression,CompileToMethod,3,1,2
System.Linq.Expressions,Expression<TDelegate>,Compile,3,1,0
System.Linq.Expressions,Expression<TDelegate>,Compile,3,1,1
System.Linq.Expressions,Expression<TDelegate>,Update,3,1,2
System.Linq.Expressions,Expression<TDelegate>,Accept,3,1,1
System.Linq.Expressions,ListInitExpression,Accept,3,1,1
System.Linq.Expressions,ListInitExpression,Reduce,3,1,0
System.Linq.Expressions,ListInitExpression,Update,3,1,2
System.Linq.Expressions,LoopExpression,Accept,3,1,1
System.Linq.Expressions,LoopExpression,Update,3,1,3
System.Linq.Expressions,MemberBinding,MemberBinding,3,1,2
System.Linq.Expressions,MemberBinding,ToString,3,1,0
System.Linq.Expressions,MemberAssignment,MemberAssignment,2,1,0
System.Linq.Expressions,MemberAssignment,Update,3,1,1
System.Linq.Expressions,MemberExpression,Accept,3,1,1
System.Linq.Expressions,MemberExpression,Update,3,1,1
System.Linq.Expressions,MemberInitExpression,Accept,3,1,1
System.Linq.Expressions,MemberInitExpression,Reduce,3,1,0
System.Linq.Expressions,MemberInitExpression,Update,3,1,2
System.Linq.Expressions,MemberListBinding,MemberListBinding,2,1,0
System.Linq.Expressions,MemberListBinding,Update,3,1,1
System.Linq.Expressions,MemberMemberBinding,MemberMemberBinding,2,1,0
System.Linq.Expressions,MemberMemberBinding,Update,3,1,1
System.Linq.Expressions,MethodCallExpression,Update,3,1,2
System.Linq.Expressions,MethodCallExpression,Accept,3,1,1
System.Linq.Expressions,NewArrayExpression,Accept,3,1,1
System.Linq.Expressions,NewArrayExpression,Update,3,1,1
System.Linq.Expressions,NewExpression,Accept,3,1,1
System.Linq.Expressions,NewExpression,Update,3,1,1
System.Linq.Expressions,ParameterExpression,Accept,3,1,1
System.Linq.Expressions,RuntimeVariablesExpression,Accept,3,1,1
System.Linq.Expressions,RuntimeVariablesExpression,Update,3,1,1
System.Linq.Expressions,SwitchCase,ToString,3,1,0
System.Linq.Expressions,SwitchCase,Update,3,1,2
System.Linq.Expressions,SwitchExpression,Accept,3,1,1
System.Linq.Expressions,SwitchExpression,Update,3,1,3
System.Linq.Expressions,TryExpression,Accept,3,1,1
System.Linq.Expressions,TryExpression,Update,3,1,4
System.Linq.Expressions,TypeBinaryExpression,Accept,3,1,1
System.Linq.Expressions,TypeBinaryExpression,Update,3,1,1
System.Linq.Expressions,UnaryExpression,Accept,3,1,1
System.Linq.Expressions,UnaryExpression,Reduce,3,1,0
System.Linq.Expressions,UnaryExpression,Update,3,1,1
System.Diagnostics,EventSchemaTraceListener,EventSchemaTraceListener,3,1,1
System.Diagnostics,EventSchemaTraceListener,EventSchemaTraceListener,3,1,2
System.Diagnostics,EventSchemaTraceListener,EventSchemaTraceListener,3,1,3
System.Diagnostics,EventSchemaTraceListener,EventSchemaTraceListener,3,1,4
System.Diagnostics,EventSchemaTraceListener,EventSchemaTraceListener,3,1,5
System.Diagnostics,EventSchemaTraceListener,EventSchemaTraceListener,3,1,6
System.Diagnostics,EventSchemaTraceListener,Close,3,1,0
System.Diagnostics,EventSchemaTraceListener,Flush,3,1,0
System.Diagnostics,EventSchemaTraceListener,Write,3,1,1
System.Diagnostics,EventSchemaTraceListener,WriteLine,3,1,1
System.Diagnostics,EventSchemaTraceListener,Fail,3,1,2
System.Diagnostics,EventSchemaTraceListener,TraceEvent,3,1,6
System.Diagnostics,EventSchemaTraceListener,TraceEvent,3,1,5
System.Diagnostics,EventSchemaTraceListener,TraceData,3,1,5
System.Diagnostics,EventSchemaTraceListener,TraceData,3,1,5
System.Diagnostics,EventSchemaTraceListener,TraceTransfer,3,1,5
System.Diagnostics,EventSchemaTraceListener,GetSupportedAttributes,3,1,0
System.Diagnostics,UnescapedXmlDiagnosticData,UnescapedXmlDiagnosticData,3,1,1
System.Diagnostics,UnescapedXmlDiagnosticData,ToString,3,1,0
System.Diagnostics.PerformanceData,CounterData,Increment,3,1,0
System.Diagnostics.PerformanceData,CounterData,Decrement,3,1,0
System.Diagnostics.PerformanceData,CounterData,IncrementBy,3,1,1
System.Diagnostics.PerformanceData,CounterSetInstanceCounterDataSet,Dispose,3,1,0
System.Diagnostics.PerformanceData,CounterSet,CounterSet,3,1,3
System.Diagnostics.PerformanceData,CounterSet,Dispose,3,1,0
System.Diagnostics.PerformanceData,CounterSet,Dispose,3,1,1
System.Diagnostics.PerformanceData,CounterSet,AddCounter,3,1,2
System.Diagnostics.PerformanceData,CounterSet,AddCounter,3,1,3
System.Diagnostics.PerformanceData,CounterSet,CreateCounterSetInstance,3,1,1
System.Diagnostics.PerformanceData,CounterSetInstance,Dispose,3,1,0
System.Collections.Generic,HashSet<T>,HashSet,3,1,0
System.Collections.Generic,HashSet<T>,HashSet,3,1,1
System.Collections.Generic,HashSet<T>,HashSet,3,1,1
System.Collections.Generic,HashSet<T>,HashSet,3,1,2
System.Collections.Generic,HashSet<T>,HashSet,3,1,2
System.Collections.Generic,HashSet<T>,Clear,3,1,0
System.Collections.Generic,HashSet<T>,Contains,3,1,1
System.Collections.Generic,HashSet<T>,CopyTo,3,1,2
System.Collections.Generic,HashSet<T>,Remove,3,1,1
System.Collections.Generic,HashSet<T>,GetEnumerator,3,1,0
System.Collections.Generic,HashSet<T>,GetObjectData,3,1,2
System.Collections.Generic,HashSet<T>,OnDeserialization,3,1,1
System.Collections.Generic,HashSet<T>,Add,3,1,1
System.Collections.Generic,HashSet<T>,UnionWith,3,1,1
System.Collections.Generic,HashSet<T>,IntersectWith,3,1,1
System.Collections.Generic,HashSet<T>,ExceptWith,3,1,1
System.Collections.Generic,HashSet<T>,SymmetricExceptWith,3,1,1
System.Collections.Generic,HashSet<T>,IsSubsetOf,3,1,1
System.Collections.Generic,HashSet<T>,IsProperSubsetOf,3,1,1
System.Collections.Generic,HashSet<T>,IsSupersetOf,3,1,1
System.Collections.Generic,HashSet<T>,IsProperSupersetOf,3,1,1
System.Collections.Generic,HashSet<T>,Overlaps,3,1,1
System.Collections.Generic,HashSet<T>,SetEquals,3,1,1
System.Collections.Generic,HashSet<T>,CopyTo,3,1,1
System.Collections.Generic,HashSet<T>,CopyTo,3,1,3
System.Collections.Generic,HashSet<T>,RemoveWhere,3,1,1
System.Collections.Generic,HashSet<T>,TrimExcess,3,1,0
System.Collections.Generic,HashSet<T>,CreateSetComparer,3,1,0
System.Collections.Generic,HashSet<T>,Add,3,1,1
System.Collections.Generic,HashSet<T>,ExceptWith,3,1,1
System.Collections.Generic,HashSet<T>,IntersectWith,3,1,1
System.Collections.Generic,HashSet<T>,IsProperSubsetOf,3,1,1
System.Collections.Generic,HashSet<T>,IsProperSupersetOf,3,1,1
System.Collections.Generic,HashSet<T>,IsSubsetOf,3,1,1
System.Collections.Generic,HashSet<T>,IsSupersetOf,3,1,1
System.Collections.Generic,HashSet<T>,Overlaps,3,1,1
System.Collections.Generic,HashSet<T>,SetEquals,3,1,1
System.Collections.Generic,HashSet<T>,SymmetricExceptWith,3,1,1
System.Collections.Generic,HashSet<T>,UnionWith,3,1,1
System.Collections.Generic,HashSet<T>,Add,3,1,1
System.Collections.Generic,HashSet<T>,Clear,3,1,0
System.Collections.Generic,HashSet<T>,Contains,3,1,1
System.Collections.Generic,HashSet<T>,CopyTo,3,1,2
System.Collections.Generic,HashSet<T>,Remove,3,1,1
System.Collections.Generic,HashSet<T>,GetEnumerator,3,1,0
System.Collections.Generic,HashSet<T>,GetEnumerator,3,1,0
System.Collections.Generic,Enumerator,Dispose,3,1,0
System.Collections.Generic,Enumerator,MoveNext,3,1,0
System.Collections.Generic,Enumerator,Dispose,3,1,0
System.Collections.Generic,Enumerator,MoveNext,3,1,0
System.Collections.Generic,Enumerator,Reset,3,1,0
System.IO.Pipes,PipeStream,PipeStream,3,1,2
System.IO.Pipes,PipeStream,PipeStream,3,1,3
System.IO.Pipes,PipeStream,InitializeHandle,3,1,3
System.IO.Pipes,PipeStream,Read,3,1,3
System.IO.Pipes,PipeStream,BeginRead,3,1,5
System.IO.Pipes,PipeStream,EndRead,3,1,1
System.IO.Pipes,PipeStream,Write,3,1,3
System.IO.Pipes,PipeStream,BeginWrite,3,1,5
System.IO.Pipes,PipeStream,EndWrite,3,1,1
System.IO.Pipes,PipeStream,ReadByte,3,1,0
System.IO.Pipes,PipeStream,WriteByte,3,1,1
System.IO.Pipes,PipeStream,Flush,3,1,0
System.IO.Pipes,PipeStream,WaitForPipeDrain,3,1,0
System.IO.Pipes,PipeStream,Dispose,3,1,1
System.IO.Pipes,PipeStream,GetAccessControl,3,1,0
System.IO.Pipes,PipeStream,SetAccessControl,3,1,1
System.IO.Pipes,PipeStream,SetLength,3,1,1
System.IO.Pipes,PipeStream,Seek,3,1,2
System.IO.Pipes,PipeStream,CheckPipePropertyOperations,3,1,0
System.IO.Pipes,PipeStream,CheckReadOperations,3,1,0
System.IO.Pipes,PipeStream,CheckWriteOperations,3,1,0
System.IO.Pipes,AnonymousPipeServerStream,AnonymousPipeServerStream,3,1,0
System.IO.Pipes,AnonymousPipeServerStream,AnonymousPipeServerStream,3,1,1
System.IO.Pipes,AnonymousPipeServerStream,AnonymousPipeServerStream,3,1,2
System.IO.Pipes,AnonymousPipeServerStream,AnonymousPipeServerStream,3,1,3
System.IO.Pipes,AnonymousPipeServerStream,AnonymousPipeServerStream,3,1,4
System.IO.Pipes,AnonymousPipeServerStream,AnonymousPipeServerStream,3,1,3
System.IO.Pipes,AnonymousPipeServerStream,GetClientHandleAsString,3,1,0
System.IO.Pipes,AnonymousPipeServerStream,DisposeLocalCopyOfClientHandle,3,1,0
System.IO.Pipes,AnonymousPipeServerStream,Dispose,3,1,1
System.IO.Pipes,AnonymousPipeClientStream,AnonymousPipeClientStream,3,1,1
System.IO.Pipes,AnonymousPipeClientStream,AnonymousPipeClientStream,3,1,2
System.IO.Pipes,AnonymousPipeClientStream,AnonymousPipeClientStream,3,1,2
System.IO.Pipes,NamedPipeServerStream,NamedPipeServerStream,3,1,1
System.IO.Pipes,NamedPipeServerStream,NamedPipeServerStream,3,1,2
System.IO.Pipes,NamedPipeServerStream,NamedPipeServerStream,3,1,3
System.IO.Pipes,NamedPipeServerStream,NamedPipeServerStream,3,1,4
System.IO.Pipes,NamedPipeServerStream,NamedPipeServerStream,3,1,5
System.IO.Pipes,NamedPipeServerStream,NamedPipeServerStream,3,1,7
System.IO.Pipes,NamedPipeServerStream,NamedPipeServerStream,3,1,8
System.IO.Pipes,NamedPipeServerStream,NamedPipeServerStream,3,1,9
System.IO.Pipes,NamedPipeServerStream,NamedPipeServerStream,3,1,10
System.IO.Pipes,NamedPipeServerStream,NamedPipeServerStream,3,1,4
System.IO.Pipes,NamedPipeServerStream,WaitForConnection,3,1,0
System.IO.Pipes,NamedPipeServerStream,BeginWaitForConnection,3,1,2
System.IO.Pipes,NamedPipeServerStream,EndWaitForConnection,3,1,1
System.IO.Pipes,NamedPipeServerStream,Disconnect,3,1,0
System.IO.Pipes,NamedPipeServerStream,RunAsClient,3,1,1
System.IO.Pipes,NamedPipeServerStream,GetImpersonationUserName,3,1,0
System.IO.Pipes,NamedPipeClientStream,NamedPipeClientStream,3,1,1
System.IO.Pipes,NamedPipeClientStream,NamedPipeClientStream,3,1,2
System.IO.Pipes,NamedPipeClientStream,NamedPipeClientStream,3,1,3
System.IO.Pipes,NamedPipeClientStream,NamedPipeClientStream,3,1,4
System.IO.Pipes,NamedPipeClientStream,NamedPipeClientStream,3,1,5
System.IO.Pipes,NamedPipeClientStream,NamedPipeClientStream,3,1,6
System.IO.Pipes,NamedPipeClientStream,NamedPipeClientStream,3,1,6
System.IO.Pipes,NamedPipeClientStream,NamedPipeClientStream,3,1,4
System.IO.Pipes,NamedPipeClientStream,Connect,3,1,0
System.IO.Pipes,NamedPipeClientStream,Connect,3,1,1
System.IO.Pipes,NamedPipeClientStream,CheckPipePropertyOperations,3,1,0
System.IO.Pipes,PipeAccessRule,PipeAccessRule,3,1,3
System.IO.Pipes,PipeAccessRule,PipeAccessRule,3,1,3
System.IO.Pipes,PipeAuditRule,PipeAuditRule,3,1,3
System.IO.Pipes,PipeAuditRule,PipeAuditRule,3,1,3
System.IO.Pipes,PipeSecurity,PipeSecurity,3,1,0
System.IO.Pipes,PipeSecurity,AddAccessRule,3,1,1
System.IO.Pipes,PipeSecurity,SetAccessRule,3,1,1
System.IO.Pipes,PipeSecurity,ResetAccessRule,3,1,1
System.IO.Pipes,PipeSecurity,RemoveAccessRule,3,1,1
System.IO.Pipes,PipeSecurity,RemoveAccessRuleSpecific,3,1,1
System.IO.Pipes,PipeSecurity,AddAuditRule,3,1,1
System.IO.Pipes,PipeSecurity,SetAuditRule,3,1,1
System.IO.Pipes,PipeSecurity,RemoveAuditRule,3,1,1
System.IO.Pipes,PipeSecurity,RemoveAuditRuleAll,3,1,1
System.IO.Pipes,PipeSecurity,RemoveAuditRuleSpecific,3,1,1
System.IO.Pipes,PipeSecurity,AccessRuleFactory,3,1,6
System.IO.Pipes,PipeSecurity,AuditRuleFactory,3,1,6
System.IO.Pipes,PipeSecurity,Persist,3,1,1
System.IO.Pipes,PipeSecurity,Persist,3,1,1
System.Threading,ReaderWriterLockSlim,ReaderWriterLockSlim,3,1,0
System.Threading,ReaderWriterLockSlim,ReaderWriterLockSlim,3,1,1
System.Threading,ReaderWriterLockSlim,EnterReadLock,3,1,0
System.Threading,ReaderWriterLockSlim,TryEnterReadLock,3,1,1
System.Threading,ReaderWriterLockSlim,TryEnterReadLock,3,1,1
System.Threading,ReaderWriterLockSlim,EnterWriteLock,3,1,0
System.Threading,ReaderWriterLockSlim,TryEnterWriteLock,3,1,1
System.Threading,ReaderWriterLockSlim,TryEnterWriteLock,3,1,1
System.Threading,ReaderWriterLockSlim,EnterUpgradeableReadLock,3,1,0
System.Threading,ReaderWriterLockSlim,TryEnterUpgradeableReadLock,3,1,1
System.Threading,ReaderWriterLockSlim,TryEnterUpgradeableReadLock,3,1,1
System.Threading,ReaderWriterLockSlim,ExitReadLock,3,1,0
System.Threading,ReaderWriterLockSlim,ExitWriteLock,3,1,0
System.Threading,ReaderWriterLockSlim,ExitUpgradeableReadLock,3,1,0
System.Threading,ReaderWriterLockSlim,Dispose,3,1,0
System.Threading.Tasks,TaskExtensions,Unwrap,3,1,1
System.Threading.Tasks,TaskExtensions,Unwrap,3,1,1
System.IO.MemoryMappedFiles,MemoryMappedFile,OpenExisting,3,1,1
System.IO.MemoryMappedFiles,MemoryMappedFile,OpenExisting,3,1,2
System.IO.MemoryMappedFiles,MemoryMappedFile,OpenExisting,3,1,3
System.IO.MemoryMappedFiles,MemoryMappedFile,CreateFromFile,3,1,1
System.IO.MemoryMappedFiles,MemoryMappedFile,CreateFromFile,3,1,2
System.IO.MemoryMappedFiles,MemoryMappedFile,CreateFromFile,3,1,3
System.IO.MemoryMappedFiles,MemoryMappedFile,CreateFromFile,3,1,4
System.IO.MemoryMappedFiles,MemoryMappedFile,CreateFromFile,3,1,5
System.IO.MemoryMappedFiles,MemoryMappedFile,CreateFromFile,3,1,7
System.IO.MemoryMappedFiles,MemoryMappedFile,CreateNew,3,1,2
System.IO.MemoryMappedFiles,MemoryMappedFile,CreateNew,3,1,3
System.IO.MemoryMappedFiles,MemoryMappedFile,CreateNew,3,1,6
System.IO.MemoryMappedFiles,MemoryMappedFile,CreateOrOpen,3,1,2
System.IO.MemoryMappedFiles,MemoryMappedFile,CreateOrOpen,3,1,3
System.IO.MemoryMappedFiles,MemoryMappedFile,CreateOrOpen,3,1,6
System.IO.MemoryMappedFiles,MemoryMappedFile,CreateViewStream,3,1,0
System.IO.MemoryMappedFiles,MemoryMappedFile,CreateViewStream,3,1,2
System.IO.MemoryMappedFiles,MemoryMappedFile,CreateViewStream,3,1,3
System.IO.MemoryMappedFiles,MemoryMappedFile,CreateViewAccessor,3,1,0
System.IO.MemoryMappedFiles,MemoryMappedFile,CreateViewAccessor,3,1,2
System.IO.MemoryMappedFiles,MemoryMappedFile,CreateViewAccessor,3,1,3
System.IO.MemoryMappedFiles,MemoryMappedFile,Dispose,3,1,0
System.IO.MemoryMappedFiles,MemoryMappedFile,Dispose,3,1,1
System.IO.MemoryMappedFiles,MemoryMappedFile,GetAccessControl,3,1,0
System.IO.MemoryMappedFiles,MemoryMappedFile,SetAccessControl,3,1,1
System.IO.MemoryMappedFiles,MemoryMappedViewAccessor,Dispose,3,1,1
System.IO.MemoryMappedFiles,MemoryMappedViewAccessor,Flush,3,1,0
System.IO.MemoryMappedFiles,MemoryMappedViewStream,SetLength,3,1,1
System.IO.MemoryMappedFiles,MemoryMappedViewStream,Dispose,3,1,1
System.IO.MemoryMappedFiles,MemoryMappedViewStream,Flush,3,1,0
System.IO.MemoryMappedFiles,MemoryMappedFileSecurity,MemoryMappedFileSecurity,3,1,0
System.Runtime.InteropServices,ComAwareEventInfo,ComAwareEventInfo,3,1,2
System.Runtime.InteropServices,ComAwareEventInfo,AddEventHandler,3,1,2
System.Runtime.InteropServices,ComAwareEventInfo,RemoveEventHandler,3,1,2
System.Runtime.InteropServices,ComAwareEventInfo,GetAddMethod,3,1,1
System.Runtime.InteropServices,ComAwareEventInfo,GetRaiseMethod,3,1,1
System.Runtime.InteropServices,ComAwareEventInfo,GetRemoveMethod,3,1,1
System.Runtime.InteropServices,ComAwareEventInfo,GetCustomAttributes,3,1,2
System.Runtime.InteropServices,ComAwareEventInfo,GetCustomAttributes,3,1,1
System.Runtime.InteropServices,ComAwareEventInfo,IsDefined,3,1,2
