Project,Namespace,Ca types,Ce types
MQTT-Test,MQTT_Test,,
