Project,Namespace,Ca types,Ce types
BitmapFromWebsite,BitmapFromWebsite,,
