Project,Namespace,Ca types,Ce types
Intersection.Tests,RimDev.Sandbox.Intersection,,
