Namespace,Type,Method,LOC,CC,PC
FileHelpers.Tests,BadAdd1,GetFullPathName,3,1,0
FileHelpers.Tests,BadAdd2,GetFullPathName,3,1,0
FileHelpers.Tests,BadAll1,GetFullPathName,3,1,0
FileHelpers.Tests,BadDate1,GetFullPathName,3,1,0
FileHelpers.Tests,BadDate1Ignore,GetFullPathName,3,1,0
FileHelpers.Tests,BadDate1IgnoreLast,GetFullPathName,3,1,0
FileHelpers.Tests,BadDate1IgnoreLast2,GetFullPathName,3,1,0
FileHelpers.Tests,BadDate2,GetFullPathName,3,1,0
FileHelpers.Tests,BadInt1,GetFullPathName,3,1,0
FileHelpers.Tests,BadInt2,GetFullPathName,3,1,0
FileHelpers.Tests,BadInt3,GetFullPathName,3,1,0
FileHelpers.Tests,BadInt4,GetFullPathName,3,1,0
FileHelpers.Tests,BadQuoted1,GetFullPathName,3,1,0
FileHelpers.Tests,BadQuoted2,GetFullPathName,3,1,0
FileHelpers.Tests,BadQuoted3,GetFullPathName,3,1,0
FileHelpers.Tests,CustomersTabNumFields,GetFullPathName,3,1,0
FileHelpers.Tests,DelimiterNotFoundFirstField,GetFullPathName,3,1,0
FileHelpers.Tests,DelimiterNotFoundLastField,GetFullPathName,3,1,0
FileHelpers.Tests,DelimiterNotFoundMiddleField,GetFullPathName,3,1,0
FileHelpers.Tests,EmptyLine,GetFullPathName,3,1,0
FileHelpers.Tests,EmptyLineAtEnd,GetFullPathName,3,1,0
FileHelpers.Tests,EmptyLineInTheMiddle,GetFullPathName,3,1,0
FileHelpers.Tests,FieldNotEmpty1,GetFullPathName,3,1,0
FileHelpers.Tests,FieldNotEmpty1,GetFullPathName,3,1,0
FileHelpers.Tests,FieldNotEmpty2,GetFullPathName,3,1,0
FileHelpers.Tests,FieldNotEmpty3,GetFullPathName,3,1,0
FileHelpers.Tests,InNewLine3,GetFullPathName,3,1,0
FileHelpers.Tests,InNewLine4,GetFullPathName,3,1,0
FileHelpers.Tests,InNewLineAfterOptional2,GetFullPathName,3,1,0
FileHelpers.Tests,IntWithDot,GetFullPathName,3,1,0
FileHelpers.Tests,IntWithLetters,GetFullPathName,3,1,0
FileHelpers.Tests,IntWithSpaces1,GetFullPathName,3,1,0
FileHelpers.Tests,IntWithSpaces2,GetFullPathName,3,1,0
FileHelpers.Tests,MultiRecord1,GetFullPathName,3,1,0
FileHelpers.Tests,MultiRecord1,GetFullPathName,3,1,0
FileHelpers.Tests,NoBadNullvalue,GetFullPathName,3,1,0
FileHelpers.Tests,OptionalBad1,GetFullPathName,3,1,0
FileHelpers.Tests,ClassFromFile,GetFullPathName,3,1,0
FileHelpers.Tests,ClassFromFile,ReadFile,6,1,0
FileHelpers.Tests,SampleBinaryClass,GetFullPathName,3,1,0
FileHelpers.Tests,SampleClassCS,GetFullPathName,3,1,0
FileHelpers.Tests,SampleClassVB,GetFullPathName,3,1,0
FileHelpers.Tests,Cities,GetFullPathName,3,1,0
FileHelpers.Tests,Cities2,GetFullPathName,3,1,0
FileHelpers.Tests,CityRates,GetFullPathName,3,1,0
FileHelpers.Tests,CustomersComma,GetFullPathName,3,1,0
FileHelpers.Tests,CustomersFixed,GetFullPathName,3,1,0
FileHelpers.Tests,CustomersFixed,GetFullPathName,3,1,0
FileHelpers.Tests,CustomersSemiColon,GetFullPathName,3,1,0
FileHelpers.Tests,CustomersSemiColon,GetFullPathName,3,1,0
FileHelpers.Tests,CustomersTab,GetFullPathName,3,1,0
FileHelpers.Tests,CustomersTab,GetFullPathName,3,1,0
FileHelpers.Tests,CustomersTab2,GetFullPathName,3,1,0
FileHelpers.Tests,DelimitedMedium,GetFullPathName,3,1,0
FileHelpers.Tests,Locations,GetFullPathName,3,1,0
FileHelpers.Tests,OnColumnFixed,GetFullPathName,3,1,0
FileHelpers.Tests,OnColumnNonFixed,GetFullPathName,3,1,0
FileHelpers.Tests,SampleData,GetFullPathName,3,1,0
FileHelpers.Tests,SuperQuoted,GetFullPathName,3,1,0
FileHelpers.Tests,SuperQuoted2,GetFullPathName,3,1,0
FileHelpers.Tests,VendorImport,GetFullPathName,3,1,0
FileHelpers.Tests,ExcelWithNoEmptyRows,GetFullPathName,3,1,0
FileHelpers.Tests,ExcelWithOneEmptyRows,GetFullPathName,3,1,0
FileHelpers.Tests,ExcelWithTwoEmptyRows,GetFullPathName,3,1,0
FileHelpers.Tests,Accounts,GetFullPathName,3,1,0
FileHelpers.Tests,ArrayFields,GetFullPathName,3,1,0
FileHelpers.Tests,ArrayFields2,GetFullPathName,3,1,0
FileHelpers.Tests,ArrayFieldsDelimited,GetFullPathName,3,1,0
FileHelpers.Tests,Chinese,GetFullPathName,3,1,0
FileHelpers.Tests,ChineseUnicode,GetFullPathName,3,1,0
FileHelpers.Tests,ConditionalRecords1,GetFullPathName,3,1,0
FileHelpers.Tests,ConditionalRecords2,GetFullPathName,3,1,0
FileHelpers.Tests,ConditionalRecords3,GetFullPathName,3,1,0
FileHelpers.Tests,ConditionalRecords4,GetFullPathName,3,1,0
FileHelpers.Tests,ConverterDecimals1,GetFullPathName,3,1,0
FileHelpers.Tests,ConverterDecimals2,GetFullPathName,3,1,0
FileHelpers.Tests,CustomConverter1,GetFullPathName,3,1,0
FileHelpers.Tests,CustomConverter2,GetFullPathName,3,1,0
FileHelpers.Tests,CustomersFixedExact,GetFullPathName,3,1,0
FileHelpers.Tests,CustomersFixedLessChars10Records,GetFullPathName,3,1,0
FileHelpers.Tests,CustomersFixedMoreChars5Records,GetFullPathName,3,1,0
FileHelpers.Tests,CustomersFixedMoreVariable12Records,GetFullPathName,3,1,0
FileHelpers.Tests,CustomersFixedWithout1AndHalfFields,GetFullPathName,3,1,0
FileHelpers.Tests,CustomersFixedWithout2Fields,GetFullPathName,3,1,0
FileHelpers.Tests,CustomersFixedWithoutLastField,GetFullPathName,3,1,0
FileHelpers.Tests,CustomersTabIgnoreFirst,GetFullPathName,3,1,0
FileHelpers.Tests,CustomersTabIgnoreLast,GetFullPathName,3,1,0
FileHelpers.Tests,CustomersTabIgnoreMiddle,GetFullPathName,3,1,0
FileHelpers.Tests,CustomersVerticalBar,GetFullPathName,3,1,0
FileHelpers.Tests,CustomersVerticalBar,CompareTo,3,1,1
FileHelpers.Tests,CustomersVerticalBarDemo,GetFullPathName,3,1,0
FileHelpers.Tests,CustomersVerticalBarOlds,GetFullPathName,3,1,0
FileHelpers.Tests,CustomersVerticalBarOptions,GetFullPathName,3,1,0
FileHelpers.Tests,DateFormat1,GetFullPathName,3,1,0
FileHelpers.Tests,DateFormat2,GetFullPathName,3,1,0
FileHelpers.Tests,DiffOrdersDup,GetFullPathName,3,1,0
FileHelpers.Tests,DiffOrdersNew,GetFullPathName,3,1,0
FileHelpers.Tests,DiffOrdersOld,GetFullPathName,3,1,0
FileHelpers.Tests,DiscardFirst0,GetFullPathName,3,1,0
FileHelpers.Tests,DiscardFirst1,GetFullPathName,3,1,0
FileHelpers.Tests,DiscardFirst2,GetFullPathName,3,1,0
FileHelpers.Tests,DiscardFirst3,GetFullPathName,3,1,0
FileHelpers.Tests,DiscardFirstReport,GetFullPathName,3,1,0
FileHelpers.Tests,DiscardLast0,GetFullPathName,3,1,0
FileHelpers.Tests,DiscardLast1,GetFullPathName,3,1,0
FileHelpers.Tests,DiscardLast2,GetFullPathName,3,1,0
FileHelpers.Tests,DiscardLast3,GetFullPathName,3,1,0
FileHelpers.Tests,EmptyFile,GetFullPathName,3,1,0
FileHelpers.Tests,EncodingAdv1,GetFullPathName,3,1,0
FileHelpers.Tests,EncodingAdv2,GetFullPathName,3,1,0
FileHelpers.Tests,EncodingAdv3,GetFullPathName,3,1,0
FileHelpers.Tests,EncodingANSI,GetFullPathName,3,1,0
FileHelpers.Tests,EncodingChinese,GetFullPathName,3,1,0
FileHelpers.Tests,EncodingUnicode,GetFullPathName,3,1,0
FileHelpers.Tests,EncodingUnicodeBig,GetFullPathName,3,1,0
FileHelpers.Tests,EncodingUTF8,GetFullPathName,3,1,0
FileHelpers.Tests,EnumConverter1,GetFullPathName,3,1,0
FileHelpers.Tests,EnumConverter2,GetFullPathName,3,1,0
FileHelpers.Tests,EnumConverter3,GetFullPathName,3,1,0
FileHelpers.Tests,ExcelCsv1,GetFullPathName,3,1,0
FileHelpers.Tests,ExcelCsv2,GetFullPathName,3,1,0
FileHelpers.Tests,FieldHiddenAdvanced,GetFullPathName,3,1,0
FileHelpers.Tests,IgnoreComments1,GetFullPathName,3,1,0
FileHelpers.Tests,IgnoreComments2,GetFullPathName,3,1,0
FileHelpers.Tests,IgnoreEmpty1,GetFullPathName,3,1,0
FileHelpers.Tests,IgnoreEmpty2,GetFullPathName,3,1,0
FileHelpers.Tests,IgnoreEmpty3,GetFullPathName,3,1,0
FileHelpers.Tests,IgnoreEmpty4,GetFullPathName,3,1,0
FileHelpers.Tests,IgnoreEmpty5,GetFullPathName,3,1,0
FileHelpers.Tests,InNewLine0,GetFullPathName,3,1,0
FileHelpers.Tests,InNewLine1,GetFullPathName,3,1,0
FileHelpers.Tests,InNewLine2,GetFullPathName,3,1,0
FileHelpers.Tests,InNewLineAfterOptional1,GetFullPathName,3,1,0
FileHelpers.Tests,InNewLineFixed1,GetFullPathName,3,1,0
FileHelpers.Tests,InNewLineFixed2,GetFullPathName,3,1,0
FileHelpers.Tests,MasterDetail1,GetFullPathName,3,1,0
FileHelpers.Tests,MasterDetail2,GetFullPathName,3,1,0
FileHelpers.Tests,MasterDetail3,GetFullPathName,3,1,0
FileHelpers.Tests,MultilineFull,GetFullPathName,3,1,0
FileHelpers.Tests,NullableTypes1,GetFullPathName,3,1,0
FileHelpers.Tests,NumberFormat,GetFullPathName,3,1,0
FileHelpers.Tests,NumberFormat2,GetFullPathName,3,1,0
FileHelpers.Tests,NumberNegative,GetFullPathName,3,1,0
FileHelpers.Tests,OptionalDelimited0,GetFullPathName,3,1,0
FileHelpers.Tests,OptionalDelimited1,GetFullPathName,3,1,0
FileHelpers.Tests,OptionalDelimited1Quoted,GetFullPathName,3,1,0
FileHelpers.Tests,OptionalDelimited2,GetFullPathName,3,1,0
FileHelpers.Tests,OptionalDelimited2Quoted,GetFullPathName,3,1,0
FileHelpers.Tests,OptionalDelimited3,GetFullPathName,3,1,0
FileHelpers.Tests,OptionalDelimited4,GetFullPathName,3,1,0
FileHelpers.Tests,OptionalDelimited5,GetFullPathName,3,1,0
FileHelpers.Tests,OptionalDelimitedFull,GetFullPathName,3,1,0
FileHelpers.Tests,OptionalFixed0,GetFullPathName,3,1,0
FileHelpers.Tests,OptionalFixed1,GetFullPathName,3,1,0
FileHelpers.Tests,OptionalFixed2,GetFullPathName,3,1,0
FileHelpers.Tests,OrdersFixed,GetFullPathName,3,1,0
FileHelpers.Tests,OrdersFixedIgnoreMiddle,GetFullPathName,3,1,0
FileHelpers.Tests,OrdersSemiColon,GetFullPathName,3,1,0
FileHelpers.Tests,OrdersSmallVerticalBar,GetFullPathName,3,1,0
FileHelpers.Tests,OrdersTab,GetFullPathName,3,1,0
FileHelpers.Tests,OrdersTab,CompareTo,3,1,1
FileHelpers.Tests,OrdersVerticalBar,GetFullPathName,3,1,0
FileHelpers.Tests,OrdersWithOutDates,GetFullPathName,3,1,0
FileHelpers.Tests,PriceConverter,GetFullPathName,3,1,0
FileHelpers.Tests,QuotedCustomers,GetFullPathName,3,1,0
FileHelpers.Tests,QuotedCustomers2,GetFullPathName,3,1,0
FileHelpers.Tests,QuotedOrders,GetFullPathName,3,1,0
FileHelpers.Tests,QuotedOrders2,GetFullPathName,3,1,0
FileHelpers.Tests,QuoteMode1,GetFullPathName,3,1,0
FileHelpers.Tests,ReadAsDataTable,GetFullPathName,3,1,0
FileHelpers.Tests,RealCsvComma1,GetFullPathName,3,1,0
FileHelpers.Tests,RealCsvComma2,GetFullPathName,3,1,0
FileHelpers.Tests,RealCsvTab1,GetFullPathName,3,1,0
FileHelpers.Tests,RealCsvTab2,GetFullPathName,3,1,0
FileHelpers.Tests,RealCsvVerticalBar1,GetFullPathName,3,1,0
FileHelpers.Tests,RealCsvVerticalBar2,GetFullPathName,3,1,0
FileHelpers.Tests,Sort1,GetFullPathName,3,1,0
FileHelpers.Tests,Test1,GetFullPathName,3,1,0
FileHelpers.Tests,Test2,GetFullPathName,3,1,0
FileHelpers.Tests,TestEmpty,GetFullPathName,3,1,0
FileHelpers.Tests,Transform1,GetFullPathName,3,1,0
FileHelpers.Tests,Transform2,GetFullPathName,3,1,0
FileHelpers.Tests,Trim1,GetFullPathName,3,1,0
FileHelpers.Tests,TestCommon,GetPath,6,2,1
FileHelpers.Tests,TestCommon,GetTempFile,3,1,1
FileHelpers.Tests,TestCommon,ReadTest,3,1,2
FileHelpers.Tests,TestCommon,ReadAllAsync,8,2,2
FileHelpers.Tests,TestCommon,ReadAllAsync,8,2,2
FileHelpers.Tests,TestCommon,BeginReadTest,3,1,2
FileHelpers.Tests,TestCommon,BeginReadTest,3,1,2
FileHelpers.Tests,AsyncEnumerator,MoreCallsToMoveNext1,12,1,0
FileHelpers.Tests,AsyncEnumerator,MoreCallsToMoveNext2,13,1,0
FileHelpers.Tests,MultiThreading,AsyncEngineInitialization,11,2,0
FileHelpers.Tests,MultiThreading,InitializeAsyncEngineWhenFlagIsRaised,12,1,0
FileHelpers.Tests,DynamicClassesFiles,LoadFromXML,8,2,0
FileHelpers.Tests,MultiRecords2,MultpleRecordsAdvanced,11,1,0
FileHelpers.Tests,MultiRecords2,CustomRecordSelector,24,6,2
FileHelpers.Tests,MultiRecords,MultpleRecordsFile,13,1,0
FileHelpers.Tests,MultiRecords,MultpleRecordsFileAsync,16,2,0
FileHelpers.Tests,MultiRecords,MultpleRecordsWriteAsync,20,2,0
FileHelpers.Tests,MultiRecords,MultpleRecordsFileAsyncBad,9,1,0
FileHelpers.Tests,MultiRecords,MultpleRecordsFileRW,16,1,0
FileHelpers.Tests,MultiRecords,NoTypes,4,1,0
FileHelpers.Tests,MultiRecords,NullTypeArray,4,1,0
FileHelpers.Tests,MultiRecords,NoSelector,3,1,0
FileHelpers.Tests,MultiRecords,TwiceSameType,4,1,0
FileHelpers.Tests,MultiRecords,OneType,4,1,0
FileHelpers.Tests,MultiRecords,NullTypes,4,1,0
FileHelpers.Tests,MultiRecords,WhenSelectorReturnsTypeThatIsNotInEngine_ShouldThrowBadUsageException_WhenReadingFileAtATime,7,1,0
FileHelpers.Tests,MultiRecords,WhenSelectorReturnsTypeThatIsNotInEngine_ShouldThrowBadUsageException_WhenReadingRecordAtATime,8,1,0
FileHelpers.Tests,MultiRecords,CustomSelector,8,3,2
FileHelpers.Tests,MultiRecords,CustomSelectorReturningBadType,3,1,2
FileHelpers.Tests,DynamicClassesExtra,ReadAsDataTable1,53,1,0
FileHelpers.Tests,DynamicClassesExtra,ReadAsDataTable2,49,1,0
FileHelpers.Tests,DynamicClassesExtra,RunTimeNullableFields,9,1,0
FileHelpers.Tests,DynamicClassesExtra,RunTimeMultimpleInstances,11,1,0
FileHelpers.Tests,DynamicClassesExtra,RunTimeGenerics,11,1,0
FileHelpers.Tests,QuoteHelperTests,QuotedMore,12,1,0
FileHelpers.Tests,StringHelperTest,RemoveNoBlanks,3,1,0
FileHelpers.Tests,StringHelperTest,RemoveLeadingBlanks,3,1,0
FileHelpers.Tests,StringHelperTest,RemoveBlanksAfterSign,3,1,0
FileHelpers.Tests,StringHelperTest,RemoveTrailingBlanks,3,1,0
FileHelpers.Tests,StringHelperTest,StartsWithIgnoringWhiteSpaces,10,1,0
FileHelpers.Tests,CustomersVerticalBarWithFieldCaption,CompareTo,3,1,1
FileHelpers.Tests,FileEncoding,RunTests,6,1,2
FileHelpers.Tests,FileEncoding,RunConstructor,5,1,2
FileHelpers.Tests,FileEncoding,CoreRunTest,11,1,2
FileHelpers.Tests,FileEncoding,RunAsyncTests,6,1,2
FileHelpers.Tests,FileEncoding,RunAsyncConstructor,5,1,2
FileHelpers.Tests,FileEncoding,CoreRunAsync,15,2,2
FileHelpers.Tests,FileEncoding,EncodingANSI,3,1,0
FileHelpers.Tests,FileEncoding,EncodingUTF8,3,1,0
FileHelpers.Tests,FileEncoding,EncodingUnicode,3,1,0
FileHelpers.Tests,FileEncoding,EncodingAsyncUnicodeBig,3,1,0
FileHelpers.Tests,FileEncoding,EncodingAsyncANSI,3,1,0
FileHelpers.Tests,FileEncoding,EncodingAsyncUTF8,3,1,0
FileHelpers.Tests,FileEncoding,EncodingAsyncUnicode,3,1,0
FileHelpers.Tests,FileEncoding,EncodingUnicodeBig,3,1,0
FileHelpers.Tests,FileEncoding,EncodingAsyncANSIConstructor,3,1,0
FileHelpers.Tests,FileEncoding,EncodingAsyncUTFConstructor,3,1,0
FileHelpers.Tests,FileEncoding,EncodingAsyncUnicodeConstructor,3,1,0
FileHelpers.Tests,FileEncoding,EncodingANSIConstructorAsync,3,1,0
FileHelpers.Tests,FileEncoding,EncodingUTF8ConstructorAsync,3,1,0
FileHelpers.Tests,FileEncoding,EncodingUnicodeConstructorAsync,3,1,0
FileHelpers.Tests,EncodingAdvanced,GetMSWSReportsFromFile_20060709_28Records,4,1,0
FileHelpers.Tests,EncodingAdvanced,GetMSWSReportsFromFile_20060720_32Records,4,1,0
FileHelpers.Tests,FileEncodingChinese,EncodingTest,9,1,0
FileHelpers.Tests,EventsAsync,ReadEvents,15,2,0
FileHelpers.Tests,EventsAsync,WriteEvents,23,1,0
FileHelpers.Tests,EventsAsync,ReadEventsCancelAfter,14,2,0
FileHelpers.Tests,EventsAsync,ReadEventsCancelBefore,14,2,0
FileHelpers.Tests,EventsAsync,ReadEventsCancelAll,15,2,0
FileHelpers.Tests,EventsAsync,BeforeEvent,6,2,2
FileHelpers.Tests,EventsAsync,AfterEvent,3,1,2
FileHelpers.Tests,EventsAsync,engine_BeforeWriteRecord,3,1,2
FileHelpers.Tests,EventsAsync,engine_AfterWriteRecord,3,1,2
FileHelpers.Tests,EventsAsync,AfterEvent2,4,1,2
FileHelpers.Tests,EventsAsync,BeforeEvent2,4,1,2
FileHelpers.Tests,EventsAsync,ChangeLineInEvent,14,1,0
FileHelpers.Tests,EventsAsync,BeforeEventChange,5,1,2
FileHelpers.Tests,TempFileFactory,TempFileFactory,3,1,0
FileHelpers.Tests,TempFileFactory,Dispose,4,2,0
FileHelpers.Tests,MessagesTests,MessageBasic,12,1,0
FileHelpers.Tests,MessagesTests,MessageForExeptions,9,1,0
FileHelpers.Tests,MessagesTests,Quotes,5,1,0
FileHelpers.Tests,ForwardReaderTests,BasicProperties,11,1,0
FileHelpers.Tests.CommonTests,AppendWriters,AppendToFile,20,1,0
FileHelpers.Tests.CommonTests,AppendWriters,AppendOneToFile,23,1,0
FileHelpers.Tests.CommonTests,AppendWriters,AppendToEmpty,15,2,0
FileHelpers.Tests.CommonTests,AppendWriters,AppendToEmptyAsync,17,2,0
FileHelpers.Tests.CommonTests,AppendWriters,BadAppend,13,1,0
FileHelpers.Tests.CommonTests,AppendWriters,BadAppend2,13,1,0
FileHelpers.Tests.CommonTests,ArrayFields,ArrayFields1,5,1,0
FileHelpers.Tests.CommonTests,ArrayFields,ArrayFields2,5,1,0
FileHelpers.Tests.CommonTests,ArrayFields,ArrayFieldsString,5,1,0
FileHelpers.Tests.CommonTests,ArrayFields,SimpleComparer2,14,1,1
FileHelpers.Tests.CommonTests,ArrayFields,SimpleComparer,14,1,1
FileHelpers.Tests.CommonTests,ArrayFields,ArrayFieldsDelimited,5,1,0
FileHelpers.Tests.CommonTests,ArrayFields,SimpleComparerStrings,14,1,1
FileHelpers.Tests.CommonTests,ArrayFields,ArrayFieldsRW,7,1,0
FileHelpers.Tests.CommonTests,ArrayFields,ArrayFieldsComplex,4,1,0
FileHelpers.Tests.CommonTests,ArrayFields,ArrayFieldsBad01,4,1,0
FileHelpers.Tests.CommonTests,ArrayFields,ArrayFieldsBad02,4,1,0
FileHelpers.Tests.CommonTests,ArrayFields,ArrayFieldsBad03,4,1,0
FileHelpers.Tests.CommonTests,ArrayFields,ArrayFieldsBad04,4,1,0
FileHelpers.Tests.CommonTests,ArrayFields,ArrayFieldsBad05,4,1,0
FileHelpers.Tests.CommonTests,ArrayFields,ArrayFieldsBad06,4,1,0
FileHelpers.Tests.CommonTests,ArrayFields,ArrayFieldsBad10,13,1,0
FileHelpers.Tests.CommonTests,ArrayFields,ArrayWriteMinErrorNull,13,1,0
FileHelpers.Tests.CommonTests,ArrayFields,ArrayWriteMinError0,13,1,0
FileHelpers.Tests.CommonTests,ArrayFields,ArrayWriteMinError1,13,1,0
FileHelpers.Tests.CommonTests,ArrayFields,ArrayWriteMaxError5,14,1,0
FileHelpers.Tests.CommonTests,ArrayFields,ArrayWriteFloatFieldsNull,14,1,0
FileHelpers.Tests.CommonTests,ArrayFields,ArrayReadFieldsNull,8,1,0
FileHelpers.Tests.CommonTests,ArrayFields,ArrayReadFieldsNullAndNullable,8,1,0
FileHelpers.Tests.CommonTests,ArrayFields,ArrayWriteFloatFields0,14,1,0
FileHelpers.Tests.CommonTests,ArrayFields,ArrayWriteFloatFieldsNullable,14,1,0
FileHelpers.Tests.CommonTests,ArrayFields,ArrayWriteFloatFields1,11,1,0
FileHelpers.Tests.CommonTests,ArrayFields,ArrayWriteFloatFields2,11,1,0
FileHelpers.Tests.CommonTests,ArrayFields,ArrayWriteFloatFields3,11,1,0
FileHelpers.Tests.CommonTests,ChineseSupport,ReadString,13,1,0
FileHelpers.Tests.CommonTests,ChineseSupport,ReadFile,12,1,0
FileHelpers.Tests.CommonTests,DynamicOptions,RemoveField,8,1,0
FileHelpers.Tests.CommonTests,DynamicOptions,RemoveAutoPropertyMultipleFields,7,1,0
FileHelpers.Tests.CommonTests,DynamicOptions,RemoveFieldLast,8,1,0
FileHelpers.Tests.CommonTests,DynamicOptions,SetAsOptionalField,7,1,0
FileHelpers.Tests.CommonTests,DynamicOptions,SetAsOptionalFieldLast,7,1,0
FileHelpers.Tests.CommonTests,DynamicOptions,SetTrimMode,10,1,0
FileHelpers.Tests.CommonTests,DynamicOptions,SetTrimChar,9,1,0
FileHelpers.Tests.CommonTests,DynamicOptions,SetTrimCharLast,9,1,0
FileHelpers.Tests.CommonTests,FieldNotEmpty,FieldNotEmpty1,3,1,0
FileHelpers.Tests.CommonTests,HeaderText,GetFileHeader,6,1,0
FileHelpers.Tests.CommonTests,HeaderText,GetFileHeaderWithFieldCaption,6,1,0
FileHelpers.Tests.CommonTests,HeaderText,CheckItWritesToFile,9,1,0
FileHelpers.Tests.CommonTests,HeaderText,CheckItWritesToFileWithCaption,9,1,0
FileHelpers.Tests.CommonTests,RealLineNumbers,RealLineNumberAppliesIgnoreEmpty_WithAfterReadRecordEvent,16,1,0
FileHelpers.Tests.CommonTests,RealLineNumbers,RealLineNumberAppliesDiscardFirst,16,1,0
FileHelpers.Tests.CommonTests,RealLineNumbers,RealLineNumberAppliesDiscardLast,16,1,0
FileHelpers.Tests.CommonTests,ConditionalRecords,Conditional1,6,1,0
FileHelpers.Tests.CommonTests,ConditionalRecords,Conditional2,6,1,0
FileHelpers.Tests.CommonTests,ConditionalRecords,Conditional3,6,1,0
FileHelpers.Tests.CommonTests,ConditionalRecords,Conditional4,8,1,0
FileHelpers.Tests.CommonTests,BadConverter,StringToField,3,1,1
FileHelpers.Tests.CommonTests,ConvertersStuff,BadConverterOver,4,1,0
FileHelpers.Tests.CommonTests,ConvertersStuff,AllConverters,3,1,0
FileHelpers.Tests.CommonTests,ConvertersStuff,NameConverterTest,10,2,0
FileHelpers.Tests.CommonTests,ConvertersStuff,NameConverterTest2,7,2,0
FileHelpers.Tests.CommonTests,ReadersAsDataTable,ReadFile,14,1,0
FileHelpers.Tests.CommonTests,ReadersAsDataTable,ReadNullableTypes,15,1,0
FileHelpers.Tests.CommonTests,ReflectionOrder,ReadFile,25,2,0
FileHelpers.Tests.CommonTests,ReflectionOrder,ReadFileBulk,30,3,0
FileHelpers.Tests.CommonTests,ReflectionOrder,FirstOrder,22,2,0
FileHelpers.Tests.CommonTests,ReflectionOrder,ReadFileGenerics,17,2,0
FileHelpers.Tests.CommonTests,FastReadCsv,ReadFileComma,13,2,0
FileHelpers.Tests.CommonTests,FastReadCsv,ReadFileHeader1,11,2,0
FileHelpers.Tests.CommonTests,FastReadCsv,ReadFileTab,11,2,0
FileHelpers.Tests.CommonTests,FastReadCsv,ReadFileTab2,13,2,0
FileHelpers.Tests.CommonTests,WritersFieldIndexers,AsyncFieldIndex1,21,1,0
FileHelpers.Tests.CommonTests,WritersFieldIndexers,AsyncFieldIndexBad1,5,1,0
FileHelpers.Tests.CommonTests,WritersFieldIndexers,AsyncFieldIndexBad2,5,1,0
FileHelpers.Tests.CommonTests,WritersFieldIndexers,AsyncFieldIndexBad3,7,1,0
FileHelpers.Tests.CommonTests,VeryBadConverter,StringToField,3,1,1
FileHelpers.Tests.CommonTests,CustomConverterExceptions,ExceptionsTestsPriceConverterTest,5,1,0
FileHelpers.Tests.CommonTests,CustomConverterExceptions,ExceptionsTestsPriceConverterTest2,12,1,0
FileHelpers.Tests.CommonTests,CustomConverterBad,PriceConverterTest,10,1,0
FileHelpers.Tests.CommonTests,FixedEngine,SimpleTest,9,1,0
FileHelpers.Tests.CommonTests,FixedEngine,SimpleTest2,7,1,0
FileHelpers.Tests.CommonTests,FixedEngine,SimpleTest3,4,1,0
FileHelpers.Tests.CommonTests,FixedEngine,BadRecordType1,4,1,0
FileHelpers.Tests.CommonTests,FixedEngine,BadRecordType2,4,1,0
FileHelpers.Tests.CommonTests,DelimitedEngine,RunTests,7,1,2
FileHelpers.Tests.CommonTests,DelimitedEngine,Tab,3,1,0
FileHelpers.Tests.CommonTests,DelimitedEngine,VerticalBar,3,1,0
FileHelpers.Tests.CommonTests,DelimitedEngine,SemiColon,3,1,0
FileHelpers.Tests.CommonTests,DelimitedEngine,BadRecordType1,4,1,0
FileHelpers.Tests.CommonTests,DelimitedEngine,BadRecordType2,4,1,0
FileHelpers.Tests.CommonTests,DelimitedEngine,CheckSeparator,6,1,0
FileHelpers.Tests.CommonTests,EventsGenerics,ReadEvents,12,1,0
FileHelpers.Tests.CommonTests,EventsGenerics,WriteEvents,20,1,0
FileHelpers.Tests.CommonTests,EventsGenerics,ReadEventsCancelAfter,11,1,0
FileHelpers.Tests.CommonTests,EventsGenerics,ReadEventsCancelBefore,11,1,0
FileHelpers.Tests.CommonTests,EventsGenerics,ReadEventsCancelAll,12,1,0
FileHelpers.Tests.CommonTests,EventsGenerics,BeforeEvent,6,2,2
FileHelpers.Tests.CommonTests,EventsGenerics,AfterEvent,3,1,2
FileHelpers.Tests.CommonTests,EventsGenerics,engine_BeforeWriteRecord,3,1,2
FileHelpers.Tests.CommonTests,EventsGenerics,engine_AfterWriteRecord,3,1,2
FileHelpers.Tests.CommonTests,EventsGenerics,AfterEvent2,4,1,2
FileHelpers.Tests.CommonTests,EventsGenerics,BeforeEvent2,4,1,2
FileHelpers.Tests.CommonTests,CsvEngineTests,ReadFileComma,6,1,0
FileHelpers.Tests.CommonTests,CsvEngineTests,ReadFileHeader1,14,1,0
FileHelpers.Tests.CommonTests,CsvEngineTests,ReadFileHeader2,14,1,0
FileHelpers.Tests.CommonTests,CsvEngineTests,ReadFileComma2,7,1,0
FileHelpers.Tests.CommonTests,CsvEngineTests,GivenDataTableWithColumns_WhenHeaderExportOptionIsOn_ThenHeaderIsInFile,11,1,0
FileHelpers.Tests.CommonTests,CsvEngineTests,GivenFileWithHeader_WhenImportingWithExportHeaders_ThenImportWillSkipFirstLine,14,1,0
FileHelpers.Tests.CommonTests,CsvEngineTests,GivenDataTableWithColumns_WhenHeaderExportOptionIsOff_ThenOnlyDataIsInFile,11,1,0
FileHelpers.Tests.CommonTests,CsvEngineTests,ReadFileVerticalBar,6,1,0
FileHelpers.Tests.CommonTests,CsvEngineTests,ReadFileVerticalBar2,7,1,0
FileHelpers.Tests.CommonTests,CsvEngineTests,BadName,4,1,0
FileHelpers.Tests.CommonTests,CsvEngineTests,ReadWithCommon,8,1,0
FileHelpers.Tests.CommonTests,CsvEngineTests,ReadWithCommaAndBlankLines,8,1,0
FileHelpers.Tests.CommonTests,CsvEngineTests,TwoPresidents,8,1,0
FileHelpers.Tests.CommonTests,CsvEngineTests,RunTest,3,1,3
FileHelpers.Tests.CommonTests,CsvEngineTests,RunTest,13,1,4
FileHelpers.Tests.CommonTests,NameField,ToString,3,1,0
FileHelpers.Tests.CommonTests,NameConverter,StringToField,7,1,1
FileHelpers.Tests.CommonTests,CustomConverterName,NameConverterTest,11,2,0
FileHelpers.Tests.CommonTests,CustomConverterName,NameConverterTest2,16,3,0
FileHelpers.Tests.CommonTests,AddressField,ToString,3,1,0
FileHelpers.Tests.CommonTests,AddressConverter,StringToField,9,1,1
FileHelpers.Tests.CommonTests,AddressConverter2,AddressConverter2,4,1,2
FileHelpers.Tests.CommonTests,AddressConverter2,StringToField,9,1,1
FileHelpers.Tests.CommonTests,CustomConvertAddress,NameConverterTest,17,1,0
FileHelpers.Tests.CommonTests,CustomConvertAddress,NameConverterTest2,17,1,0
FileHelpers.Tests.CommonTests,CustomConvertAddress,NameConverterBad1,8,1,0
FileHelpers.Tests.CommonTests,CustomConvertAddress,NameConverterBad2,8,1,0
FileHelpers.Tests.CommonTests,CustomConvertAddress,NameConverterBad3,8,1,0
FileHelpers.Tests.CommonTests,MoneyConverter,StringToField,3,1,1
FileHelpers.Tests.CommonTests,MoneyConverter,FieldToString,5,1,1
FileHelpers.Tests.CommonTests,MoneyConverter,StringToField,3,1,1
FileHelpers.Tests.CommonTests,CustomConvertPrice,PriceConverterTest,18,1,0
FileHelpers.Tests.CommonTests,Customers,RunTests,5,1,1
FileHelpers.Tests.CommonTests,Customers,Fixed,3,1,0
FileHelpers.Tests.CommonTests,Customers,Tab,3,1,0
FileHelpers.Tests.CommonTests,Customers,VerticalBar,3,1,0
FileHelpers.Tests.CommonTests,Customers,SemiColon,3,1,0
FileHelpers.Tests.CommonTests,DiffRecords,DiffCustomers,8,1,0
FileHelpers.Tests.CommonTests,DiffRecords,DiffCustomersAllEquals,6,1,0
FileHelpers.Tests.CommonTests,DiffRecords,DiffEmptyOld,6,1,0
FileHelpers.Tests.CommonTests,DiffRecords,DiffEmptyNews,6,1,0
FileHelpers.Tests.CommonTests,DiffRecords,OnlyNewRecords,8,1,0
FileHelpers.Tests.CommonTests,DiffRecords,MissingRecords,6,1,0
FileHelpers.Tests.CommonTests,DiffRecords,OnlyNoDuplicatedRecords,6,1,0
FileHelpers.Tests.CommonTests,DiffRecords,OnlyDuplicatedRecords,6,1,0
FileHelpers.Tests.CommonTests,DiffRecords,RemoveDuplicatedRecords,7,1,0
FileHelpers.Tests.CommonTests,DiffOrdersFixed,CompareTo,3,1,1
FileHelpers.Tests.CommonTests,FileEncoding,RunTests,6,1,2
FileHelpers.Tests.CommonTests,FileEncoding,RunConstructor,5,1,2
FileHelpers.Tests.CommonTests,FileEncoding,CoreRunTest,11,1,1
FileHelpers.Tests.CommonTests,FileEncoding,RunAsyncTests,6,1,2
FileHelpers.Tests.CommonTests,FileEncoding,RunAsyncConstructor,5,1,2
FileHelpers.Tests.CommonTests,FileEncoding,CoreRunAsync,15,2,1
FileHelpers.Tests.CommonTests,FileEncoding,EncodingANSI,3,1,0
FileHelpers.Tests.CommonTests,FileEncoding,EncodingUTF8,3,1,0
FileHelpers.Tests.CommonTests,FileEncoding,EncodingUnicode,3,1,0
FileHelpers.Tests.CommonTests,FileEncoding,EncodingAsyncUnicodeBig,3,1,0
FileHelpers.Tests.CommonTests,FileEncoding,EncodingAsyncANSI,3,1,0
FileHelpers.Tests.CommonTests,FileEncoding,EncodingAsyncUTF8,3,1,0
FileHelpers.Tests.CommonTests,FileEncoding,EncodingAsyncUnicode,3,1,0
FileHelpers.Tests.CommonTests,FileEncoding,EncodingUnicodeBig,3,1,0
FileHelpers.Tests.CommonTests,FileEncoding,EncodingAsyncANSIConstructor,3,1,0
FileHelpers.Tests.CommonTests,FileEncoding,EncodingAsyncUTFConstructor,3,1,0
FileHelpers.Tests.CommonTests,FileEncoding,EncodingAsyncUnicodeConstructor,3,1,0
FileHelpers.Tests.CommonTests,FileEncoding,EncodingANSIConstructorAsync,3,1,0
FileHelpers.Tests.CommonTests,FileEncoding,EncodingUTF8ConstructorAsync,3,1,0
FileHelpers.Tests.CommonTests,FileEncoding,EncodingUnicodeConstructorAsync,3,1,0
FileHelpers.Tests.CommonTests,FileEncodingAdvanced,EncodingAdvanced1,6,1,0
FileHelpers.Tests.CommonTests,FileEncodingAdvanced,EncodingAdvanced2,6,1,0
FileHelpers.Tests.CommonTests,FileEncodingAdvanced,EncodingAdvanced3,8,1,0
FileHelpers.Tests.CommonTests,FileEncodingAdvanced,EncodingAdvanced4,5,1,0
FileHelpers.Tests.CommonTests,FileEncodingAdvanced,EncodingAdvanced5,7,1,0
FileHelpers.Tests.CommonTests,Events,ReadEvents,12,1,0
FileHelpers.Tests.CommonTests,Events,WriteEvents,20,1,0
FileHelpers.Tests.CommonTests,Events,ReadEventsCancelAfter,11,1,0
FileHelpers.Tests.CommonTests,Events,ReadEventsCancelBefore,11,1,0
FileHelpers.Tests.CommonTests,Events,ReadEventsCancelAll,12,1,0
FileHelpers.Tests.CommonTests,Events,BeforeEvent,6,2,2
FileHelpers.Tests.CommonTests,Events,AfterEvent,3,1,2
FileHelpers.Tests.CommonTests,Events,engine_BeforeWriteRecord,3,1,2
FileHelpers.Tests.CommonTests,Events,engine_AfterWriteRecord,3,1,2
FileHelpers.Tests.CommonTests,Events,AfterEvent2,4,1,2
FileHelpers.Tests.CommonTests,Events,BeforeEvent2,4,1,2
FileHelpers.Tests.CommonTests,Events,ChangeLineInEvent,13,1,0
FileHelpers.Tests.CommonTests,Events,BeforeEventChange,5,1,2
FileHelpers.Tests.CommonTests,InterfaceEventsTests,ReadEvents,14,1,0
FileHelpers.Tests.CommonTests,InterfaceEventsTests,ReadEventsNonGeneric,14,1,0
FileHelpers.Tests.CommonTests,InterfaceEventsTests,WriteEvents,16,1,0
FileHelpers.Tests.CommonTests,InterfaceEventsTests,WriteEventsNonGeneric,16,1,0
FileHelpers.Tests.CommonTests,SampleType,AfterRead,3,1,1
FileHelpers.Tests.CommonTests,SampleType,BeforeRead,3,1,1
FileHelpers.Tests.CommonTests,SampleType,BeforeWrite,3,1,1
FileHelpers.Tests.CommonTests,SampleType,AfterWrite,3,1,1
FileHelpers.Tests.CommonTests,ExcelCsv,ReadExcelCsv1,13,1,0
FileHelpers.Tests.CommonTests,ExcelCsv,ReadExcelCsv2,13,1,0
FileHelpers.Tests.CommonTests,ExcelCsv,WriteExcelCsv1,32,1,0
FileHelpers.Tests.CommonTests,ExcelCsv,WriteExcelCsv2,32,1,0
FileHelpers.Tests.CommonTests,ExcelCsv,ReadExcelCsv3,4,1,0
FileHelpers.Tests.CommonTests,ExcelCsv,ReadIrregularExcelCsv,8,3,0
FileHelpers.Tests.CommonTests,FieldAligment,RunAlignTest,7,1,0
FileHelpers.Tests.CommonTests,FieldAligment,AlignLeft,11,1,0
FileHelpers.Tests.CommonTests,FieldAligment,AlignRigth,11,1,0
FileHelpers.Tests.CommonTests,FieldAligment,AlignCenter,11,1,0
FileHelpers.Tests.CommonTests,FieldDelimited,CustomDelimiter,8,1,0
FileHelpers.Tests.CommonTests,FieldDelimited,AnotherDelimiterTest,17,1,0
FileHelpers.Tests.CommonTests,FieldHiddenTests,IgnoreFirst,7,2,0
FileHelpers.Tests.CommonTests,FieldHiddenTests,IgnoreMiddle,7,2,0
FileHelpers.Tests.CommonTests,FieldHiddenTests,IgnoreLast,9,2,0
FileHelpers.Tests.CommonTests,FieldHiddenTests,IgnoreMiddle2,9,2,0
FileHelpers.Tests.CommonTests,IgnoreEmpties,IgnoreEmpty1,6,1,0
FileHelpers.Tests.CommonTests,IgnoreEmpties,IgnoreEmpty2,6,1,0
FileHelpers.Tests.CommonTests,IgnoreEmpties,IgnoreEmpty3,6,1,0
FileHelpers.Tests.CommonTests,IgnoreEmpties,IgnoreEmpty1Async,6,1,0
FileHelpers.Tests.CommonTests,IgnoreEmpties,IgnoreEmpty3Async,6,1,0
FileHelpers.Tests.CommonTests,IgnoreEmpties,IgnoreEmpty4Bad,5,1,0
FileHelpers.Tests.CommonTests,IgnoreEmpties,IgnoreEmpty4BadAsync,5,1,0
FileHelpers.Tests.CommonTests,IgnoreEmpties,IgnoreEmpty4,6,1,0
FileHelpers.Tests.CommonTests,IgnoreEmpties,IgnoreEmpty5,6,1,0
FileHelpers.Tests.CommonTests,IgnoreEmpties,IgnoreComment1,6,1,0
FileHelpers.Tests.CommonTests,IgnoreEmpties,IgnoreComment1Async,6,1,0
FileHelpers.Tests.CommonTests,IgnoreEmpties,IgnoreComment2,6,1,0
FileHelpers.Tests.CommonTests,IgnoreEmpties,IgnoreComment3,6,1,0
FileHelpers.Tests.CommonTests,IgnoreEmpties,IgnoreComment4,6,1,0
FileHelpers.Tests.CommonTests,IgnoreFirsts,DiscardFirst1,5,1,0
FileHelpers.Tests.CommonTests,IgnoreFirsts,DiscardFirst2,7,1,0
FileHelpers.Tests.CommonTests,IgnoreFirsts,DiscardFirst3,5,1,0
FileHelpers.Tests.CommonTests,IgnoreFirsts,DiscardFirst4,7,1,0
FileHelpers.Tests.CommonTests,IgnoreFirsts,DiscardFirst5,6,1,0
FileHelpers.Tests.CommonTests,IgnoreFirsts,DiscardFirst6,7,1,0
FileHelpers.Tests.CommonTests,IgnoreFirsts,DiscardFirst7,6,1,0
FileHelpers.Tests.CommonTests,IgnoreFirsts,DiscardFirst8,5,1,0
FileHelpers.Tests.CommonTests,IgnoreFirsts,DiscardFirst9,6,1,0
FileHelpers.Tests.CommonTests,IgnoreFirsts,DiscardFirstA,5,1,0
FileHelpers.Tests.CommonTests,IgnoreFirsts,DiscardFirstReport,8,1,0
FileHelpers.Tests.CommonTests,IgnoreFirsts,DiscardWriteRead,14,2,0
FileHelpers.Tests.CommonTests,IgnoreFirsts,DiscardWriteRead2,19,3,0
FileHelpers.Tests.CommonTests,IgnoreFirsts,DiscardFirstAndQuoted,6,1,0
FileHelpers.Tests.CommonTests,IgnoreLasts,DiscardLast1,6,1,0
FileHelpers.Tests.CommonTests,IgnoreLasts,DiscardLast2,7,1,0
FileHelpers.Tests.CommonTests,IgnoreLasts,DiscardLast2bis,7,1,0
FileHelpers.Tests.CommonTests,IgnoreLasts,DiscardLast3,6,1,0
FileHelpers.Tests.CommonTests,IgnoreLasts,DiscardLast4,7,1,0
FileHelpers.Tests.CommonTests,IgnoreLasts,DiscardLast5,6,1,0
FileHelpers.Tests.CommonTests,IgnoreLasts,DiscardLast6,10,2,0
FileHelpers.Tests.CommonTests,IgnoreLasts,DiscardWriteRead,14,2,0
FileHelpers.Tests.CommonTests,IgnoreLasts,DiscardWriteRead2,20,3,0
FileHelpers.Tests.CommonTests,ImageConverterTest,WriteReadImage,19,1,0
FileHelpers.Tests.CommonTests,ImageConverterTest,ReadImageData,17,1,0
FileHelpers.Tests.CommonTests,ImageConverter,StringToField,6,1,1
FileHelpers.Tests.CommonTests,ImageConverter,FieldToString,6,1,1
FileHelpers.Tests.CommonTests,InheritedTests,Inherited1,18,1,0
FileHelpers.Tests.CommonTests,InheritedTests,InheritedEmpty,14,1,0
FileHelpers.Tests.CommonTests,InheritedTests,Inherited2,3,1,0
FileHelpers.Tests.CommonTests,InheritedTests,InheritedEmptyDelimited,3,1,0
FileHelpers.Tests.CommonTests,InheritedTests,IgnoreInherited1,15,1,0
FileHelpers.Tests.CommonTests,InheritedTests,IgnoreInherited2,16,1,0
FileHelpers.Tests.CommonTests,AmexFieldLengths,AmexFieldLengths,1,1,0
FileHelpers.Tests.CommonTests,InNewLineTest,InNewLine0,9,1,0
FileHelpers.Tests.CommonTests,InNewLineTest,InNewLine0rw,11,1,0
FileHelpers.Tests.CommonTests,InNewLineTest,InNewLine1,9,1,0
FileHelpers.Tests.CommonTests,InNewLineTest,InNewLine1rw,11,1,0
FileHelpers.Tests.CommonTests,InNewLineTest,InNewLineFixed1,9,1,0
FileHelpers.Tests.CommonTests,InNewLineTest,InNewLineFixed1rw,11,1,0
FileHelpers.Tests.CommonTests,InNewLineTest,InNewLine2,12,1,0
FileHelpers.Tests.CommonTests,InNewLineTest,InNewLine2rw,13,1,0
FileHelpers.Tests.CommonTests,InNewLineTest,InNewLineFixed2,12,1,0
FileHelpers.Tests.CommonTests,InNewLineTest,InNewLineFixed2rw,14,1,0
FileHelpers.Tests.CommonTests,InNewLineTest,InNewLine3Bad,5,1,0
FileHelpers.Tests.CommonTests,InNewLineTest,InNewLine4Bad,5,1,0
FileHelpers.Tests.CommonTests,InNewLineTest,InNewLineAfterOptional1,18,1,0
FileHelpers.Tests.CommonTests,InNewLineTest,InNewLineAfterOptional2,5,1,0
FileHelpers.Tests.CommonTests,IntegerSeparators,ReadFileDefault,13,1,0
FileHelpers.Tests.CommonTests,IntegerSeparators,ReadFileDefined,13,1,0
FileHelpers.Tests.CommonTests,LineCounter,ReadFile,7,1,0
FileHelpers.Tests.CommonTests,LineCounter,AsyncRead,22,1,0
FileHelpers.Tests.CommonTests,MultiLine,MultilineFull,6,1,0
FileHelpers.Tests.CommonTests,NullWriters,WriteNull,15,1,0
FileHelpers.Tests.CommonTests,NullWriters,WriteNullAsync,19,2,0
FileHelpers.Tests.CommonTests,NullWriters,ReadNullableTypes,15,1,0
FileHelpers.Tests.CommonTests,NullWriters,WriteNullableTypes1,34,1,0
FileHelpers.Tests.CommonTests,NullWriters,WriteNullableTypes2,20,1,0
FileHelpers.Tests.CommonTests,NullWriters,RunTimeEmptyGuidProperties,22,1,0
FileHelpers.Tests.CommonTests,OptionalFields,Fixed0,5,1,0
FileHelpers.Tests.CommonTests,OptionalFields,Fixed1,5,1,0
FileHelpers.Tests.CommonTests,OptionalFields,Fixed2,5,1,0
FileHelpers.Tests.CommonTests,OptionalFields,Delimited0,5,1,0
FileHelpers.Tests.CommonTests,OptionalFields,Delimited1,7,1,0
FileHelpers.Tests.CommonTests,OptionalFields,Delimited1Quoted,7,1,0
FileHelpers.Tests.CommonTests,OptionalFields,Delimited2,9,1,0
FileHelpers.Tests.CommonTests,OptionalFields,Delimited2Quoted,9,1,0
FileHelpers.Tests.CommonTests,OptionalFields,Delimited3,7,1,0
FileHelpers.Tests.CommonTests,OptionalFields,Delimited4,7,1,0
FileHelpers.Tests.CommonTests,OptionalFields,Delimited5,7,1,0
FileHelpers.Tests.CommonTests,OptionalFields,DelimitedFull,5,1,0
FileHelpers.Tests.CommonTests,OptionalFields,DelimitedFull2,5,1,0
FileHelpers.Tests.CommonTests,OptionalFields,OptionalWithAutoProps,5,1,0
FileHelpers.Tests.CommonTests,Orders,RunTests,5,1,1
FileHelpers.Tests.CommonTests,Orders,Fixed,3,1,0
FileHelpers.Tests.CommonTests,Orders,Tab,3,1,0
FileHelpers.Tests.CommonTests,Orders,VerticalBar,3,1,0
FileHelpers.Tests.CommonTests,Orders,SemiColon,3,1,0
FileHelpers.Tests.CommonTests,Progress,ReadFileNotifyRecord,11,1,0
FileHelpers.Tests.CommonTests,Progress,WriteFileNotifyRecord,18,2,0
FileHelpers.Tests.CommonTests,Progress,WriteFileNotifyPercent,18,2,0
FileHelpers.Tests.CommonTests,Progress,ProgressChange,4,1,2
FileHelpers.Tests.CommonTests,Progress,ProgressChangePercent,4,1,2
FileHelpers.Tests.CommonTests,QuotedStringEntities,OrdersQuoted,11,1,0
FileHelpers.Tests.CommonTests,QuotedStringEntities,OrdersQuoted2,11,1,0
FileHelpers.Tests.CommonTests,QuotedStringEntities,CustomersQuoted,8,1,0
FileHelpers.Tests.CommonTests,QuotedStringEntities,CustomersQuoted2,8,1,0
FileHelpers.Tests.CommonTests,QuotedStringEntities,OrdersQuotedWrite,13,1,0
FileHelpers.Tests.CommonTests,QuoteModeTests,ValidateData,5,2,1
FileHelpers.Tests.CommonTests,QuoteModeTests,ValidateData,5,2,1
FileHelpers.Tests.CommonTests,QuoteModeTests,ReadOptionalRead,5,1,0
FileHelpers.Tests.CommonTests,QuoteModeTests,ReadOptionalWrite,5,1,0
FileHelpers.Tests.CommonTests,QuoteModeTests,WriteOptionalRead,9,2,0
FileHelpers.Tests.CommonTests,QuoteModeTests,AutoRemoveQuotes,5,1,0
FileHelpers.Tests.CommonTests,QuoteModeTests,OptionalForReadOnEmptyFields,10,1,0
FileHelpers.Tests.CommonTests,Readers,ReadFile,14,1,0
FileHelpers.Tests.CommonTests,Readers,ReadFileStatic,11,1,0
FileHelpers.Tests.CommonTests,Readers,AsyncRead,17,1,0
FileHelpers.Tests.CommonTests,Readers,AsyncReadMoreAndMore,14,1,0
FileHelpers.Tests.CommonTests,Readers,AsyncRead2,15,2,0
FileHelpers.Tests.CommonTests,Readers,AsyncReadEnumerable,13,2,0
FileHelpers.Tests.CommonTests,Readers,AsyncReadEnumerableBad,9,1,0
FileHelpers.Tests.CommonTests,Readers,AsyncReadEnumerable2,14,2,0
FileHelpers.Tests.CommonTests,Readers,AsyncReadEnumerableAutoDispose,7,1,0
FileHelpers.Tests.CommonTests,Readers,ReadStream,18,1,0
FileHelpers.Tests.CommonTests,Readers,ReadString,18,1,0
FileHelpers.Tests.CommonTests,Readers,ReadStringStatic,15,1,0
FileHelpers.Tests.CommonTests,Readers,ReadEmpty,9,1,0
FileHelpers.Tests.CommonTests,Readers,ReadEmptyStream,8,1,0
FileHelpers.Tests.CommonTests,Readers,ReadFileAsDataTable,14,1,0
FileHelpers.Tests.CommonTests,Readers,ReadAsyncFieldIndex,17,2,0
FileHelpers.Tests.CommonTests,ReadersFieldIndexer,AsyncFieldIndex1,13,2,0
FileHelpers.Tests.CommonTests,ReadersFieldIndexer,AsyncFieldIndex2,10,2,0
FileHelpers.Tests.CommonTests,ReadersFieldIndexer,AsyncFieldIndex3,10,2,0
FileHelpers.Tests.CommonTests,ReadersFieldIndexer,AsyncFieldIndex4,10,3,0
FileHelpers.Tests.CommonTests,ReadersFieldIndexer,AsyncFieldIndexBad1,9,2,0
FileHelpers.Tests.CommonTests,ReadersFieldIndexer,AsyncFieldIndexBad2,11,1,0
FileHelpers.Tests.CommonTests,ReadersFieldIndexer,AsyncFieldIndexBad3,5,1,0
FileHelpers.Tests.CommonTests,ReadersFieldIndexer,AsyncFieldIndexBad4,5,1,0
FileHelpers.Tests.CommonTests,ReadersFieldIndexer,AsyncFieldIndexBad5,8,2,0
FileHelpers.Tests.CommonTests,ReadersFieldIndexer,FieldNames,8,1,0
FileHelpers.Tests.CommonTests,ReadersFieldIndexer,FieldTypes,8,1,0
FileHelpers.Tests.CommonTests,ReadersFirst,ReadFileMaxRecords01,14,1,0
FileHelpers.Tests.CommonTests,ReadersFirst,ReadFileMaxRecords02,8,1,0
FileHelpers.Tests.CommonTests,ReadersFirst,ReadFileMaxRecords03,8,1,0
FileHelpers.Tests.CommonTests,ReadersFirst,ReadMaxRecords04,8,1,0
FileHelpers.Tests.CommonTests,ReadersFirst,ReadMaxRecords05,7,1,0
FileHelpers.Tests.CommonTests,ReadersFirst,ReadFileMaxRecords06,8,1,0
FileHelpers.Tests.CommonTests,ReadersFirst,ReadFileMaxRecords07,9,1,0
FileHelpers.Tests.CommonTests,ReadersFirst,ReadFileMaxRecords08,9,1,0
FileHelpers.Tests.CommonTests,ReadersFirst,ReadFileMaxRecords09,4,1,0
FileHelpers.Tests.CommonTests,ReadersFirst,ReadFileMaxRecords10,4,1,0
FileHelpers.Tests.CommonTests,ReadersGenerics,ReadFile,14,1,0
FileHelpers.Tests.CommonTests,ReadersGenerics,ReadFileStatic,11,1,0
FileHelpers.Tests.CommonTests,ReadersGenerics,AsyncRead,17,1,0
FileHelpers.Tests.CommonTests,ReadersGenerics,AsyncReadMoreAndMore,14,1,0
FileHelpers.Tests.CommonTests,ReadersGenerics,AsyncRead2,15,2,0
FileHelpers.Tests.CommonTests,ReadersGenerics,AsyncReadEnumerable,13,2,0
FileHelpers.Tests.CommonTests,ReadersGenerics,AsyncReadEnumerableBad,9,1,0
FileHelpers.Tests.CommonTests,ReadersGenerics,AsyncReadEnumerable2,13,2,0
FileHelpers.Tests.CommonTests,ReadersGenerics,AsyncReadEnumerableAutoDispose,6,1,0
FileHelpers.Tests.CommonTests,ReadersGenerics,ReadStream,18,1,0
FileHelpers.Tests.CommonTests,ReadersGenerics,ReadString,19,1,0
FileHelpers.Tests.CommonTests,ReadersGenerics,ReadStringStatic,15,1,0
FileHelpers.Tests.CommonTests,ReadersGenerics,ReadEmpty,9,1,0
FileHelpers.Tests.CommonTests,ReadersGenerics,ReadEmptyStream,8,1,0
FileHelpers.Tests.CommonTests,ReadersGenerics,ReadFileAsDataTable,14,1,0
FileHelpers.Tests.CommonTests,SortRecords,Sort1,10,1,0
FileHelpers.Tests.CommonTests,SortRecords,Sort2,10,1,0
FileHelpers.Tests.CommonTests,SortRecords,Sort3,6,1,0
FileHelpers.Tests.CommonTests,SortRecords,Sort4,10,1,0
FileHelpers.Tests.CommonTests,SortRecords,Sort5,7,1,0
FileHelpers.Tests.CommonTests,CustomersSort,CompareTo,8,3,1
FileHelpers.Tests.CommonTests,TransformEngine,CsvToFixedLength,9,2,0
FileHelpers.Tests.CommonTests,TransformEngine,CsvToFixedLengthCommon,8,2,0
FileHelpers.Tests.CommonTests,TransformEngine,CsvToFixedLengthCommonAsync,8,2,0
FileHelpers.Tests.CommonTests,TransformEngine,CsvToFixedLength2,11,2,0
FileHelpers.Tests.CommonTests,TransformEngine,TransformRecords,7,1,0
FileHelpers.Tests.CommonTests,TransformEngine,CsvToDelimited,9,2,0
FileHelpers.Tests.CommonTests,TransformEngine,CsvToDelimitedCommon,8,2,0
FileHelpers.Tests.CommonTests,TransformEngine,CsvToDelimitedCommonAsync,8,2,0
FileHelpers.Tests.CommonTests,TransformEngine,CsvToDelimited2,11,2,0
FileHelpers.Tests.CommonTests,TransformEngine,AsyncCsvToFixedLength,9,2,0
FileHelpers.Tests.CommonTests,TransformEngine,AsyncCsvToFixedLength2,11,2,0
FileHelpers.Tests.CommonTests,TransformEngine,AsyncCsvToDelimited,9,2,0
FileHelpers.Tests.CommonTests,TransformEngine,AsyncCsvToDelimited2,11,2,0
FileHelpers.Tests.CommonTests,FromClass,TransformTo,7,1,0
FileHelpers.Tests.CommonTests,FromClass,TransformTo,7,1,0
FileHelpers.Tests.CommonTests,Trimming,TrimLeft,12,1,0
FileHelpers.Tests.CommonTests,Trimming,TrimRigth,12,1,0
FileHelpers.Tests.CommonTests,Trimming,TrimBoth,12,1,0
FileHelpers.Tests.CommonTests,Trimming,TrimNone,12,1,0
FileHelpers.Tests.CommonTests,Writers,WriteFile,15,2,0
FileHelpers.Tests.CommonTests,Writers,WriteFileStatic,14,2,0
FileHelpers.Tests.CommonTests,Writers,WriteStream,17,1,0
FileHelpers.Tests.CommonTests,Writers,WriteString,15,1,0
FileHelpers.Tests.CommonTests,Writers,WriteStringStatic,14,1,0
FileHelpers.Tests.CommonTests,Writers,WriteStringNullableGuid,5,1,0
FileHelpers.Tests.CommonTests,WritersMaxRecords,WriteFile,17,2,0
FileHelpers.Tests.CommonTests,WritersMaxRecords,WriteStream,17,1,0
FileHelpers.Tests.CommonTests,WritersMaxRecords,WriteString,15,1,0
FileHelpers.Tests.CommonTests,WritersMaxRecords,WriteFile2,17,2,0
FileHelpers.Tests.CommonTests,WritersMaxRecords,WriteStream2,17,1,0
FileHelpers.Tests.CommonTests,WritersMaxRecords,WriteString2,15,1,0
FileHelpers.Tests.CommonTests,TransformBad,Transform3,5,1,0
FileHelpers.Tests.CommonTests,FromClass3,TransformTo,7,1,0
FileHelpers.Tests.CommonTests,FromClass4,TransformTo,7,1,0
FileHelpers.Tests.CommonTests,Autoproperties,AutopropertiesSimple,6,1,0
FileHelpers.Tests.CommonTests,Autoproperties,AutopropertiesLastIsFieldBad,6,1,0
FileHelpers.Tests.CommonTests,Autoproperties,AutopropertiesMixNoFieldOrder,6,1,0
FileHelpers.Tests.CommonTests,Autoproperties,AutopropertiesLastIsField,7,1,0
FileHelpers.Tests.CommonTests,Autoproperties,AutopropertiesFirstIsField,7,1,0
FileHelpers.Tests.CommonTests,Autoproperties,AutopropertiesMidIsField,7,1,0
FileHelpers.Tests.CommonTests,Autoproperties,AutopropertiesFieldHidden,6,1,0
FileHelpers.Tests.CommonTests,Autoproperties,AutopropertiesFieldConverter,6,1,0
FileHelpers.Tests.CommonTests,Autoproperties,AutopropertiesFieldDelimiter,8,1,0
FileHelpers.Tests.CommonTests,Autoproperties,AutopropertiesFieldFixedLength,8,1,0
FileHelpers.Tests.CommonTests,Autoproperties,AutopropertiesFieldFieldAlign,8,1,0
FileHelpers.Tests.CommonTests,Autoproperties,AutopropertiesFieldCaption,6,1,0
FileHelpers.Tests.CommonTests,Autoproperties,AutopropertiesFieldValueDiscarded,6,1,0
FileHelpers.Tests.CommonTests,Autoproperties,AutopropertiesFieldNullValue,6,1,0
FileHelpers.Tests.CommonTests,Autoproperties,AutopropertiesFieldNotEmpty,6,1,0
FileHelpers.Tests.CommonTests,Autoproperties,AutopropertiesFieldQuoted,8,1,0
FileHelpers.Tests.CommonTests,Autoproperties,AutopropertiesFieldTrim,6,1,0
FileHelpers.Tests.CommonTests,Autoproperties,AutopropertiesFieldOptional,6,1,0
FileHelpers.Tests.CommonTests,SorterTests,Sort6xhalf,3,1,0
FileHelpers.Tests.CommonTests,SorterTests,Sort6x1,3,1,0
FileHelpers.Tests.CommonTests,SorterTests,Sort6xthid,3,1,0
FileHelpers.Tests.CommonTests,SorterTests,Sort6x35,3,1,0
FileHelpers.Tests.CommonTests,SorterTests,Sort6x6,3,1,0
FileHelpers.Tests.CommonTests,SorterTests,Sort6x20,3,1,0
FileHelpers.Tests.CommonTests,SorterTests,Sort4x20Reverse,3,1,0
FileHelpers.Tests.CommonTests,SorterTests,Sort6xhalfHeaderFooter,3,1,0
FileHelpers.Tests.CommonTests,SorterTests,Sort6x1HeaderFooter,3,1,0
FileHelpers.Tests.CommonTests,SorterTests,Sort6x2HeaderFooter,3,1,0
FileHelpers.Tests.CommonTests,SorterTests,Sort6x35HeaderFooter,3,1,0
FileHelpers.Tests.CommonTests,SorterTests,Sort6x6HeaderFooter,3,1,0
FileHelpers.Tests.CommonTests,SorterTests,Sort6x7HeaderFooter,3,1,0
FileHelpers.Tests.CommonTests,SorterTests,Sort6x20HeaderFooter,3,1,0
FileHelpers.Tests.CommonTests,SorterTests,Sort6x2ReverseHeaderFooter,3,1,0
FileHelpers.Tests.CommonTests,SorterTests,SortMb,18,3,3
FileHelpers.Tests.CommonTests,SorterTests,ReverseFile,5,1,1
FileHelpers.Tests.CommonTests,SorterTests,SortMb,3,1,2
FileHelpers.Tests.CommonTests,SorterTests,AssertSameFile,18,4,2
FileHelpers.Tests.CommonTests,SorterTests,CreateTempFile,24,3,3
FileHelpers.Tests.CommonTests,SorterTests,CreateTempFileHeaderFooter,26,3,3
FileHelpers.Tests.CommonTests,OrdersTabHeaderFooter,CompareTo,3,1,1
FileHelpers.Tests.CommonTests,DelimitedMoreFieldsTests,MoreFields,5,1,0
FileHelpers.Tests.CommonTests,DelimitedMoreFieldsTests,MoreFields2,5,1,0
FileHelpers.Tests.CommonTests,FieldValueDiscarded,DiscardFirst,5,1,0
FileHelpers.Tests.CommonTests,FieldValueDiscarded,DiscardSecond,4,1,0
FileHelpers.Tests.CommonTests,FieldValueDiscarded,DiscardMiddle,4,1,0
FileHelpers.Tests.CommonTests,FieldValueDiscarded,DiscardLast,4,1,0
FileHelpers.Tests.CommonTests,FieldValueDiscarded,DiscardedBad,5,1,0
FileHelpers.Tests.CommonTests,FieldValueDiscarded,OrdersAllDiscarded,9,1,0
FileHelpers.Tests.CommonTests,FieldValueDiscarded,OrdersLastNotDiscarded,9,1,0
FileHelpers.Tests.CommonTests,FieldValueDiscarded,OrdersLastTwoNotDiscarded,9,1,0
FileHelpers.Tests.CommonTests,RecordInfoCloneTest,CloneSimple,6,1,0
FileHelpers.Tests.CommonTests,RecordInfoCloneTest,CloneWithOptionsChanged,10,1,0
FileHelpers.Tests.CommonTests,RecordInfoCloneTest,CloneWithOptionsChanged2,10,1,0
FileHelpers.Tests.CommonTests,RecordInfoCloneTest,CompareRecordInfo,17,1,2
FileHelpers.Tests.CommonTests,FieldOrderTests,SimpleOrder,9,1,0
FileHelpers.Tests.CommonTests,FieldOrderTests,UsingAttributeToChangeOrder,9,1,0
FileHelpers.Tests.CommonTests,FieldOrderTests,UsingAttributeToChangeOrderAutoProperties,9,1,0
FileHelpers.Tests.CommonTests,FieldOrderTests,FieldOrderWithSameNumber1,7,1,0
FileHelpers.Tests.CommonTests,FieldOrderTests,FieldOrderWithSameNumber2,7,1,0
FileHelpers.Tests.CommonTests,FieldOrderTests,PartialFieldOrderAppliedMiddle,7,1,0
FileHelpers.Tests.CommonTests,FieldOrderTests,PartialFieldOrderAppliedLast,7,1,0
FileHelpers.Tests.CommonTests,FieldOrderTests,PartialFieldOrderAppliedFirst,7,1,0
FileHelpers.Tests.CommonTests,FieldOrderTests,FieldOptionalPlusFieldOrderWrong1,7,1,0
FileHelpers.Tests.CommonTests,FieldOrderTests,FieldOptionalPlusFieldOrderWrong2,7,1,0
FileHelpers.Tests.CommonTests,FieldOrderTests,FieldOptionalPlusFieldOrderGood1,4,1,0
FileHelpers.Tests.CommonTests,FieldOrderTests,FieldOptionalPlusFieldOrderGood2,4,1,0
FileHelpers.Tests.CommonTests,FieldAligmentOrder,RunAlignTest,7,1,0
FileHelpers.Tests.CommonTests,FieldAligmentOrder,AlignLeft,11,1,0
FileHelpers.Tests.CommonTests,FieldAligmentOrder,AlignRight,11,1,0
FileHelpers.Tests.CommonTests,FieldAligmentOrder,AlignCenter,11,1,0
FileHelpers.Tests.CommonTests,FixedModeTests,ExactLength,16,1,0
FileHelpers.Tests.CommonTests,FixedModeTests,LessChars,16,1,0
FileHelpers.Tests.CommonTests,FixedModeTests,MoreChars,16,1,0
FileHelpers.Tests.CommonTests,FixedModeTests,VariableChars,16,1,0
FileHelpers.Tests.CommonTests,FixedModeTests,WithOutLastField,6,1,0
FileHelpers.Tests.CommonTests,FixedModeTests,WithOutLastTwoField,6,1,0
FileHelpers.Tests.CommonTests,FixedModeTests,WithOut1AndHaldFields,6,1,0
FileHelpers.Tests.CommonTests,FixedModeTests,WithOutLastFieldWithOptional,6,1,0
FileHelpers.Tests.CommonTests,FixedModeTests,WithOutLastTwoFieldWithOptional,6,1,0
FileHelpers.Tests.CommonTests,FixedModeTests,WithOut1AndHaldFieldsWithOptional,6,1,0
FileHelpers.Tests.Converters,DateFormatCulture,CheckDates,15,1,1
FileHelpers.Tests.Converters,DateFormatCulture,SpanishMonthFormatParsing1,6,1,0
FileHelpers.Tests.Converters,DateFormatCulture,SpanishMonthFormatParsing2,5,1,0
FileHelpers.Tests.Converters,DateFormatCulture,EnglishMonthFormatParsing1,5,1,0
FileHelpers.Tests.Converters,DateFormatCulture,EnglishMonthFormatParsing2,6,1,0
FileHelpers.Tests.Converters,DateFormatCulture,EnglishBadCulture,7,1,0
FileHelpers.Tests.Converters,DefaultCultureInfo,RecordWithoutCultureHasDefaultSeparator,6,1,0
FileHelpers.Tests.Converters,DefaultCultureInfo,RecordWithSpecifiedCultureInRecordAttributeUsesThatCultureByDefault,8,1,0
FileHelpers.Tests.Converters,DefaultCultureInfo,FieldWithSpecifiedCultureInFieldConverterAttributeUsesThatCulture,8,1,0
FileHelpers.Tests.Converters,DefaultCultureInfo,AssertCanConvertEnglishNumbers,8,1,1
FileHelpers.Tests.Converters,DefaultCultureInfo,AssertCanConvertFrenchNumbers,5,1,1
FileHelpers.Tests.Converters,DefaultCultureInfo,DecimalsWithFrenchCulture,11,1,0
FileHelpers.Tests.Converters,DefaultCultureInfo,DecimalsWithFrenchCulture2,11,1,0
FileHelpers.Tests.Converters,DefaultCultureInfo,CheckDecimal,5,1,2
FileHelpers.Tests.Converters,DefaultCultureInfo,CheckDecimal,5,1,2
FileHelpers.Tests.Converters,AllConverters,Test,13,1,0
FileHelpers.Tests.Converters,ConverterCharText,UpperAndLowerTest,17,1,0
FileHelpers.Tests.Converters,ConverterCharText,CrashTest,3,1,0
FileHelpers.Tests.Converters,DateFormat,DifferentSpanishFormat,17,1,0
FileHelpers.Tests.Converters,DateFormat,DifferentEnglishFormat,17,1,0
FileHelpers.Tests.Converters,DateFormat,NullDateFormat,15,1,0
FileHelpers.Tests.Converters,DateMultiFormat,NullDateFormat,17,1,0
FileHelpers.Tests.Converters,DecimalNumbers,Decimals1,15,1,0
FileHelpers.Tests.Converters,DecimalNumbers,CheckDecimal,5,1,2
FileHelpers.Tests.Converters,DecimalNumbers,NegativeNumbers,15,1,0
FileHelpers.Tests.Converters,DecimalNumbers,DecimalsWithExponents,13,1,0
FileHelpers.Tests.Converters,EnumConverter,EnumSingleCase,9,1,0
FileHelpers.Tests.Converters,EnumConverter,EnumexplicitConverter,9,1,0
FileHelpers.Tests.Converters,EnumConverter,EnumMulticase,9,1,0
FileHelpers.Tests.Converters,EnumConverter,EnumValueNotFound,14,1,0
FileHelpers.Tests.Converters,EnumConverter,EnumString,13,1,0
FileHelpers.Tests.Converters,EnumConverter,EnumNumeric,13,1,0
FileHelpers.Tests.Dynamic,ClassBuilderTests,ReadFile,14,1,0
FileHelpers.Tests.Dynamic,ClassBuilderTests,ReadFileDiffDir,17,1,0
FileHelpers.Tests.Dynamic,ClassBuilderTests,ReadFileVbNet,14,1,0
FileHelpers.Tests.Dynamic,ClassBuilderTests,ReadFileAsync,8,1,0
FileHelpers.Tests.Dynamic,ClassBuilderTests,ReadFileAsyncVbNet,8,1,0
FileHelpers.Tests.Dynamic,ClassBuilderTests,ReadFileEncDec,17,1,0
FileHelpers.Tests.Dynamic,ClassBuilderTests,ReadFileClassInFileEnc,14,1,0
FileHelpers.Tests.Dynamic,ClassBuilderTests,ReadFileClassInFile,14,1,0
FileHelpers.Tests.Dynamic,ClassBuilderTests,ReadFileClassInFileVbNet,14,1,0
FileHelpers.Tests.Dynamic,DelimitedClassBuilderTests,FullClassBuilding,23,1,0
FileHelpers.Tests.Dynamic,DelimitedClassBuilderTests,TestingNameAndTypes,21,1,0
FileHelpers.Tests.Dynamic,DelimitedClassBuilderTests,SaveLoadXmlFileDelimited,25,1,0
FileHelpers.Tests.Dynamic,DelimitedClassBuilderTests,SaveLoadXmlFileDelimited2,18,1,0
FileHelpers.Tests.Dynamic,DelimitedClassBuilderTests,SaveLoadXmlOptions,27,1,0
FileHelpers.Tests.Dynamic,DelimitedClassBuilderTests,SaveLoadXmlOptionsString,26,1,0
FileHelpers.Tests.Dynamic,DelimitedClassBuilderTests,ReadAsDataTableWithCustomConverter,32,2,0
FileHelpers.Tests.Dynamic,DelimitedClassBuilderTests,LoopingFields,7,2,0
FileHelpers.Tests.Dynamic,DelimitedClassBuilderTests,GotchClassName1,3,1,0
FileHelpers.Tests.Dynamic,DelimitedClassBuilderTests,GotchClassName2,3,1,0
FileHelpers.Tests.Dynamic,DelimitedClassBuilderTests,GotchClassName3,3,1,0
FileHelpers.Tests.Dynamic,DelimitedClassBuilderTests,GotchClassName4,3,1,0
FileHelpers.Tests.Dynamic,DelimitedClassBuilderTests,BadClassName1,4,1,0
FileHelpers.Tests.Dynamic,DelimitedClassBuilderTests,BadClassName2,4,1,0
FileHelpers.Tests.Dynamic,DelimitedClassBuilderTests,BadClassName3,4,1,0
FileHelpers.Tests.Dynamic,MyCustomConverter,StringToField,6,2,1
FileHelpers.Tests.Dynamic,MyCustomConverter,FieldToString,6,2,1
FileHelpers.Tests.Dynamic,FixedLengthClassBuilderTests,FullClassBuildingFixed,20,1,0
FileHelpers.Tests.Dynamic,FixedLengthClassBuilderTests,SaveLoadSourceFile,5,1,0
FileHelpers.Tests.Dynamic,FixedLengthClassBuilderTests,SaveLoadSourceFileVbNet,5,1,0
FileHelpers.Tests.Dynamic,FixedLengthClassBuilderTests,SaveLoadBinaryFile,5,1,0
FileHelpers.Tests.Dynamic,FixedLengthClassBuilderTests,SaveLoadBinaryFileVbNet,5,1,0
FileHelpers.Tests.Dynamic,FixedLengthClassBuilderTests,SaveLoadXmlFileFixed,28,1,0
FileHelpers.Tests.Dynamic,FixedLengthClassBuilderTests,SaveLoadXmlFileFixed2,19,1,0
FileHelpers.Tests.Dynamic,FixedLengthClassBuilderTests,CommonCreate,15,1,0
FileHelpers.Tests.Dynamic,FixedLengthClassBuilderTests,ValidateType,7,1,1
FileHelpers.Tests.Tests.DataLink,ExcelStorageNPOITests,ReadExcelStorageWithNoEmptyRows_ShouldReadAll,4,1,0
FileHelpers.Tests.Tests.DataLink,ExcelStorageNPOITests,ReadExcelStorageWithOneEmptyRows_StopAfterOneEmpty_ShouldStopEarly,4,1,0
FileHelpers.Tests.Tests.DataLink,ExcelStorageNPOITests,ReadExcelStorageWithOneEmptyRows_StopAfterTwoEmpty_ShouldNotStopEarly,4,1,0
FileHelpers.Tests.Tests.DataLink,ExcelStorageNPOITests,ReadExcelStorageWithTwoEmptyRows_StopAfterTwoEmpty_ShouldStopEarly,4,1,0
FileHelpers.Tests.Tests.DataLink,ExcelStorageNPOITests,ReadExcelStorageWithTwoEmptyRows_StopAfterThreeEmpty_ShouldNotStopEarly,4,1,0
FileHelpers.Tests.Tests.DataLink,ExcelStorageNPOITests,ReadExcelStorageWithNoEmptyRows_ShouldHandleStressTest,6,1,0
FileHelpers.Tests.Tests.DataLink,ExcelStorageNPOITests,ReadExcelStorageWithMissingCellsTest,16,1,0
FileHelpers.Tests.Tests.DataLink,ExcelStorageNPOITests,AssertExpectedResults,15,2,2
FileHelpers.Tests.Tests.DataLink,ExcelStorageNPOITests,ReadFromExcelStorage,9,1,2
FileHelpers.Tests.DataLink,DataLinks,FillRecordOrders,14,2,2
FileHelpers.Tests.DataLink,DataLinks,OrdersDbToFile,10,1,0
FileHelpers.Tests.DataLink,DataLinks,OrdersDbToFileEasy,9,1,0
FileHelpers.Tests.DataLink,DataLinks,FillRecordCustomers,10,1,2
FileHelpers.Tests.DataLink,DataLinks,CustomersDbToFile,10,1,0
FileHelpers.Tests.DataLink,DataLinks,FillRecord,11,1,1
FileHelpers.Tests.DataLink,DataLinks,GetInsertSqlCust,15,1,1
FileHelpers.Tests.DataLink,DataLinks,CustomersFileToDb,12,1,0
FileHelpers.Tests.DataLink,DataLinks,FillRecordOrder,15,2,1
FileHelpers.Tests.DataLink,DataLinks,GetInsertSqlOrder,16,1,1
FileHelpers.Tests.DataLink,DataLinks,OrdersFileToDb,12,1,0
FileHelpers.Tests.DataLink,DataLinks,ClearData,9,1,2
FileHelpers.Tests.DataLink,DataLinks,Count,9,1,2
FileHelpers.Tests.DataLink,DataProviders,OrdersProvider,8,1,0
FileHelpers.Tests.DataLink,DataProviders,FillRecordOrder,14,2,2
FileHelpers.Tests.DataLink,DataProviders,FillRecordCust,10,1,2
FileHelpers.Tests.DataLink,DataProviders,CustomersProvider,8,1,0
FileHelpers.Tests.DataLink,SqlServer,OrdersExtract,22,1,0
FileHelpers.Tests.DataLink,SqlServer,OrdersExtractToFile,27,2,0
FileHelpers.Tests.DataLink,SqlServer,OrdersExtract2,20,1,0
FileHelpers.Tests.DataLink,SqlServer,OrdersExtractBad1,6,1,0
FileHelpers.Tests.DataLink,SqlServer,OrdersExtractBad2,7,1,0
FileHelpers.Tests.DataLink,SqlServer,OrdersExtractBad3,4,1,0
FileHelpers.Tests.DataLink,SqlServer,OrdersExtractBad4,7,1,0
FileHelpers.Tests.DataLink,SqlServer,OrdersExtractBad5,6,1,0
FileHelpers.Tests.DataLink,SqlServer,FillRecordOrder,14,2,2
FileHelpers.Tests.DataLink,SqlServer,CustomerInsert,17,1,0
FileHelpers.Tests.DataLink,SqlServer,CustomersInsertEasy,16,1,0
FileHelpers.Tests.DataLink,SqlServer,OrdersInsertBad,24,1,0
FileHelpers.Tests.DataLink,SqlServer,GetInsertSqlCust,15,1,1
FileHelpers.Tests.DataLink,SqlServer,GetInsertSqlOrder,8,1,1
FileHelpers.Tests.Detector,BasicDetection,AssertDelimitedFormat,16,1,5
FileHelpers.Tests.Detector,BasicDetection,AssertFormat,11,3,5
FileHelpers.Tests.Detector,BasicDetection,DelimitedTab,3,1,0
FileHelpers.Tests.Detector,BasicDetection,DelimitedSemiColon,3,1,0
FileHelpers.Tests.Detector,BasicDetection,DelimitedComma,3,1,0
FileHelpers.Tests.Detector,BasicDetection,DelimitedMedium,3,1,0
FileHelpers.Tests.Detector,BasicDetection,FixedLength,17,1,0
FileHelpers.Tests.Detector,BasicDetection,OneColumnFixed,11,1,0
FileHelpers.Tests.Detector,BasicDetection,OneColumnNonFixed,5,1,0
FileHelpers.Tests.Detector,BasicDetection,Cities,5,1,0
FileHelpers.Tests.Detector,BasicDetection,TestDataUrlEtc,3,1,0
FileHelpers.Tests.Detector,BasicDetection,Quoted,3,1,0
FileHelpers.Tests.Detector,HeaderDetection,AssertDelimitedFormat,16,1,6
FileHelpers.Tests.Detector,HeaderDetection,AssertFormat,12,3,6
FileHelpers.Tests.Detector,HeaderDetection,DelimitedTab,3,1,0
FileHelpers.Tests.Detector,HeaderDetection,DelimitedSemiColon,3,1,0
FileHelpers.Tests.Detector,HeaderDetection,DelimitedComma,3,1,0
FileHelpers.Tests.Detector,HeaderDetection,DelimitedMedium,3,1,0
FileHelpers.Tests.Detector,HeaderDetection,Cities,5,1,0
FileHelpers.Tests.Detector,HeaderDetection,TestDataUrlEtc,3,1,0
FileHelpers.Tests.Detector,HeaderDetection,Quoted,3,1,0
FileHelpers.Tests.Detector,MultipleFiles,AssertDelimitedFormat,16,1,6
FileHelpers.Tests.Detector,MultipleFiles,AssertFormat,12,3,6
FileHelpers.Tests.Detector,MultipleFiles,DelimitedTab,4,1,0
FileHelpers.Tests.Errors,BadFormat,Reading_DateWithBadFormat_Throws_ConvertException,5,1,0
FileHelpers.Tests.Errors,BadFormat,Reading_DateWithBadFormat_Throws_ConvertException2,5,1,0
FileHelpers.Tests.Errors,BadFormat,Reading_IntWithLetters_Throws_ConvertException,5,1,0
FileHelpers.Tests.Errors,BadFormat,Reading_IntWithDot_Throws_ConvertException,5,1,0
FileHelpers.Tests.Errors,BadFormat,Reading_IntWithSpaces_Throws_ConvertException,5,1,0
FileHelpers.Tests.Errors,BadFormat,Reading_IntWithSpaces_Throws_ConvertException2,5,1,0
FileHelpers.Tests.Errors,BadFormat,NoPendingNullValue,4,1,0
FileHelpers.Tests.Errors,BadOptional,DelimitedBad1,4,1,0
FileHelpers.Tests.Errors,BadOptional,DelimitedBad2,5,1,0
FileHelpers.Tests.Errors,BadNotEmpty,FieldNotEmpty1,3,1,0
FileHelpers.Tests.Errors,BadNotEmpty,FieldNotEmpty2,3,1,0
FileHelpers.Tests.Errors,BadQuoted,BadQuoted1,4,1,0
FileHelpers.Tests.Errors,BadQuoted,BadQuoted2,4,1,0
FileHelpers.Tests.Errors,BadQuoted,BadQuoted3,4,1,0
FileHelpers.Tests.Errors,BadQuoted,BadQuoted1Async,4,1,0
FileHelpers.Tests.Errors,BadQuoted,BadQuoted2Async,4,1,0
FileHelpers.Tests.Errors,BadQuoted,BadQuoted3Async,4,1,0
FileHelpers.Tests.Errors,BadQuoted,BadNoQuotes,4,1,0
FileHelpers.Tests.Errors,BadUsage,DuplicatedDefinition,4,1,0
FileHelpers.Tests.Errors,BadUsage,SwitchedAttb1,4,1,0
FileHelpers.Tests.Errors,BadUsage,SwitchedAttb2,4,1,0
FileHelpers.Tests.Errors,BadUsage,NullValue1,4,1,0
FileHelpers.Tests.Errors,BadUsage,NoMarked,4,1,0
FileHelpers.Tests.Errors,BadUsage,FixedWithOutLength,4,1,0
FileHelpers.Tests.Errors,BadUsage,NoFields,4,1,0
FileHelpers.Tests.Errors,BadUsage,NoFields2,4,1,0
FileHelpers.Tests.Errors,BadUsage,NoFields2Obsoletes1,4,1,0
FileHelpers.Tests.Errors,BadUsage,NoFields2Obsoletes2,4,1,0
FileHelpers.Tests.Errors,BadUsage,NoFields3,4,1,0
FileHelpers.Tests.Errors,BadUsage,NoConstructor,4,1,0
FileHelpers.Tests.Errors,BadUsage,NoConstructorConverter,4,1,0
FileHelpers.Tests.Errors,BadUsage,NoConstructorConverter2,4,1,0
FileHelpers.Tests.Errors,BadUsage,NoConstructorConverter3,4,1,0
FileHelpers.Tests.Errors,BadUsage,NoConstructorConverter4,4,1,0
FileHelpers.Tests.Errors,BadUsage,BadDateFormat1,4,1,0
FileHelpers.Tests.Errors,BadUsage,BadDateFormat2,4,1,0
FileHelpers.Tests.Errors,BadUsage,AlignError,4,1,0
FileHelpers.Tests.Errors,BadUsage,NonSystemType,4,1,0
FileHelpers.Tests.Errors,BadUsage,ValueType,4,1,0
FileHelpers.Tests.Errors,BadUsage,BadRecordType,5,1,0
FileHelpers.Tests.Errors,BadUsage,NullRecordType,4,1,0
FileHelpers.Tests.Errors,BadUsage,WriteBadUsage,10,1,0
FileHelpers.Tests.Errors,BadUsage,WriteBadUsage2,5,1,0
FileHelpers.Tests.Errors,NoConstructorClass,NoConstructorClass,3,1,1
FileHelpers.Tests.Errors,ConvClass,ConvClass,1,1,1
FileHelpers.Tests.Errors,ConvClass,StringToField,3,1,1
FileHelpers.Tests.Errors,ErrorModeValidator,Setup,3,1,0
FileHelpers.Tests.Errors,ErrorModeValidator,IgnoreAndContinue,5,1,0
FileHelpers.Tests.Errors,ErrorModeValidator,Constructors,6,1,0
FileHelpers.Tests.Errors,ErrorModeValidator,Constructors2,6,1,0
FileHelpers.Tests.Errors,ErrorModeValidator,SaveAndContinue,8,1,0
FileHelpers.Tests.Errors,ErrorModeValidator,SaveAndContinue2,9,1,0
FileHelpers.Tests.Errors,ErrorModeValidator,SaveAndContinue3,10,1,0
FileHelpers.Tests.Errors,ErrorModeValidator,SaveAndContinue4,10,1,0
FileHelpers.Tests.Errors,ErrorModeValidator,ThrowException,5,1,0
FileHelpers.Tests.Errors,ErrorModeValidator,AllBad,6,1,0
FileHelpers.Tests.Errors,ErrorModeValidator,ErrorManagerEnumerable,13,2,0
FileHelpers.Tests.Errors,ErrorModeValidator,ErrorsOrder,10,1,0
FileHelpers.Tests.Errors,ErrorModeValidator,RecordString,11,1,0
FileHelpers.Tests.Errors,ErrorModeValidator,SaveToFile,13,1,0
FileHelpers.Tests.Errors,ErrorModeValidator,SaveToFile2,11,1,0
FileHelpers.Tests.Errors,ErrorModeValidatorAsync,Setup,3,1,0
FileHelpers.Tests.Errors,ErrorModeValidatorAsync,IgnoreAndContinue,5,1,0
FileHelpers.Tests.Errors,ErrorModeValidatorAsync,SaveAndContinue,8,1,0
FileHelpers.Tests.Errors,ErrorModeValidatorAsync,SaveAndContinue2,9,1,0
FileHelpers.Tests.Errors,ErrorModeValidatorAsync,ThrowException,5,1,0
FileHelpers.Tests.Errors,ErrorModeValidatorAsync,AllBad,6,1,0
FileHelpers.Tests.Errors,ErrorModeValidatorAsync,ErrorsOrder,10,1,0
FileHelpers.Tests.Errors,ErrorModeValidatorAsync,RecordString,11,1,0
FileHelpers.Tests.Errors,ErrorModeValidatorAsync,SaveToFile,13,1,0
FileHelpers.Tests.Errors,ErrorModeValidatorAsync,SaveToFile2,11,1,0
FileHelpers.Tests.Errors,ErrorModeValidatorAsync,BeginReadWhileWriting,16,1,0
FileHelpers.Tests.Errors,ErrorModeValidatorAsync,BeginWriteWhileReading,7,1,0
FileHelpers.Tests.Errors,OtherErrors,FileNotFound,5,1,0
FileHelpers.Tests.Errors,OtherErrors,NullReader,5,1,0
FileHelpers.Tests.Errors,OtherErrors,NullString,4,1,0
FileHelpers.Tests.Errors,OtherErrors,NullWriter,5,1,0
FileHelpers.Tests.Errors,OtherErrors,NullRecords,5,1,0
FileHelpers.Tests.Errors,OtherErrors,FileNotFound2,5,1,0
FileHelpers.Tests.Errors,OtherErrors,FileNotFound3,5,1,0
FileHelpers.Tests.Errors,OtherErrors,NullReader2,5,1,0
FileHelpers.Tests.Errors,OtherErrors,NullString2,4,1,0
FileHelpers.Tests.Errors,OtherErrors,NullWriter2,5,1,0
FileHelpers.Tests.Errors,OtherErrors,NullRecords2,6,1,0
FileHelpers.Tests.Errors,BadDelimited,Reading_EmptyLine_Throws_FileHelpersException,5,1,0
FileHelpers.Tests.Errors,BadDelimited,Reading_EmptyLineInTheMiddle_Throws_FileHelpersException,5,1,0
FileHelpers.Tests.Errors,BadDelimited,Reading_EmptyLineAtEnd_Throws_FileHelpersException,5,1,0
FileHelpers.Tests.Errors,BadDelimited,Reading_DelimiterNotFoundFirstField_Throws_FileHelpersException,5,1,0
FileHelpers.Tests.Errors,BadDelimited,Reading_DelimiterNotFoundMiddleField_Throws_FileHelpersException,5,1,0
FileHelpers.Tests.Errors,BadDelimited,Reading_DelimiterNotFoundLastField_Throws_FileHelpersException,5,1,0
FileHelpers.Tests.FileHelpers,DelimitedFieldTests,GivenModeIsAlwaysQuotedWhenLineInfoIsNotQuotedThenAnExceptionIsThrown,12,1,0
FileHelpers.Tests.Helpers,StreamHelperTest,TestDosFile,13,1,0
FileHelpers.Tests.Helpers,StreamHelperTest,ProcessAppend,13,1,5
FileHelpers.Tests.MasterDetail,MasterDetail,CustomerOrdersRead,25,1,0
FileHelpers.Tests.MasterDetail,MasterDetail,CustomerOrdersWrite,32,2,0
FileHelpers.Tests.MasterDetail,MasterDetail,Test1Selector,6,2,1
FileHelpers.Tests.MasterDetail,MasterDetail2,CustomerOrdersRead,26,1,0
FileHelpers.Tests.MasterDetail,MasterDetail2,CustomerOrdersRead2,26,1,0
FileHelpers.Tests.MasterDetail,MasterDetail2,CustomerOrdersWrite2,30,3,0
FileHelpers,FileTestBase,GetFullPathName,0,1,0
FileHelpers,FileTestBase,Execute,3,1,1
FileHelpers,FileTestBase,ReadWithEngine,4,1,0
FileHelpers,FileTestBase,ReadWithEngine,4,1,1
FileHelpers,FileTestBase,ReadWithEngine,3,1,1
FileHelpers,FileTestBase,ReadWithEngine,3,1,2
FileHelpers,FileTestBase,BeginRead,5,1,0
FileHelpers,FileTestBase,ReadWithAsyncEngine,4,1,0
FileHelpers,FileTestBase,ReadWithAsyncEngine,8,2,1
KellermanSoftware.CompareNetObjects,CompareObjects,Compare,6,1,2
KellermanSoftware.CompareNetObjects,CompareObjects,Compare,49,15,3
KellermanSoftware.CompareNetObjects,CompareObjects,CompareDataRow,41,10,3
KellermanSoftware.CompareNetObjects,CompareObjects,CompareDataTable,35,10,3
KellermanSoftware.CompareNetObjects,CompareObjects,CompareDataset,27,7,3
KellermanSoftware.CompareNetObjects,CompareObjects,IsTimespan,3,1,1
KellermanSoftware.CompareNetObjects,CompareObjects,IsEnum,3,1,1
KellermanSoftware.CompareNetObjects,CompareObjects,IsStruct,3,1,1
KellermanSoftware.CompareNetObjects,CompareObjects,IsSimpleType,10,2,1
KellermanSoftware.CompareNetObjects,CompareObjects,ValidStructSubType,9,1,1
KellermanSoftware.CompareNetObjects,CompareObjects,IsArray,3,1,1
KellermanSoftware.CompareNetObjects,CompareObjects,IsClass,3,1,1
KellermanSoftware.CompareNetObjects,CompareObjects,IsIDictionary,3,1,1
KellermanSoftware.CompareNetObjects,CompareObjects,IsDataset,3,1,1
KellermanSoftware.CompareNetObjects,CompareObjects,IsDataRow,3,1,1
KellermanSoftware.CompareNetObjects,CompareObjects,IsDataTable,3,1,1
KellermanSoftware.CompareNetObjects,CompareObjects,IsIList,3,1,1
KellermanSoftware.CompareNetObjects,CompareObjects,IsChildType,8,1,1
KellermanSoftware.CompareNetObjects,CompareObjects,CompareTimespan,4,2,3
KellermanSoftware.CompareNetObjects,CompareObjects,CompareEnum,6,2,3
KellermanSoftware.CompareNetObjects,CompareObjects,CompareSimpleType,9,4,3
KellermanSoftware.CompareNetObjects,CompareObjects,CompareStruct,15,4,3
KellermanSoftware.CompareNetObjects,CompareObjects,CompareClass,20,4,3
KellermanSoftware.CompareNetObjects,CompareObjects,PerformCompareFields,34,7,4
KellermanSoftware.CompareNetObjects,CompareObjects,PerformCompareProperties,50,10,4
KellermanSoftware.CompareNetObjects,CompareObjects,IsValidIndexer,16,6,4
KellermanSoftware.CompareNetObjects,CompareObjects,CompareIndexer,26,5,4
KellermanSoftware.CompareNetObjects,CompareObjects,CompareIDictionary,38,8,3
KellermanSoftware.CompareNetObjects,CompareObjects,cStr,12,3,1
KellermanSoftware.CompareNetObjects,CompareObjects,CompareIList,36,7,3
KellermanSoftware.CompareNetObjects,CompareObjects,AddBreadCrumb,19,4,4
KellermanSoftware.CompareNetObjects,CompareObjects,AddBreadCrumb,8,1,4
FileHelpers.Tests.Mocking,FileHelperEngineTests,BasicMocking,36,1,0
FileHelpers.Tests.Mocking,FileHelperEngineTests,FileNotFoundException,10,1,0
FileHelpers.Tests.Mocking,FileHelperEngineTests,UnhandledExceptionBasic,10,1,0
FileHelpers.Tests.Mocking,FileHelperEngineTests,UnhandledExceptionAnother,10,1,0
FileHelpers.Tests.Mocking,FileHelperEngineTests,BubblingOutOfMemory,10,1,0
FileHelpers.Tests.Mocking,FileHelpersClient,FileHelpersClient,3,1,1
FileHelpers.Tests.Mocking,FileHelpersClient,WorkWithFiles,17,1,0
