Method,LOC,CC,PC
AltTab:GetWindowLong,1,1,2
AltTab:SetWindowLong,1,1,3
AltTab:HideAltTab,6,1,1
AltTab:ShowAltTab,6,1,1
AltTab:SetWindowLong,21,3,3
AltTab:IntSetWindowLongPtr,1,1,3
AltTab:IntSetWindowLong,1,1,3
AltTab:IntPtrToInt32,3,1,1
AltTab:SetLastError,1,1,1
AniScrollViewer:OnVerticalChanged,4,1,2
ChangeNotification:ChangeNotification,12,1,5
ChangeNotification:buttonClose_Click,3,1,2
ChangeNotification:AnimateWindow,22,1,0
ChangeNotification:sb_Completed,3,1,2
CondensedTextBlock:OnRender,13,2,1
CondensedTextBlock:MeasureOverride,4,1,1
MainWindow:GetListItemButton,103,2,10
MainWindow:gridBase_MouseDown,5,2,2
FileAssociate:SHChangeNotify,1,1,4
FileAssociate:Associate,31,2,0
Lyrics:GetLyricsFromFile,6,2,1
Lyrics:parseXML,33,9,2
Lyrics:getStreamFromFile,9,2,1
Lyrics:getXMLDocument,12,3,3
Lyrics:getSongMD5,32,5,1
Lyrics:searchPosition,14,4,3
Lyrics:movePosition,9,3,1
Lyrics:webRequest,27,2,3
Lyrics:GetSongMD5FromFile,3,1,1
Lyrics:getMD5FromByteArray,10,2,1
LyricsWindow:GetWindowLong,1,1,2
LyricsWindow:SetWindowLong,1,1,3
LyricsWindow:OnSourceInitialized,6,1,1
LyricsWindow:LyricsWindow,23,2,5
LyricsWindow:ToggleLyrics,11,1,1
LyricsWindow:InitLyrics,13,2,1
LyricsWindow:GetLyricsByFilePath,67,21,1
LyricsWindow:ChangeOffset,15,3,1
LyricsWindow:GetPlayTime,58,14,1
LyricsWindow:CompareLabels,3,1,3
LyricsWindow:ChangeLabels,18,2,3
LyricsWindow:FlipLayout,18,2,6
PreviewWindow:GetWindowLong,1,1,2
PreviewWindow:SetWindowLong,1,1,3
PreviewWindow:OnSourceInitialized,6,1,1
PreviewWindow:PreviewWindow,10,1,2
PreviewWindow:AnimateWindow,126,4,3
PreviewWindow:dtm_Tick,4,1,2
SongData:OnPropertyChanged,5,2,1
TagLibrary:InsertTagInDatabase,76,14,2
TagLibrary:rtSource,5,1,1
TagLibrary:BitmapImage2Bitmap,11,3,1
TagLibrary:ByteToImage,17,5,2
TagLibrary:CalculateAverageColor,43,10,3
TitleTree:GetPositionByHeader,11,3,2
TitleTree:ClearSearchTag,3,1,0
TitleTree:ShowSearchTag,3,1,0
TitleTree:RefreshTagDB,11,3,0
TitleTree:DeleteFromTree,8,3,1
WinAPI:RegisterHotKey,1,1,4
WinAPI:UnregisterHotKey,1,1,2
WinAPI:GlobalAddAtom,1,1,1
WinAPI:GlobalDeleteAtom,1,1,1
WindowResizer:SendMessage,1,1,4
WindowResizer:GetDirection,3,1,1
WindowResizer:SetDirection,3,1,2
WindowResizer:GetTargetWindow,3,1,1
WindowResizer:OnResizeDirectionChanged,35,19,4
WindowResizer:DragWindow,6,1,1
WindowResizer:ResizeWindow,12,1,2
App:Main,9,2,0
App:Init,3,1,0
App:SignalExternalCommandLineArgs,9,2,1
NativeMethods:_CommandLineToArgvW,1,1,2
NativeMethods:_LocalFree,1,1,1
NativeMethods:CommandLineToArgvW,21,3,1
ISingleInstanceApp:SignalExternalCommandLineArgs,1,1,1
SingleInstance:InitializeAsFirstInstance,16,2,1
SingleInstance:Cleanup,10,3,0
SingleInstance:GetCommandLineArgs,31,7,1
SingleInstance:CreateRemoteService,15,1,1
SingleInstance:SignalFirstInstance,14,2,2
SingleInstance:ActivateFirstInstanceCallback,6,1,1
SingleInstance:ActivateFirstInstance,7,2,1
AudioHeader:AudioHeader,7,1,0
AudioHeader:AudioHeader,7,1,5
AudioHeader:SetStreamLength,4,1,1
AudioHeader:Find,62,7,4
AudioHeader:Find,3,1,3
BitStream:BitStream,13,4,1
BitStream:ReadInt32,16,4,1
File:File,2,1,2
File:File,2,1,1
File:File,2,1,2
File:File,2,1,1
File:GetTag,15,4,2
File:ReadStart,6,2,2
File:ReadEnd,5,1,2
File:ReadProperties,4,1,3
File:File,2,1,2
File:File,2,1,1
File:File,13,1,2
File:File,2,1,1
File:Save,46,7,0
File:RemoveTags,5,2,1
File:GetTag,13,5,2
File:Read,53,9,5
StreamHeader:StreamHeader,60,27,2
File:File,2,1,2
File:File,2,1,1
File:File,2,1,2
File:File,2,1,1
File:GetTag,15,4,2
File:ReadStart,6,1,2
File:ReadEnd,4,1,2
File:ReadProperties,4,1,3
Footer:Footer,12,4,1
Footer:RenderFooter,3,1,0
Footer:RenderHeader,3,1,0
Footer:Render,25,3,1
Footer:GetHashCode,5,1,0
Footer:Equals,5,1,1
Footer:Equals,3,1,1
Item:Item,5,2,2
Item:Item,10,3,2
Item:Item,8,3,2
Item:Item,8,3,2
Item:Item,7,2,2
Item:Item,10,3,1
Item:ToString,6,1,0
Item:ToStringArray,5,1,0
Item:Render,29,6,0
Item:Parse,22,6,2
Item:Clone,3,1,0
Item:Clone,3,1,0
StreamHeader:StreamHeader,18,4,2
Tag:Tag,2,1,0
Tag:Tag,7,3,2
Tag:Tag,16,6,1
Tag:AddValue,10,3,3
Tag:SetValue,10,4,3
Tag:AddValue,9,2,2
Tag:SetValue,10,3,2
Tag:AddValue,16,4,2
Tag:SetValue,14,4,2
Tag:GetItem,9,4,1
Tag:SetItem,9,3,1
Tag:RemoveItem,8,5,1
Tag:HasItem,5,2,1
Tag:Render,14,2,0
Tag:Read,17,5,2
Tag:Parse,17,4,1
Tag:GetItemIndex,7,3,1
Tag:GetItemAsString,4,1,1
Tag:GetItemAsStrings,4,1,1
Tag:GetItemAsUInt32,14,1,2
Tag:GetEnumerator,4,3,0
Tag:GetEnumerator,3,1,0
Tag:Clear,3,1,0
Tag:CopyTo,14,5,2
ContentDescriptionObject:ContentDescriptionObject,16,3,2
ContentDescriptionObject:ContentDescriptionObject,2,1,0
ContentDescriptionObject:Render,18,1,0
ContentDescriptor:ContentDescriptor,4,1,2
ContentDescriptor:ContentDescriptor,5,1,2
ContentDescriptor:ContentDescriptor,5,1,2
ContentDescriptor:ContentDescriptor,5,1,2
ContentDescriptor:ContentDescriptor,5,1,2
ContentDescriptor:ContentDescriptor,5,1,2
ContentDescriptor:ContentDescriptor,6,3,1
ContentDescriptor:ToString,7,1,0
ContentDescriptor:ToByteVector,3,1,0
ContentDescriptor:ToBool,3,1,0
ContentDescriptor:ToDWord,6,1,0
ContentDescriptor:ToQWord,6,1,0
ContentDescriptor:ToWord,6,1,0
ContentDescriptor:Render,31,17,0
ContentDescriptor:Parse,29,19,1
DescriptionRecord:DescriptionRecord,6,1,4
DescriptionRecord:DescriptionRecord,7,1,4
DescriptionRecord:DescriptionRecord,7,1,4
DescriptionRecord:DescriptionRecord,7,1,4
DescriptionRecord:DescriptionRecord,7,1,4
DescriptionRecord:DescriptionRecord,7,1,4
DescriptionRecord:DescriptionRecord,7,1,4
DescriptionRecord:DescriptionRecord,6,3,1
DescriptionRecord:ToString,7,1,0
DescriptionRecord:ToByteVector,3,1,0
DescriptionRecord:ToBool,3,1,0
DescriptionRecord:ToDWord,6,1,0
DescriptionRecord:ToQWord,6,1,0
DescriptionRecord:ToWord,6,1,0
DescriptionRecord:ToGuid,3,1,0
DescriptionRecord:Render,36,20,0
DescriptionRecord:Parse,40,20,1
ExtendedContentDescriptionObject:ExtendedContentDescriptionObject,9,5,2
ExtendedContentDescriptionObject:ExtendedContentDescriptionObject,2,1,0
ExtendedContentDescriptionObject:Render,9,2,0
ExtendedContentDescriptionObject:RemoveDescriptors,5,4,1
ExtendedContentDescriptionObject:GetDescriptors,8,7,1
ExtendedContentDescriptionObject:AddDescriptor,5,2,1
ExtendedContentDescriptionObject:SetDescriptors,12,4,2
ExtendedContentDescriptionObject:GetEnumerator,3,1,0
ExtendedContentDescriptionObject:GetEnumerator,3,1,0
File:File,3,1,2
File:File,2,1,1
File:File,3,1,2
File:File,2,1,1
File:Save,24,2,0
File:GetTag,5,1,2
File:RemoveTags,4,2,1
File:ReadWord,3,1,0
File:ReadDWord,3,1,0
File:ReadQWord,3,1,0
File:ReadGuid,3,1,0
File:ReadUnicode,6,1,1
File:ReadObjects,7,2,2
File:ReadObject,19,1,1
File:Read,16,3,1
FilePropertiesObject:FilePropertiesObject,17,3,2
FilePropertiesObject:Render,14,1,0
HeaderExtensionObject:HeaderExtensionObject,16,5,2
HeaderExtensionObject:Render,9,3,0
HeaderExtensionObject:AddObject,3,1,1
HeaderExtensionObject:AddUniqueObject,8,4,1
HeaderObject:HeaderObject,10,3,2
HeaderObject:Render,18,5,0
HeaderObject:AddObject,3,1,1
HeaderObject:AddUniqueObject,8,4,1
HeaderObject:RemoveContentDescriptors,5,4,0
MetadataLibraryObject:MetadataLibraryObject,11,4,2
MetadataLibraryObject:MetadataLibraryObject,2,1,0
MetadataLibraryObject:Render,9,2,0
MetadataLibraryObject:RemoveRecords,7,3,3
MetadataLibraryObject:GetRecords,9,6,3
MetadataLibraryObject:AddRecord,3,1,1
MetadataLibraryObject:SetRecords,11,3,4
MetadataLibraryObject:GetEnumerator,3,1,0
MetadataLibraryObject:GetEnumerator,3,1,0
Object:Object,9,3,2
Object:Object,3,1,1
Object:Render,1,1,0
Object:RenderUnicode,5,1,1
Object:RenderDWord,3,1,1
Object:RenderQWord,3,1,1
Object:RenderWord,3,1,1
Object:Render,7,1,1
PaddingObject:PaddingObject,7,3,2
PaddingObject:PaddingObject,3,1,1
PaddingObject:Render,3,1,0
StreamPropertiesObject:StreamPropertiesObject,15,3,2
StreamPropertiesObject:Render,12,1,0
Tag:Tag,2,1,0
Tag:Tag,13,8,1
Tag:GetDescriptorString,12,4,1
Tag:GetDescriptorStrings,5,2,1
Tag:SetDescriptorString,11,5,2
Tag:SetDescriptorStrings,5,2,2
Tag:RemoveDescriptors,5,2,1
Tag:GetDescriptors,5,2,1
Tag:SetDescriptors,5,2,2
Tag:AddDescriptor,5,2,1
Tag:PictureFromData,26,1,1
Tag:PictureToData,8,1,1
Tag:SplitAndClean,8,3,1
Tag:GetEnumerator,3,1,0
Tag:GetEnumerator,3,1,0
Tag:Clear,5,1,0
UnknownObject:UnknownObject,3,1,2
UnknownObject:Render,3,1,0
File:File,2,1,2
File:File,2,1,1
File:File,18,1,2
File:File,2,1,1
File:Save,2,1,0
File:RemoveTags,2,1,1
File:GetTag,5,1,2
Tag:Tag,3,1,0
Tag:Tag,3,1,2
Tag:Tag,6,2,1
Tag:Parse,26,5,1
Tag:setTag,6,3,2
Tag:getTag,7,2,1
Tag:Clear,3,1,0
ByteVector:ByteVector,2,1,0
ByteVector:ByteVector,4,2,1
ByteVector:ByteVector,4,2,1
ByteVector:ByteVector,14,4,2
ByteVector:ByteVector,2,1,1
ByteVector:ByteVector,10,4,2
ByteVector:Mid,13,4,2
ByteVector:Mid,3,1,1
ByteVector:Find,35,13,3
ByteVector:Find,3,1,2
ByteVector:Find,3,1,1
ByteVector:RFind,26,12,3
ByteVector:RFind,3,1,2
ByteVector:RFind,3,1,1
ByteVector:ContainsAt,16,5,4
ByteVector:ContainsAt,3,1,3
ByteVector:ContainsAt,3,1,2
ByteVector:StartsWith,3,1,1
ByteVector:EndsWith,5,2,1
ByteVector:EndsWithPartialMatch,17,5,1
ByteVector:Add,7,3,1
ByteVector:Add,6,3,1
ByteVector:Insert,6,3,2
ByteVector:Insert,6,3,2
ByteVector:Resize,9,5,2
ByteVector:Resize,3,1,1
ByteVector:RemoveRange,5,2,2
ByteVector:ToInt,9,2,1
ByteVector:ToInt,3,1,0
ByteVector:ToUInt,9,2,1
ByteVector:ToUInt,3,1,0
ByteVector:ToUShort,9,2,1
ByteVector:ToUShort,3,1,0
ByteVector:ToULong,9,2,1
ByteVector:ToULong,3,1,0
ByteVector:ToFloat,7,2,1
ByteVector:ToFloat,3,1,0
ByteVector:ToDouble,7,2,1
ByteVector:ToDouble,3,1,0
ByteVector:ToString,12,3,3
ByteVector:ToString,3,1,2
ByteVector:ToString,3,1,1
ByteVector:ToString,3,1,0
ByteVector:ToStrings,3,1,2
ByteVector:ToStrings,32,6,3
ByteVector:FromInt,8,2,2
ByteVector:FromInt,3,1,1
ByteVector:FromUInt,8,2,2
ByteVector:FromUInt,3,1,1
ByteVector:FromUShort,8,2,2
ByteVector:FromUShort,3,1,1
ByteVector:FromULong,8,2,2
ByteVector:FromULong,3,1,1
ByteVector:FromString,14,3,3
ByteVector:FromString,3,1,2
ByteVector:FromString,3,1,2
ByteVector:FromString,3,1,1
ByteVector:FromPath,4,1,1
ByteVector:FromPath,5,2,3
ByteVector:FromFile,4,1,1
ByteVector:FromFile,8,2,3
ByteVector:FromStream,4,1,1
ByteVector:FromStream,30,7,3
ByteVector:TextDelimiter,3,1,1
ByteVector:StringTypeToEncoding,31,8,2
ByteVector:Equals,5,1,1
ByteVector:Equals,3,1,1
ByteVector:GetHashCode,5,1,0
ByteVector:CompareTo,8,4,1
ByteVector:GetEnumerator,3,1,0
ByteVector:GetEnumerator,3,1,0
ByteVector:Clear,5,2,0
ByteVector:Add,5,2,1
ByteVector:Remove,5,2,1
ByteVector:CopyTo,3,1,2
ByteVector:Contains,3,1,1
ByteVector:RemoveAt,5,2,1
ByteVector:Insert,5,2,2
ByteVector:IndexOf,3,1,1
ByteVectorCollection:ByteVectorCollection,2,1,0
ByteVectorCollection:ByteVectorCollection,4,2,1
ByteVectorCollection:ByteVectorCollection,4,2,1
ByteVectorCollection:SortedInsert,14,4,2
ByteVectorCollection:ToByteVector,11,4,1
ByteVectorCollection:Split,17,6,4
ByteVectorCollection:Split,3,1,3
ByteVectorCollection:Split,3,1,2
CombinedTag:CombinedTag,3,1,0
CombinedTag:CombinedTag,3,1,1
CombinedTag:SetTags,4,1,1
CombinedTag:InsertTag,3,1,2
CombinedTag:AddTag,3,1,1
CombinedTag:RemoveTag,3,1,1
CombinedTag:ClearTags,3,1,0
CombinedTag:Clear,4,3,0
CorruptFileException:CorruptFileException,2,1,1
CorruptFileException:CorruptFileException,2,1,0
CorruptFileException:CorruptFileException,2,1,2
CorruptFileException:CorruptFileException,2,1,2
Debugger:Debug,4,2,1
Debugger:DumpHex,3,1,1
Debugger:DumpHex,21,6,1
Debugger:WriteByte2,8,4,1
Debugger:AddDebugTime,13,4,3
Debugger:DumpDebugTime,13,2,1
File:File,5,2,1
File:File,5,2,1
File:MarkAsCorrupt,5,2,1
File:Dispose,3,1,0
File:Save,1,1,0
File:RemoveTags,1,1,1
File:GetTag,1,1,2
File:GetTag,3,1,1
File:ReadBlock,16,3,1
File:WriteBlock,6,2,1
File:Find,35,5,3
File:Find,3,1,2
File:Find,3,1,1
File:RFind,49,6,3
File:RFind,3,1,2
File:RFind,3,1,1
File:Insert,73,7,3
File:Insert,3,1,2
File:RemoveBlock,18,2,2
File:Seek,4,2,2
File:Seek,3,1,1
File:Create,3,1,1
File:Create,3,1,1
File:Create,3,1,2
File:Create,3,1,2
File:Create,3,1,3
File:Create,29,6,3
File:AddFileTypeResolver,4,2,1
File:Truncate,6,1,1
File:PrepareExceptionForRethrow,10,1,1
FileTypes:FileTypes,3,1,0
FileTypes:Init,7,3,0
FileTypes:Register,7,3,1
Genres:AudioToIndex,6,3,1
Genres:VideoToIndex,6,3,1
Genres:IndexToAudio,3,1,1
Genres:IndexToVideo,3,1,1
Genres:IndexToAudio,3,1,1
Genres:IndexToVideo,3,1,1
Genres:StringToByte,9,1,1
ListBase:ListBase,2,1,0
ListBase:ListBase,4,2,1
ListBase:ListBase,4,2,1
ListBase:Add,5,2,1
ListBase:Add,5,2,1
ListBase:Add,5,2,1
ListBase:SortedInsert,14,5,2
ListBase:SortedInsert,5,2,1
ListBase:ToArray,3,1,0
ListBase:Add,3,1,1
ListBase:Clear,3,1,0
ListBase:Contains,3,1,1
ListBase:IndexOf,3,1,1
ListBase:Insert,3,1,2
ListBase:Remove,3,1,1
ListBase:RemoveAt,3,1,1
ListBase:ToString,10,3,1
ListBase:ToString,3,1,0
ListBase:CopyTo,3,1,2
ListBase:GetEnumerator,3,1,0
ListBase:GetEnumerator,3,1,0
TextBox:TextBox,5,2,3
UrlBox:UrlBox,5,2,3
Picture:Picture,2,1,0
Picture:Picture,7,2,1
Picture:Picture,7,2,1
Picture:Picture,6,2,1
Picture:CreateFromPath,3,1,1
Picture:CreateFromFile,3,1,1
Picture:FillInMimeFromData,19,4,0
Properties:Properties,2,1,0
Properties:Properties,5,2,2
Properties:Properties,5,2,2
ReadOnlyByteVector:ReadOnlyByteVector,2,1,0
ReadOnlyByteVector:ReadOnlyByteVector,2,1,2
ReadOnlyByteVector:ReadOnlyByteVector,2,1,1
ReadOnlyByteVector:ReadOnlyByteVector,2,1,1
ReadOnlyByteVector:ReadOnlyByteVector,2,1,2
ReadOnlyByteVector:ReadOnlyByteVector,2,1,1
StringCollection:StringCollection,2,1,0
StringCollection:StringCollection,3,1,1
StringCollection:StringCollection,3,1,1
StringCollection:StringCollection,4,3,2
StringCollection:StringCollection,2,1,1
StringCollection:Split,17,4,2
SupportedMimeType:SupportedMimeType,3,1,0
SupportedMimeType:SupportedMimeType,4,1,1
SupportedMimeType:SupportedMimeType,3,1,2
Tag:FirstInGroup,3,1,1
Tag:JoinGroup,5,1,1
Tag:Clear,1,1,0
Tag:Duplicate,7,3,3
Tag:CopyTo,36,18,2
Tag:IsNullOrLikeEmpty,3,1,1
Tag:IsNullOrLikeEmpty,8,3,1
UnsupportedFormatException:UnsupportedFormatException,2,1,1
UnsupportedFormatException:UnsupportedFormatException,2,1,0
UnsupportedFormatException:UnsupportedFormatException,2,1,2
UnsupportedFormatException:UnsupportedFormatException,2,1,2
Block:Block,8,3,2
Block:Block,6,2,2
Block:Render,7,2,1
BlockHeader:BlockHeader,9,3,1
BlockHeader:BlockHeader,5,1,2
BlockHeader:Render,5,1,1
File:File,2,1,2
File:File,2,1,1
File:File,2,1,2
File:File,2,1,1
File:Save,50,12,0
File:GetTag,21,5,2
File:RemoveTags,7,3,1
File:ReadStart,16,3,2
File:ReadEnd,4,1,2
File:ReadProperties,4,1,3
File:ReadBlocks,25,7,4
Metadata:Metadata,2,1,1
Metadata:Metadata,12,6,1
Metadata:GetComment,12,4,2
Metadata:RemoveComment,5,3,0
Metadata:Clear,3,1,0
Picture:Picture,28,3,1
Picture:Picture,15,2,1
Picture:Render,17,1,0
StreamHeader:StreamHeader,9,3,2
Codec:Codec,2,1,2
File:File,2,1,2
File:File,2,1,1
File:File,3,1,2
File:File,2,1,1
File:Save,10,1,0
File:Read,14,2,1
File:ReadByte,6,2,0
File:ReadHeader,33,4,0
File:ReadMetadata,19,10,0
File:ReadExtensionBlock,29,11,0
File:ReadApplicationExtensionBlock,47,4,0
File:ReadCommentBlock,19,2,0
File:SkipColorTable,19,3,1
File:SkipImage,27,2,0
File:ReadSubBlocks,16,3,0
File:SkipSubBlocks,16,3,0
File:SaveMetadata,17,2,0
File:RenderXMPBlock,23,1,0
File:RenderGifCommentBlock,27,2,0
File:ExtractProperties,5,1,0
GifCommentTag:GifCommentTag,3,1,1
GifCommentTag:GifCommentTag,3,1,0
GifCommentTag:Clear,3,1,0
StringHandler:Parse,7,2,1
StringHandler:Render,3,1,1
Tag:Tag,3,1,0
Tag:Tag,14,4,2
Tag:Tag,9,4,1
Tag:Render,13,1,0
Tag:Parse,21,2,1
Tag:Clear,5,1,0
ExtendedHeader:ExtendedHeader,2,1,0
ExtendedHeader:ExtendedHeader,3,1,2
ExtendedHeader:Parse,5,2,2
ExtendedHeader:Clone,5,1,0
ExtendedHeader:Clone,3,1,0
Footer:Footer,21,10,1
Footer:Footer,6,1,1
Footer:Render,9,1,0
Frame:Frame,7,3,2
Frame:Frame,3,1,1
Frame:Render,34,10,1
Frame:TextDelimiter,3,1,1
Frame:CorrectEncoding,5,2,2
Frame:SetData,5,2,4
Frame:ParseFields,1,1,2
Frame:RenderFields,1,1,1
Frame:FieldData,48,11,3
Frame:Clone,4,1,0
Frame:Clone,3,1,0
FrameFactory:CreateFrame,81,8,4
FrameFactory:AddFrameCreator,5,2,1
FrameHeader:FrameHeader,47,19,2
FrameHeader:Render,25,15,1
FrameHeader:Size,3,1,1
FrameHeader:ConvertId,25,8,3
AttachedPictureFrame:AttachedPictureFrame,2,1,0
AttachedPictureFrame:AttachedPictureFrame,8,2,1
AttachedPictureFrame:AttachedPictureFrame,3,1,2
AttachedPictureFrame:AttachedPictureFrame,3,1,4
AttachedPictureFrame:ToString,9,2,0
AttachedPictureFrame:Get,3,1,3
AttachedPictureFrame:Get,3,1,3
AttachedPictureFrame:Get,20,5,4
AttachedPictureFrame:ParseFields,6,2,2
AttachedPictureFrame:ParseRawData,34,4,0
AttachedPictureFrame:RenderFields,29,10,1
AttachedPictureFrame:Clone,13,3,0
CommentsFrame:CommentsFrame,5,1,3
CommentsFrame:CommentsFrame,2,1,2
CommentsFrame:CommentsFrame,2,1,1
CommentsFrame:CommentsFrame,3,1,2
CommentsFrame:CommentsFrame,3,1,4
CommentsFrame:ToString,3,1,0
CommentsFrame:Get,18,5,4
CommentsFrame:GetPreferred,32,5,3
CommentsFrame:ParseFields,25,4,2
CommentsFrame:RenderFields,10,1,1
CommentsFrame:Clone,5,1,0
GeneralEncapsulatedObjectFrame:GeneralEncapsulatedObjectFrame,2,1,0
GeneralEncapsulatedObjectFrame:GeneralEncapsulatedObjectFrame,3,1,2
GeneralEncapsulatedObjectFrame:GeneralEncapsulatedObjectFrame,3,1,4
GeneralEncapsulatedObjectFrame:ToString,9,2,0
GeneralEncapsulatedObjectFrame:Get,17,4,3
GeneralEncapsulatedObjectFrame:ParseFields,24,2,2
GeneralEncapsulatedObjectFrame:RenderFields,16,4,1
GeneralEncapsulatedObjectFrame:Clone,10,2,0
MusicCdIdentifierFrame:MusicCdIdentifierFrame,2,1,0
MusicCdIdentifierFrame:MusicCdIdentifierFrame,3,1,2
MusicCdIdentifierFrame:MusicCdIdentifierFrame,3,1,4
MusicCdIdentifierFrame:Get,13,2,2
MusicCdIdentifierFrame:ParseFields,3,1,2
MusicCdIdentifierFrame:RenderFields,3,1,1
MusicCdIdentifierFrame:Clone,6,2,0
PlayCountFrame:PlayCountFrame,2,1,0
PlayCountFrame:PlayCountFrame,3,1,2
PlayCountFrame:PlayCountFrame,3,1,4
PlayCountFrame:Get,13,2,2
PlayCountFrame:ParseFields,3,1,2
PlayCountFrame:RenderFields,6,3,1
PlayCountFrame:Clone,5,1,0
PopularimeterFrame:PopularimeterFrame,3,1,1
PopularimeterFrame:PopularimeterFrame,3,1,2
PopularimeterFrame:PopularimeterFrame,3,1,4
PopularimeterFrame:Get,13,2,3
PopularimeterFrame:ParseFields,11,3,2
PopularimeterFrame:RenderFields,9,3,1
PopularimeterFrame:Clone,6,1,0
PrivateFrame:PrivateFrame,4,1,2
PrivateFrame:PrivateFrame,2,1,1
PrivateFrame:PrivateFrame,3,1,2
PrivateFrame:PrivateFrame,3,1,4
PrivateFrame:Get,13,2,3
PrivateFrame:ParseFields,9,3,2
PrivateFrame:RenderFields,9,2,1
PrivateFrame:Clone,6,2,0
RelativeVolumeFrame:RelativeVolumeFrame,3,1,1
RelativeVolumeFrame:RelativeVolumeFrame,3,1,2
RelativeVolumeFrame:RelativeVolumeFrame,3,1,4
RelativeVolumeFrame:ToString,3,1,0
RelativeVolumeFrame:GetVolumeAdjustmentIndex,3,1,1
RelativeVolumeFrame:SetVolumeAdjustmentIndex,3,1,2
RelativeVolumeFrame:GetVolumeAdjustment,3,1,1
RelativeVolumeFrame:SetVolumeAdjustment,3,1,2
RelativeVolumeFrame:GetPeakVolumeIndex,3,1,1
RelativeVolumeFrame:SetPeakVolumeIndex,3,1,2
RelativeVolumeFrame:GetPeakVolume,3,1,1
RelativeVolumeFrame:SetPeakVolume,3,1,2
RelativeVolumeFrame:Get,16,4,3
RelativeVolumeFrame:ParseFields,19,3,2
RelativeVolumeFrame:RenderFields,21,7,1
RelativeVolumeFrame:Clone,6,3,0
RelativeVolumeFrame:BitsToBytes,3,1,1
SynchronisedLyricsFrame:SynchronisedLyricsFrame,6,1,4
SynchronisedLyricsFrame:SynchronisedLyricsFrame,2,1,3
SynchronisedLyricsFrame:SynchronisedLyricsFrame,3,1,2
SynchronisedLyricsFrame:SynchronisedLyricsFrame,3,1,4
SynchronisedLyricsFrame:Get,14,3,5
SynchronisedLyricsFrame:GetPreferred,33,7,4
SynchronisedLyricsFrame:ParseFields,27,6,2
SynchronisedLyricsFrame:RenderFields,17,2,1
SynchronisedLyricsFrame:Clone,6,1,0
SynchedText:SynchedText,4,1,2
TermsOfUseFrame:TermsOfUseFrame,4,1,2
TermsOfUseFrame:TermsOfUseFrame,3,1,1
TermsOfUseFrame:TermsOfUseFrame,3,1,2
TermsOfUseFrame:TermsOfUseFrame,3,1,4
TermsOfUseFrame:ToString,3,1,0
TermsOfUseFrame:Get,12,2,3
TermsOfUseFrame:GetPreferred,13,4,2
TermsOfUseFrame:ParseFields,7,2,2
TermsOfUseFrame:RenderFields,8,1,1
TermsOfUseFrame:Clone,5,1,0
TextInformationFrame:TextInformationFrame,3,1,2
TextInformationFrame:TextInformationFrame,2,1,1
TextInformationFrame:TextInformationFrame,3,1,2
TextInformationFrame:TextInformationFrame,3,1,4
TextInformationFrame:SetText,4,1,1
TextInformationFrame:SetText,4,1,1
TextInformationFrame:ToString,4,1,0
TextInformationFrame:Render,27,1,1
TextInformationFrame:Get,15,5,4
TextInformationFrame:Get,3,1,3
TextInformationFrame:Get,3,1,2
TextInformationFrame:ParseFields,4,1,2
TextInformationFrame:ParseRawData,51,12,0
TextInformationFrame:RenderFields,53,12,1
TextInformationFrame:Clone,8,2,0
UserTextInformationFrame:UserTextInformationFrame,5,1,2
UserTextInformationFrame:UserTextInformationFrame,5,1,1
UserTextInformationFrame:UserTextInformationFrame,2,1,2
UserTextInformationFrame:UserTextInformationFrame,2,1,4
UserTextInformationFrame:ToString,3,1,0
UserTextInformationFrame:Get,16,6,4
UserTextInformationFrame:Get,3,1,3
UserTextInformationFrame:Get,3,1,2
UniqueFileIdentifierFrame:UniqueFileIdentifierFrame,6,2,2
UniqueFileIdentifierFrame:UniqueFileIdentifierFrame,2,1,1
UniqueFileIdentifierFrame:UniqueFileIdentifierFrame,3,1,2
UniqueFileIdentifierFrame:UniqueFileIdentifierFrame,3,1,4
UniqueFileIdentifierFrame:Get,15,3,3
UniqueFileIdentifierFrame:ParseFields,7,1,2
UniqueFileIdentifierFrame:RenderFields,7,1,1
UniqueFileIdentifierFrame:Clone,6,2,0
UnknownFrame:UnknownFrame,3,1,2
UnknownFrame:UnknownFrame,2,1,1
UnknownFrame:UnknownFrame,3,1,2
UnknownFrame:UnknownFrame,3,1,4
UnknownFrame:ToString,3,1,0
UnknownFrame:ParseFields,3,1,2
UnknownFrame:RenderFields,3,1,1
UnsynchronisedLyricsFrame:UnsynchronisedLyricsFrame,5,1,3
UnsynchronisedLyricsFrame:UnsynchronisedLyricsFrame,2,1,2
UnsynchronisedLyricsFrame:UnsynchronisedLyricsFrame,2,1,1
UnsynchronisedLyricsFrame:UnsynchronisedLyricsFrame,3,1,2
UnsynchronisedLyricsFrame:UnsynchronisedLyricsFrame,3,1,4
UnsynchronisedLyricsFrame:ToString,3,1,0
UnsynchronisedLyricsFrame:Get,18,5,4
UnsynchronisedLyricsFrame:GetPreferred,29,4,3
UnsynchronisedLyricsFrame:ParseFields,17,3,2
UnsynchronisedLyricsFrame:RenderFields,10,1,1
UnsynchronisedLyricsFrame:Clone,5,1,0
Header:Header,21,10,1
Header:Render,9,1,0
SynchData:ToUInt,9,4,1
SynchData:FromUInt,8,4,1
SynchData:UnsynchByteVector,7,5,1
SynchData:ResynchByteVector,17,5,1
Tag:Tag,2,1,0
Tag:Tag,8,3,2
Tag:Tag,14,4,1
Tag:GetFrames,3,1,0
Tag:GetFrames,9,6,1
Tag:GetFrames,7,3,0
Tag:GetFrames,11,5,1
Tag:AddFrame,5,2,1
Tag:ReplaceFrame,13,4,2
Tag:RemoveFrame,6,3,1
Tag:RemoveFrames,9,6,1
Tag:SetTextFrame,18,8,2
Tag:SetTextFrame,6,2,2
Tag:SetNumberFrame,15,5,3
Tag:Render,41,8,0
Tag:Read,14,3,2
Tag:Parse,96,21,1
Tag:GetTextAsString,5,1,1
Tag:GetTextAsArray,4,1,1
Tag:GetTextAsUInt32,14,1,2
Tag:GetUserTextAsString,8,1,1
Tag:SetUserTextAsString,11,2,2
Tag:GetUfidText,7,1,1
Tag:SetUfidText,13,2,2
Tag:MakeFirstOfType,19,5,1
Tag:GetEnumerator,3,1,0
Tag:GetEnumerator,3,1,0
Tag:Clear,3,1,0
Tag:CopyTo,34,11,2
Tag:Clone,9,4,0
Tag:Clone,3,1,0
ByteIFDEntry:ByteIFDEntry,4,1,2
ByteIFDEntry:Render,5,1,4
ByteVectorIFDEntry:ByteVectorIFDEntry,4,1,2
ByteVectorIFDEntry:Render,5,1,4
LongArrayIFDEntry:LongArrayIFDEntry,3,1,2
LongArrayIFDEntry:Render,8,3,4
LongIFDEntry:LongIFDEntry,4,1,2
LongIFDEntry:Render,5,1,4
MakernoteIFDEntry:MakernoteIFDEntry,9,1,7
MakernoteIFDEntry:MakernoteIFDEntry,2,1,3
MakernoteIFDEntry:Render,8,1,4
Rational:Rational,6,2,2
Rational:Reduce,10,2,0
Rational:ToString,4,1,2
Rational:ToString,3,1,0
RationalArrayIFDEntry:RationalArrayIFDEntry,3,1,2
RationalArrayIFDEntry:Render,10,2,4
RationalIFDEntry:RationalIFDEntry,4,1,2
RationalIFDEntry:Render,8,1,4
SByteIFDEntry:SByteIFDEntry,4,1,2
SByteIFDEntry:Render,5,1,4
ShortArrayIFDEntry:ShortArrayIFDEntry,3,1,2
ShortArrayIFDEntry:Render,8,3,4
ShortIFDEntry:ShortIFDEntry,4,1,2
ShortIFDEntry:Render,5,1,4
SLongArrayIFDEntry:SLongArrayIFDEntry,3,1,2
SLongArrayIFDEntry:Render,8,3,4
SLongIFDEntry:SLongIFDEntry,4,1,2
SLongIFDEntry:Render,5,1,4
SRational:SRational,6,2,2
SRational:Reduce,11,2,0
SRational:ToString,4,1,2
SRational:ToString,3,1,0
SRationalArrayIFDEntry:SRationalArrayIFDEntry,3,1,2
SRationalArrayIFDEntry:Render,10,2,4
SRationalIFDEntry:SRationalIFDEntry,4,1,2
SRationalIFDEntry:Render,8,1,4
SShortArrayIFDEntry:SShortArrayIFDEntry,3,1,2
SShortArrayIFDEntry:Render,8,3,4
SShortIFDEntry:SShortIFDEntry,4,1,2
SShortIFDEntry:Render,5,1,4
StringIFDEntry:StringIFDEntry,4,1,2
StringIFDEntry:Render,7,1,4
StripOffsetsIFDEntry:StripOffsetsIFDEntry,7,2,4
StripOffsetsIFDEntry:Render,36,5,4
SubIFDArrayEntry:SubIFDArrayEntry,4,1,2
SubIFDArrayEntry:Render,3,1,4
SubIFDEntry:SubIFDEntry,6,1,4
SubIFDEntry:Render,6,1,4
ThumbnailDataIFDEntry:ThumbnailDataIFDEntry,4,1,2
ThumbnailDataIFDEntry:Render,7,1,4
UndefinedIFDEntry:UndefinedIFDEntry,4,1,2
UndefinedIFDEntry:Render,5,1,4
UserCommentIFDEntry:UserCommentIFDEntry,4,1,2
UserCommentIFDEntry:UserCommentIFDEntry,44,8,3
UserCommentIFDEntry:TrimNull,6,2,1
UserCommentIFDEntry:Render,8,1,4
IFDEntry:Render,1,1,4
ArrayIFDEntry:ArrayIFDEntry,3,1,1
ArrayIFDEntry:Render,1,1,4
IFDReader:IFDReader,8,1,6
IFDReader:Read,3,1,0
IFDReader:Read,18,1,1
IFDReader:StartIFDLoopDetect,9,2,0
IFDReader:DetectIFDLoop,8,1,1
IFDReader:StopIFDLoopDetect,7,2,0
IFDReader:ReadIFD,39,7,3
IFDReader:CreateIFDEntry,135,30,6
IFDReader:ReadShort,3,1,0
IFDReader:ReadUShort,3,1,0
IFDReader:ReadInt,3,1,0
IFDReader:ReadUInt,3,1,0
IFDReader:ReadRational,10,2,0
IFDReader:ReadSRational,10,2,0
IFDReader:ReadUShortArray,6,3,1
IFDReader:ReadShortArray,6,3,1
IFDReader:ReadIntArray,6,3,1
IFDReader:ReadUIntArray,6,3,1
IFDReader:ReadAsciiString,7,2,1
IFDReader:FixupDirectory,49,8,2
IFDReader:ParseMakernote,85,14,5
IFDReader:ParseIFDEntry,46,10,5
IFDReader:CreateSubIFDReader,3,1,6
IFDRenderer:IFDRenderer,5,1,3
IFDRenderer:Render,11,2,0
IFDRenderer:RenderIFD,30,8,3
IFDRenderer:RenderEntry,6,1,5
IFDRenderer:RenderEntryData,19,5,4
IFDRenderer:CreateSubRenderer,3,1,3
IFDStructure:ContainsTag,5,1,2
IFDStructure:RemoveTag,5,2,2
IFDStructure:RemoveTag,3,1,2
IFDStructure:AddEntry,5,3,2
IFDStructure:SetEntry,5,2,2
IFDStructure:GetEntry,5,1,2
IFDStructure:GetEntry,3,1,2
IFDStructure:GetStringValue,6,1,2
IFDStructure:GetByteValue,6,1,2
IFDStructure:GetLongValue,8,1,2
IFDStructure:GetRationalValue,8,1,2
IFDStructure:GetDateTimeValue,10,2,2
IFDStructure:SetStringValue,7,2,3
IFDStructure:SetByteValue,3,1,3
IFDStructure:SetLongValue,3,1,3
IFDStructure:SetRationalValue,7,2,3
IFDStructure:SetDateTimeValue,4,1,3
IFDTag:IFDTag,3,1,0
IFDTag:Clear,3,1,0
IFDTag:InitGpsDirectory,4,1,0
IFDTag:DegreeToRationals,13,2,1
Nikon3MakernoteReader:Nikon3MakernoteReader,2,1,6
Nikon3MakernoteReader:ParseIFDEntry,19,2,5
IIMReader:IIMReader,4,1,1
IIMReader:Process,40,16,0
IIMTag:IIMTag,2,1,0
IIMTag:Clear,7,1,0
IIMTag:AddKeyword,5,2,1
Codec:Codec,2,1,2
Codec:Codec,5,1,3
CombinedImageTag:CombinedImageTag,4,1,1
CombinedImageTag:AddTag,33,11,1
CombinedImageTag:RemoveTag,9,3,1
CombinedImageTag:Clear,4,3,0
File:File,2,1,1
File:File,2,1,1
File:EnsureAvailableTags,6,3,0
File:RemoveTags,9,5,1
File:GetTag,31,17,2
File:CopyFrom,11,3,1
ImageBlockFile:AddMetadataBlock,37,6,2
ImageBlockFile:SaveMetadata,30,4,2
ImageBlockFile:ImageBlockFile,2,1,1
ImageBlockFile:ImageBlockFile,2,1,1
File:File,2,1,2
File:File,2,1,1
File:File,3,1,2
File:File,2,1,1
File:Save,3,1,0
Codec:Codec,2,1,3
File:File,2,1,2
File:File,2,1,1
File:File,3,1,2
File:File,2,1,1
File:GetTag,9,3,2
File:Save,12,2,0
File:Read,14,2,1
File:ExtractProperties,5,1,0
File:ValidateHeader,5,2,0
File:ReadSegmentMarker,8,3,0
File:ReadSegmentSize,21,5,0
File:ReadMetadata,49,26,0
File:ReadJFIFHeader,12,2,1
File:ReadAPP1Segment,46,7,1
File:ReadAPP13Segment,33,3,1
File:WriteMetadata,15,2,0
File:RenderExifSegment,29,2,0
File:RenderXMPSegment,20,2,0
File:ReadCOMSegment,19,3,1
File:RenderCOMSegment,20,2,0
File:ReadSOFSegment,10,1,2
File:ReadDQTSegment,51,13,1
JpegCommentTag:JpegCommentTag,3,1,1
JpegCommentTag:JpegCommentTag,3,1,0
JpegCommentTag:Clear,3,1,0
AudioTrack:AudioTrack,32,15,2
EBMLElement:EBMLElement,50,9,2
EBMLElement:ReadString,8,2,0
EBMLElement:ReadBool,11,1,0
EBMLElement:ReadDouble,18,5,0
EBMLElement:ReadUInt,8,2,0
EBMLElement:ReadBytes,8,2,0
File:File,2,1,2
File:File,2,1,1
File:File,15,2,2
File:File,2,1,1
File:Save,8,1,0
File:RemoveTags,2,1,1
File:GetTag,3,1,2
File:Read,23,10,1
File:ReadHeader,20,7,1
File:ReadSegment,24,13,1
File:ReadTags,15,6,1
File:ReadTag,15,6,1
File:ReadSimpleTag,39,16,1
File:ReadSegmentInfo,27,16,1
File:ReadTracks,15,6,1
File:ReadTrackEntry,35,12,1
SubtitleTrack:SubtitleTrack,11,4,2
Tag:Clear,2,1,0
Track:Track,40,31,2
VideoTrack:VideoTrack,51,31,2
File:File,2,1,2
File:File,2,1,1
File:File,2,1,2
File:File,2,1,1
File:GetTag,15,4,2
File:ReadStart,6,1,2
File:ReadEnd,4,1,2
File:ReadProperties,4,1,3
StreamHeader:StreamHeader,22,5,2
StreamHeader:GetHashCode,5,1,0
StreamHeader:Equals,5,1,1
StreamHeader:Equals,3,1,1
AppleTag:AppleTag,14,4,1
AppleTag:DataBoxes,15,7,1
AppleTag:DataBoxes,3,1,1
AppleTag:DataBoxes,20,6,2
AppleTag:GetText,10,5,1
AppleTag:SetData,24,9,2
AppleTag:SetData,10,4,3
AppleTag:SetData,6,2,3
AppleTag:SetText,8,2,2
AppleTag:SetText,10,2,2
AppleTag:ClearData,3,1,1
AppleTag:DetachIlst,3,1,0
AppleTag:GetDashBox,9,2,2
AppleTag:SetDashBox,28,3,3
AppleTag:GetDashAtoms,20,4,2
AppleTag:GetParentDashBox,20,4,2
AppleTag:FixId,11,2,1
AppleTag:GetEnumerator,3,1,0
AppleTag:GetEnumerator,3,1,0
AppleTag:Clear,3,1,0
Box:Box,5,1,2
Box:Box,2,1,1
Box:Box,2,1,1
Box:Render,3,1,0
Box:GetChild,8,3,1
Box:GetChildRecursively,13,4,1
Box:RemoveChild,8,4,1
Box:RemoveChild,5,2,1
Box:AddChild,5,2,1
Box:ClearChildren,5,2,0
Box:LoadChildren,15,3,1
Box:LoadData,6,2,1
Box:Render,31,8,1
AppleAdditionalInfoBox:AppleAdditionalInfoBox,5,1,3
AppleAdditionalInfoBox:AppleAdditionalInfoBox,2,1,1
AppleAnnotationBox:AppleAnnotationBox,5,2,3
AppleAnnotationBox:AppleAnnotationBox,3,1,1
AppleDataBox:AppleDataBox,3,1,3
AppleDataBox:AppleDataBox,3,1,2
AppleDataBox:Render,5,1,1
AppleElementaryStreamDescriptor:AppleElementaryStreamDescriptor,46,6,3
AppleElementaryStreamDescriptor:ReadLength,11,2,2
AppleItemListBox:AppleItemListBox,5,2,3
AppleItemListBox:AppleItemListBox,3,1,0
FullBox:FullBox,8,2,3
FullBox:FullBox,4,1,3
FullBox:FullBox,2,1,3
FullBox:Render,6,1,1
IsoAudioSampleEntry:IsoAudioSampleEntry,10,2,3
IsoChunkLargeOffsetBox:IsoChunkLargeOffsetBox,6,3,3
IsoChunkLargeOffsetBox:Overwrite,5,2,3
IsoChunkLargeOffsetBox:Render,6,4,2
IsoChunkOffsetBox:IsoChunkOffsetBox,6,3,3
IsoChunkOffsetBox:Overwrite,5,2,3
IsoChunkOffsetBox:Render,6,4,2
IsoFreeSpaceBox:IsoFreeSpaceBox,3,1,3
IsoFreeSpaceBox:IsoFreeSpaceBox,3,1,1
IsoHandlerBox:IsoHandlerBox,11,3,3
IsoHandlerBox:IsoHandlerBox,8,3,2
IsoMetaBox:IsoMetaBox,3,1,3
IsoMetaBox:IsoMetaBox,8,3,2
IsoMovieHeaderBox:IsoMovieHeaderBox,42,14,3
IsoSampleDescriptionBox:IsoSampleDescriptionBox,6,2,3
IsoSampleEntry:IsoSampleEntry,6,2,3
IsoSampleTableBox:IsoSampleTableBox,5,2,3
IsoUserDataBox:IsoUserDataBox,5,2,3
IsoUserDataBox:IsoUserDataBox,3,1,0
IsoVisualSampleEntry:IsoVisualSampleEntry,8,1,3
UnknownBox:UnknownBox,5,2,3
BoxFactory:CreateBox,55,2,5
BoxFactory:CreateBox,4,1,5
BoxFactory:CreateBox,3,1,3
BoxFactory:CreateBox,3,1,2
BoxFactory:CreateBox,3,1,3
BoxFactory:CreateBox,3,1,2
BoxHeader:BoxHeader,37,8,2
BoxHeader:BoxHeader,2,1,1
BoxHeader:BoxHeader,23,7,2
BoxHeader:Overwrite,10,3,2
BoxHeader:Render,19,4,0
File:File,3,1,2
File:File,2,1,1
File:File,3,1,2
File:File,2,1,1
File:Save,72,12,0
File:GetTag,14,4,2
File:RemoveTags,7,1,1
File:Read,49,7,1
File:FindAppleTagUdta,8,1,2
File:IsAppleTagUdtaPresent,7,2,0
FileParser:FileParser,8,3,1
FileParser:ParseBoxHeaders,9,2,0
FileParser:ParseTag,9,2,0
FileParser:ParseTagAndProperties,9,2,0
FileParser:ParseChunkOffsets,9,2,0
FileParser:ParseBoxHeaders,26,7,3
FileParser:ParseTag,25,7,3
FileParser:ParseTagAndProperties,35,10,4
FileParser:ParseChunkOffsets,21,7,2
FileParser:ResetFields,10,1,0
FileParser:AddParent,7,2,2
AudioFile:AudioFile,2,1,2
AudioFile:AudioFile,2,1,1
AudioFile:AudioFile,2,1,2
AudioFile:AudioFile,2,1,1
AudioFile:GetTag,15,4,2
AudioFile:ReadStart,6,2,2
AudioFile:ReadEnd,5,1,2
AudioFile:ReadProperties,4,1,3
AudioHeader:AudioHeader,7,1,4
AudioHeader:AudioHeader,27,4,3
AudioHeader:SetStreamLength,7,2,1
AudioHeader:Find,30,8,4
AudioHeader:Find,3,1,3
AudioHeader:GetHeaderError,20,1,1
File:File,2,1,2
File:File,2,1,1
File:File,2,1,2
File:File,2,1,1
File:GetTag,15,4,2
File:ReadStart,6,1,2
File:ReadEnd,9,1,2
File:ReadProperties,4,1,3
File:GetMarker,7,1,1
File:FindMarker,6,2,1
File:FindMarker,8,2,2
File:RFindMarker,8,2,2
File:ReadSystemFile,27,19,1
File:ReadAudioPacket,7,2,1
File:ReadVideoPacket,18,4,1
File:ReadSystemSyncPacket,19,4,1
File:ReadTimestamp,16,2,1
VBRIHeader:VBRIHeader,5,1,2
VBRIHeader:VBRIHeader,15,3,1
VBRIHeader:VBRIHeaderOffset,5,1,0
VideoHeader:VideoHeader,12,3,2
XingHeader:XingHeader,5,1,2
XingHeader:XingHeader,21,5,1
XingHeader:XingHeaderOffset,7,1,2
EndTag:EndTag,3,1,1
EndTag:Read,8,3,0
EndTag:Render,12,5,0
EndTag:Write,6,1,0
EndTag:RemoveTags,8,3,1
EndTag:AddTag,24,7,2
EndTag:ReadTag,22,10,1
EndTag:ReadTagInfo,32,5,1
File:File,3,1,2
File:File,2,1,1
File:File,3,1,2
File:File,2,1,1
File:Save,13,1,0
File:RemoveTags,3,1,1
File:ReadStart,2,1,2
File:ReadEnd,2,1,2
File:ReadProperties,1,1,3
File:Read,21,1,1
StartTag:StartTag,3,1,1
StartTag:Read,8,3,0
StartTag:Render,10,4,0
StartTag:Write,5,1,0
StartTag:RemoveTags,8,3,1
StartTag:AddTag,16,5,2
StartTag:ReadTag,15,6,1
StartTag:ReadTagInfo,19,4,1
Tag:Tag,6,1,1
Tag:GetTag,11,2,1
Tag:RemoveTags,4,1,1
Tag:Read,4,1,2
Tag:ReadStart,3,1,0
Tag:ReadEnd,3,1,0
Tag:Write,4,1,2
Bitstream:Bitstream,8,2,1
Bitstream:ReadPage,31,7,1
Bitstream:GetDuration,3,1,1
Bitstream:ReadPacket,3,1,1
Codec:GetCodec,15,2,1
Codec:AddCodecProvider,3,1,1
Codec:ReadPacket,1,1,2
Codec:GetDuration,1,1,2
Codec:SetCommentPacket,1,1,2
File:File,2,1,2
File:File,2,1,1
File:File,11,1,2
File:File,2,1,1
File:Save,45,8,0
File:RemoveTags,4,2,1
File:GetTag,6,3,2
File:Read,16,2,1
File:ReadStreams,24,6,2
GroupedComment:GroupedComment,4,1,0
GroupedComment:GetComment,3,1,1
GroupedComment:AddComment,4,1,2
GroupedComment:AddComment,3,1,2
GroupedComment:Clear,4,3,0
Page:Page,4,1,1
Page:Page,5,3,2
Page:Page,10,4,2
Page:Render,13,5,0
Page:OverwriteSequenceNumbers,33,12,3
PageHeader:PageHeader,12,2,3
PageHeader:PageHeader,44,8,2
PageHeader:PageHeader,12,2,3
PageHeader:Render,16,1,0
PageHeader:GetHashCode,5,1,0
PageHeader:Equals,5,1,1
PageHeader:Equals,3,1,1
Paginator:Paginator,3,1,1
Paginator:AddPage,14,4,1
Paginator:SetComment,3,1,1
Paginator:Paginate,4,1,0
Paginator:Paginate,63,10,1
Paginator:GetLacingValueLength,4,1,2
XiphComment:XiphComment,2,1,0
XiphComment:XiphComment,5,2,1
XiphComment:GetField,8,2,1
XiphComment:GetFirstField,6,2,1
XiphComment:SetField,8,3,2
XiphComment:SetField,19,8,2
XiphComment:RemoveField,6,2,1
XiphComment:Render,28,4,1
XiphComment:Parse,37,5,1
XiphComment:GetEnumerator,3,1,0
XiphComment:GetEnumerator,3,1,0
XiphComment:Clear,3,1,0
Theora:Theora,2,1,0
Theora:ReadPacket,18,6,2
Theora:GetDuration,3,1,2
Theora:SetCommentPacket,13,4,2
Theora:FromPacket,3,1,1
Theora:PacketType,8,3,1
Vorbis:Vorbis,2,1,0
Vorbis:ReadPacket,18,6,2
Vorbis:GetDuration,3,1,2
Vorbis:SetCommentPacket,13,4,2
Vorbis:FromPacket,3,1,1
Vorbis:PacketType,8,3,1
Codec:Codec,2,1,2
File:File,2,1,2
File:File,2,1,1
File:File,3,1,2
File:File,2,1,1
File:Save,10,1,0
File:Read,14,2,1
File:ValidateHeader,7,3,0
File:ReadChunkLength,9,3,0
File:ReadChunkType,6,2,0
File:ReadCRC,6,2,0
File:ReadChunkData,6,2,1
File:ReadTerminatedString,8,3,3
File:ReadKeyword,6,2,3
File:SkipChunkData,7,2,1
File:ReadMetadata,23,6,0
File:ReadIHDRChunk,25,3,1
File:ReadiTXtChunk,44,5,1
File:ReadtEXtChunk,19,2,1
File:ReadzTXtChunk,27,3,1
File:SaveMetadata,7,1,0
File:RenderXMPChunk,16,1,0
File:RenderKeywordChunks,18,2,0
File:ExtractProperties,5,1,0
File:CheckCRC,5,2,3
File:ComputeCRC,12,4,1
File:BuildCRCTable,14,4,0
File:Inflate,21,1,1
File:Decompress,10,2,2
PngTag:PngTag,2,1,0
PngTag:SetKeyword,8,3,2
PngTag:GetKeyword,5,1,1
PngTag:Clear,3,1,0
PngTag:GetEnumerator,3,1,0
AviHeaderList:AviHeaderList,18,9,3
AviHeader:AviHeader,2,1,1
AviHeader:AviHeader,17,4,2
AviStream:AviStream,3,1,1
AviStream:ParseItem,2,1,4
AviStream:ParseStreamList,24,7,1
AviAudioStream:AviAudioStream,2,1,1
AviAudioStream:ParseItem,4,2,4
AviVideoStream:AviVideoStream,2,1,1
AviVideoStream:ParseItem,4,2,4
AviStreamHeader:AviStreamHeader,2,1,1
AviStreamHeader:AviStreamHeader,24,4,2
BitmapInfoHeader:BitmapInfoHeader,2,1,1
BitmapInfoHeader:BitmapInfoHeader,19,4,2
BitmapInfoHeader:GetHashCode,5,1,0
BitmapInfoHeader:Equals,5,1,1
BitmapInfoHeader:Equals,3,1,1
DivXTag:DivXTag,3,1,0
DivXTag:DivXTag,14,4,2
DivXTag:DivXTag,9,4,1
DivXTag:Render,11,1,0
DivXTag:Parse,8,1,1
DivXTag:Clear,4,1,0
File:File,2,1,2
File:File,2,1,1
File:File,16,1,2
File:File,2,1,1
File:Save,65,11,0
File:RemoveTags,11,5,1
File:GetTag,37,20,2
File:Read,131,61,5
InfoTag:InfoTag,2,1,0
InfoTag:InfoTag,2,1,1
InfoTag:InfoTag,2,1,3
InfoTag:RenderEnclosed,3,1,0
List:List,2,1,0
List:List,5,2,1
List:List,10,4,3
List:List,2,1,2
List:Render,14,6,0
List:RenderEnclosed,14,3,1
List:GetValues,8,3,1
List:GetValuesAsStrings,20,7,1
List:GetValuesAsStringCollection,7,3,1
List:GetValueAsUInt,12,4,1
List:SetValue,12,5,2
List:SetValue,10,4,2
List:SetValue,10,4,2
List:SetValue,22,7,2
List:SetValue,10,4,2
List:RemoveValue,8,4,1
List:Parse,13,4,1
ListTag:ListTag,3,1,0
ListTag:ListTag,5,2,1
ListTag:ListTag,3,1,1
ListTag:ListTag,9,4,3
ListTag:RenderEnclosed,1,1,0
ListTag:RenderEnclosed,7,3,1
ListTag:Render,3,1,0
ListTag:GetValues,7,3,1
ListTag:GetValuesAsStrings,7,3,1
ListTag:GetValuesAsStringCollection,3,1,1
ListTag:GetValueAsUInt,7,3,1
ListTag:SetValue,7,3,2
ListTag:SetValue,7,3,2
ListTag:SetValue,3,1,2
ListTag:SetValue,3,1,2
ListTag:SetValue,7,3,2
ListTag:RemoveValue,7,3,1
ListTag:Clear,3,1,0
MovieIdTag:MovieIdTag,2,1,0
MovieIdTag:MovieIdTag,2,1,1
MovieIdTag:MovieIdTag,2,1,3
MovieIdTag:RenderEnclosed,3,1,0
WaveFormatEx:WaveFormatEx,2,1,1
WaveFormatEx:WaveFormatEx,13,4,2
WaveFormatEx:GetHashCode,5,1,0
WaveFormatEx:Equals,5,1,1
WaveFormatEx:Equals,3,1,1
File:File,2,1,2
File:File,2,1,1
File:File,2,1,2
File:File,2,1,1
File:Save,3,1,0
File:CreateCodec,3,1,2
BaseTiffFile:BaseTiffFile,3,1,1
BaseTiffFile:BaseTiffFile,3,1,1
BaseTiffFile:ReadHeader,24,5,0
BaseTiffFile:ReadIFD,3,1,1
BaseTiffFile:ReadIFD,13,2,2
BaseTiffFile:CreateIFDReader,3,1,6
BaseTiffFile:RenderHeader,10,2,1
Codec:Codec,2,1,2
Codec:Codec,3,1,3
File:File,2,1,2
File:File,2,1,1
File:File,11,1,2
File:File,2,1,1
File:Save,10,1,0
File:WriteFile,13,2,0
File:UpdateTags,7,2,1
File:Read,18,2,1
File:ExtractProperties,11,2,0
File:CreateCodec,3,1,2
File:File,2,1,2
File:File,2,1,1
File:File,3,1,2
File:File,2,1,1
File:Save,3,1,0
File:Read,13,2,1
File:ReadFile,7,1,0
File:ReadAdditionalCR2Header,22,4,0
File:ExtractProperties,10,2,0
File:File,2,1,2
File:File,2,1,1
File:File,2,1,2
File:File,2,1,1
File:Save,3,1,0
File:ExtractProperties,24,5,0
File:CreateCodec,3,1,2
File:File,2,1,2
File:File,2,1,1
File:File,2,1,2
File:File,2,1,1
File:Save,3,1,0
File:CreateCodec,3,1,2
File:File,2,1,2
File:File,2,1,1
File:File,2,1,2
File:File,2,1,1
File:Save,3,1,0
File:CreateCodec,3,1,2
File:File,2,1,2
File:File,2,1,1
File:File,5,1,2
File:File,2,1,1
File:Save,3,1,0
File:GetTag,13,2,2
File:Read,13,2,1
File:ReadFile,7,1,0
File:ReadAdditionalRW2Header,9,2,0
File:ExtractProperties,15,3,0
File:CreateIFDReader,3,1,6
IFDReader:IFDReader,2,1,6
IFDReader:ParseIFDEntry,13,2,5
StreamJPGAbstraction:StreamJPGAbstraction,3,1,1
StreamJPGAbstraction:CloseStream,3,1,1
IFDTag:IFDTag,3,1,1
File:File,2,1,2
File:File,2,1,1
File:File,2,1,2
File:File,2,1,1
File:GetTag,15,4,2
File:ReadStart,6,1,2
File:ReadEnd,4,1,2
File:ReadProperties,4,1,3
StreamHeader:StreamHeader,12,4,2
StreamHeader:GetHashCode,5,1,0
StreamHeader:Equals,5,1,1
StreamHeader:Equals,3,1,1
XmlNodeExtensions:In,3,1,2
XmlNodeExtensions:Is,3,1,3
XmlNodeExtensions:IsCoreSyntax,3,1,1
XmlNodeExtensions:IsOld,3,1,1
XmlNodeExtensions:IsNodeElement,3,1,1
XmlNodeExtensions:IsPropertyElement,3,1,1
XmlNodeExtensions:IsPropertyAttribute,3,1,1
XmpNode:XmpNode,11,2,2
XmpNode:XmpNode,3,1,3
XmpNode:AddChild,7,3,1
XmpNode:RemoveChild,5,1,1
XmpNode:GetChild,7,2,2
XmpNode:AddQualifier,9,4,1
XmpNode:GetQualifier,9,1,2
XmpNode:Dump,3,1,0
XmpNode:Accept,10,3,1
XmpNode:RenderInto,64,17,1
XmpNode:Dump,17,6,1
XmpNode:AddAllQualifiersTo,11,3,1
XmpNode:AddAllChildrenTo,6,3,1
XmpNodeVisitor:Visit,1,1,1
XmpTag:XmpTag,3,1,0
XmpTag:Initialize,10,1,0
XmpTag:PrepareNamespaces,42,1,0
XmpTag:AddNamespacePrefix,4,1,2
XmpTag:XmpTag,4,1,0
XmpTag:XmpTag,19,3,2
XmpTag:ParseRDF,20,6,2
XmpTag:ParseNodeElementList,7,3,2
XmpTag:ParseNodeElement,33,12,2
XmpTag:ParsePropertyElement,52,15,2
XmpTag:ParseResourcePropertyElement,26,9,2
XmpTag:ParseLiteralPropertyElement,5,2,2
XmpTag:ParseTypeResourcePropertyElement,16,6,2
XmpTag:ParseEmptyPropertyElement,30,8,2
XmpTag:CreateTextPropertyWithQualifiers,12,4,2
XmpTag:NewNode,22,5,2
XmpTag:NewNode,5,1,3
XmpTag:RemoveNode,11,3,2
XmpTag:AcceptVisitors,5,1,0
XmpTag:ReplaceFrom,5,1,1
XmpTag:Clear,3,1,0
XmpTag:FindNode,7,1,2
XmpTag:GetTextNode,6,1,2
XmpTag:SetTextNode,8,2,3
XmpTag:GetLangAltNode,18,2,2
XmpTag:SetLangAltNode,10,2,3
XmpTag:GetCollectionNode,12,3,2
XmpTag:SetCollectionNode,11,5,4
XmpTag:GetRationalNode,20,3,2
XmpTag:SetRationalNode,4,1,3
XmpTag:DecimalToFraction,23,4,2
XmpTag:GetUIntNode,9,1,2
XmpTag:Render,11,1,0
XmpTag:EnsureNamespacePrefix,6,2,1
XmpTag:CreateNode,4,1,3
XmpTag:CreateAttribute,4,1,3
Resources:Resources,2,1,0
