Project,Namespace,Ca types,Ce types
RealSolarSystem,RealSolarSystem,,
