Project,Namespace,Ca types,Ce types
QDFeedParser,QDFeedParser,QDFeedParser.Xml.LinqFeedXmlParser' QDFeedParser.Xml.XPathFeedXmlParser' QDFeedParser.Tests.KnownValueTestLoader' QDFeedParser.Tests.SyndicationFeed.BaseSyndicationFeedTest<T>' QDFeedParser.Tests.SyndicationFeed.Valid.AtomApprovalTest' QDFeedParser.Tests.SyndicationFeed.Valid.RssApprovalTest' QDFeedParser.Tests.AsyncTests.AsyncFileSysFeedFactoryTests' QDFeedParser.Tests.AsyncTests.AsyncHttpFeedFactoryTests' QDFeedParser.Tests.AsyncTests.AsyncMissingFileSysFeedFactoryTest' QDFeedParser.Tests.AsyncTests.AsyncMissingHttpFeedFactoryTests' QDFeedParser.Tests.FeedFactory.BaseFeedFactoryTests<T>' QDFeedParser.Tests.FeedFactory.Missing.BaseMissingFeedFactoryTest' QDFeedParser.Tests.Serialization.FeedSerializationTests' QDFeedParser.Tests.SyndicationFeed.BaseKnownValueTest' QDFeedParser.Tests.Extensions.QDObjectToString' QDFeedParser.Xml.FeedXmlParserBase' QDFeedParser.Xml.IFeedXmlParser' QDFeedParser.Tests.SyndicationFeed.Valid.RssKnownValuesTests,QDFeedParser.Xml.IFeedXmlParser
QDFeedParser,QDFeedParser.Xml,QDFeedParser.BaseFeedFactory' QDFeedParser.FileSystemFeedFactory' QDFeedParser.HttpFeedFactory,QDFeedParser.IFeed' QDFeedParser.Rss20Feed' QDFeedParser.Atom10Feed' QDFeedParser.FeedType' QDFeedParser.Atom10FeedItem' QDFeedParser.Rss20FeedItem' QDFeedParser.BaseFeedItem
