Method,LOC,CC,PC
Program:Main,68,21,1
Program:WriteHelp,14,1,0
