Project,Namespace,Ca types,Ce types
Setup,updateSystemDotNet.Setup.Core,updateSystemDotNet.Setup.UI.setupWizard' updateSystemDotNet.Setup.UI.setupPages.basePage' updateSystemDotNet.Setup.UI.setupPages.stpUninstall' updateSystemDotNet.Setup.UI.setupPages.stpInstall' updateSystemDotNet.Setup.UI.setupPages.stpInterrupted' updateSystemDotNet.Setup.UI.setupPages.stpDonate' updateSystemDotNet.Setup.UI.setupPages.stpLicense' updateSystemDotNet.Setup.UI.setupPages.stpInstalled' updateSystemDotNet.Setup.UI.setupPages.stpUninstalled' updateSystemDotNet.Setup.UI.setupPages.stpOptions' updateSystemDotNet.Setup.UI.setupPages.stpWelcomeUninstall' updateSystemDotNet.Setup.UI.setupPages.stpUpgrade' updateSystemDotNet.Setup.UI.setupPages.stpBeta,updateSystemDotNet.Setup.UI.setupPages.basePage
Setup,updateSystemDotNet.Setup,,updateSystemDotNet.Setup.UI.setupWizard
Setup,updateSystemDotNet.Setup.UI.setupPages,updateSystemDotNet.Setup.Core.ISetupPage' updateSystemDotNet.Setup.UI.setupWizard,updateSystemDotNet.Setup.Core.changePageEventArgs' updateSystemDotNet.Setup.Core.ISetupPage' updateSystemDotNet.Setup.Core.setupContext' updateSystemDotNet.Setup.Core.FileAssociation' updateSystemDotNet.Setup.Core.productRTM' updateSystemDotNet.Setup.Core.ProgramsAndFeaturesHelper' updateSystemDotNet.Setup.Core.setupPackage' updateSystemDotNet.Setup.Core.ShellShortcut' updateSystemDotNet.Setup.Core.taskBarProgressState' updateSystemDotNet.Setup.Core.taskBarManager' updateSystemDotNet.Setup.Core.limitedProcess' updateSystemDotNet.Setup.Core.productBeta' updateSystemDotNet.Setup.Core.nativeImages
Setup,updateSystemDotNet.Setup.UI,updateSystemDotNet.Setup.Program,updateSystemDotNet.Setup.Core.changePageEventArgs' updateSystemDotNet.Setup.Core.ISetupPage' updateSystemDotNet.Setup.Core.productBeta' updateSystemDotNet.Setup.Core.ProgramsAndFeaturesHelper' updateSystemDotNet.Setup.Core.setupContext' updateSystemDotNet.Setup.UI.setupPages.stpDonate' updateSystemDotNet.Setup.UI.setupPages.stpBeta' updateSystemDotNet.Setup.UI.setupPages.stpInstall' updateSystemDotNet.Setup.UI.setupPages.stpInstalled' updateSystemDotNet.Setup.UI.setupPages.stpInterrupted' updateSystemDotNet.Setup.UI.setupPages.stpLicense' updateSystemDotNet.Setup.UI.setupPages.stpOptions' updateSystemDotNet.Setup.UI.setupPages.stpUninstall' updateSystemDotNet.Setup.UI.setupPages.stpUninstalled' updateSystemDotNet.Setup.UI.setupPages.stpUpgrade' updateSystemDotNet.Setup.UI.setupPages.stpWelcomeUninstall
Setup,updateSystemDotNet.Setup.Properties,,
