Project,Namespace,Ca types,Ce types
fireBwall.Testing,fireBwall.Testing,,
