Architecture smell,Project,Namespace,Cause,Responsible Classes,Participating Classes
Cyclic Dependency,Sonarr.Core,NzbDrone.Core.Analytics,The tool detected the smell in this component because this component participates in a cyclic dependency. The participating components in the cycle are: NzbDrone.Core.Analytics' NzbDrone.Core.Update' NzbDrone.Core.Configuration,NzbDrone.Core.Analytics.AnalyticsService' NzbDrone.Core.Update.UpdaterConfigProvider' NzbDrone.Core.Update.InstallUpdateService' NzbDrone.Core.Update.UpdatePackageProvider' NzbDrone.Core.Configuration.Config' NzbDrone.Core.Configuration.IConfigFileProvider' NzbDrone.Core.Configuration.ConfigFileProvider' NzbDrone.Core.Configuration.ConfigService,NzbDrone.Core.Analytics.AnalyticsService' NzbDrone.Core.Update.UpdaterConfigProvider' NzbDrone.Core.Update.InstallUpdateService' NzbDrone.Core.Update.UpdatePackageProvider' NzbDrone.Core.Configuration.Config' NzbDrone.Core.Configuration.IConfigFileProvider' NzbDrone.Core.Configuration.ConfigFileProvider' NzbDrone.Core.Configuration.ConfigService
Cyclic Dependency,Sonarr.Core,NzbDrone.Core.Analytics,The tool detected the smell in this component because this component participates in a cyclic dependency. The participating components in the cycle are: NzbDrone.Core.Analytics' NzbDrone.Core.Update' NzbDrone.Core.Configuration' NzbDrone.Core.Datastore,NzbDrone.Core.Analytics.AnalyticsService' NzbDrone.Core.Update.UpdaterConfigProvider' NzbDrone.Core.Update.InstallUpdateService' NzbDrone.Core.Update.UpdatePackageProvider' NzbDrone.Core.Configuration.Config' NzbDrone.Core.Configuration.IConfigFileProvider' NzbDrone.Core.Configuration.ConfigFileProvider' NzbDrone.Core.Configuration.ConfigService' NzbDrone.Core.Datastore.BasicRepository<TModel>' NzbDrone.Core.Datastore.IDbFactory' NzbDrone.Core.Datastore.TableMapping,NzbDrone.Core.Analytics.AnalyticsService' NzbDrone.Core.Update.UpdaterConfigProvider' NzbDrone.Core.Update.InstallUpdateService' NzbDrone.Core.Update.UpdatePackageProvider' NzbDrone.Core.Configuration.Config' NzbDrone.Core.Configuration.IConfigFileProvider' NzbDrone.Core.Configuration.ConfigFileProvider' NzbDrone.Core.Configuration.ConfigService' NzbDrone.Core.Datastore.BasicRepository<TModel>' NzbDrone.Core.Datastore.IDbFactory' NzbDrone.Core.Datastore.TableMapping
Cyclic Dependency,Sonarr.Core,NzbDrone.Core.Analytics,The tool detected the smell in this component because this component participates in a cyclic dependency. The participating components in the cycle are: NzbDrone.Core.Analytics' NzbDrone.Core.Update' NzbDrone.Core.Configuration' NzbDrone.Core.Datastore' NzbDrone.Core.Configuration,NzbDrone.Core.Analytics.AnalyticsService' NzbDrone.Core.Update.UpdaterConfigProvider' NzbDrone.Core.Update.InstallUpdateService' NzbDrone.Core.Update.UpdatePackageProvider' NzbDrone.Core.Configuration.Config' NzbDrone.Core.Configuration.IConfigFileProvider' NzbDrone.Core.Configuration.ConfigFileProvider' NzbDrone.Core.Configuration.ConfigService' NzbDrone.Core.Datastore.BasicRepository<TModel>' NzbDrone.Core.Datastore.IDbFactory' NzbDrone.Core.Datastore.TableMapping,NzbDrone.Core.Analytics.AnalyticsService' NzbDrone.Core.Update.UpdaterConfigProvider' NzbDrone.Core.Update.InstallUpdateService' NzbDrone.Core.Update.UpdatePackageProvider' NzbDrone.Core.Configuration.Config' NzbDrone.Core.Configuration.IConfigFileProvider' NzbDrone.Core.Configuration.ConfigFileProvider' NzbDrone.Core.Configuration.ConfigService' NzbDrone.Core.Datastore.BasicRepository<TModel>' NzbDrone.Core.Datastore.IDbFactory' NzbDrone.Core.Datastore.TableMapping
Cyclic Dependency,Sonarr.Core,NzbDrone.Core.Authentication,The tool detected the smell in this component because this component participates in a cyclic dependency. The participating components in the cycle are: NzbDrone.Core.Authentication' NzbDrone.Core.Datastore,NzbDrone.Core.Authentication.User' NzbDrone.Core.Authentication.UserRepository' NzbDrone.Core.Authentication.UserService' NzbDrone.Core.Datastore.BasicRepository<TModel>' NzbDrone.Core.Datastore.IDbFactory' NzbDrone.Core.Datastore.TableMapping,NzbDrone.Core.Authentication.User' NzbDrone.Core.Authentication.UserRepository' NzbDrone.Core.Authentication.UserService' NzbDrone.Core.Datastore.BasicRepository<TModel>' NzbDrone.Core.Datastore.IDbFactory' NzbDrone.Core.Datastore.TableMapping
Cyclic Dependency,Sonarr.Core,NzbDrone.Core.Authentication,The tool detected the smell in this component because this component participates in a cyclic dependency. The participating components in the cycle are: NzbDrone.Core.Authentication' NzbDrone.Core.Configuration' NzbDrone.Core.Datastore,NzbDrone.Core.Authentication.User' NzbDrone.Core.Authentication.UserRepository' NzbDrone.Core.Authentication.UserService' NzbDrone.Core.Configuration.Config' NzbDrone.Core.Configuration.IConfigFileProvider' NzbDrone.Core.Configuration.ConfigFileProvider' NzbDrone.Core.Configuration.ConfigService' NzbDrone.Core.Datastore.BasicRepository<TModel>' NzbDrone.Core.Datastore.IDbFactory' NzbDrone.Core.Datastore.TableMapping,NzbDrone.Core.Authentication.User' NzbDrone.Core.Authentication.UserRepository' NzbDrone.Core.Authentication.UserService' NzbDrone.Core.Configuration.Config' NzbDrone.Core.Configuration.IConfigFileProvider' NzbDrone.Core.Configuration.ConfigFileProvider' NzbDrone.Core.Configuration.ConfigService' NzbDrone.Core.Datastore.BasicRepository<TModel>' NzbDrone.Core.Datastore.IDbFactory' NzbDrone.Core.Datastore.TableMapping
Cyclic Dependency,Sonarr.Core,NzbDrone.Core.Authentication,The tool detected the smell in this component because this component participates in a cyclic dependency. The participating components in the cycle are: NzbDrone.Core.Authentication' NzbDrone.Core.Datastore' NzbDrone.Core.Blacklisting' NzbDrone.Core.Datastore,NzbDrone.Core.Authentication.User' NzbDrone.Core.Authentication.UserRepository' NzbDrone.Core.Authentication.UserService' NzbDrone.Core.Datastore.BasicRepository<TModel>' NzbDrone.Core.Datastore.IDbFactory' NzbDrone.Core.Datastore.TableMapping' NzbDrone.Core.Blacklisting.Blacklist' NzbDrone.Core.Blacklisting.BlacklistRepository' NzbDrone.Core.Blacklisting.IBlacklistService' NzbDrone.Core.Blacklisting.BlacklistService,NzbDrone.Core.Authentication.User' NzbDrone.Core.Authentication.UserRepository' NzbDrone.Core.Authentication.UserService' NzbDrone.Core.Datastore.BasicRepository<TModel>' NzbDrone.Core.Datastore.IDbFactory' NzbDrone.Core.Datastore.TableMapping' NzbDrone.Core.Blacklisting.Blacklist' NzbDrone.Core.Blacklisting.BlacklistRepository' NzbDrone.Core.Blacklisting.IBlacklistService' NzbDrone.Core.Blacklisting.BlacklistService
Cyclic Dependency,Sonarr.Core,NzbDrone.Core.Authentication,The tool detected the smell in this component because this component participates in a cyclic dependency. The participating components in the cycle are: NzbDrone.Core.Authentication' NzbDrone.Core.Datastore' NzbDrone.Core.Messaging.Commands' NzbDrone.Core.Messaging.Events' NzbDrone.Core.Datastore,NzbDrone.Core.Authentication.User' NzbDrone.Core.Authentication.UserRepository' NzbDrone.Core.Authentication.UserService' NzbDrone.Core.Datastore.BasicRepository<TModel>' NzbDrone.Core.Datastore.IDbFactory' NzbDrone.Core.Datastore.TableMapping' NzbDrone.Core.Messaging.Commands.CommandExecutor' NzbDrone.Core.Messaging.Commands.CommandModel' NzbDrone.Core.Messaging.Commands.CommandQueueManager' NzbDrone.Core.Messaging.Commands.IExecute' NzbDrone.Core.Messaging.Events.CommandExecutedEvent' NzbDrone.Core.Messaging.Events.EventAggregator,NzbDrone.Core.Authentication.User' NzbDrone.Core.Authentication.UserRepository' NzbDrone.Core.Authentication.UserService' NzbDrone.Core.Datastore.BasicRepository<TModel>' NzbDrone.Core.Datastore.IDbFactory' NzbDrone.Core.Datastore.TableMapping' NzbDrone.Core.Messaging.Commands.CommandExecutor' NzbDrone.Core.Messaging.Commands.CommandModel' NzbDrone.Core.Messaging.Commands.CommandQueueManager' NzbDrone.Core.Messaging.Commands.IExecute' NzbDrone.Core.Messaging.Events.CommandExecutedEvent' NzbDrone.Core.Messaging.Events.EventAggregator
Cyclic Dependency,Sonarr.Core,NzbDrone.Core.Backup,The tool detected the smell in this component because this component participates in a cyclic dependency. The participating components in the cycle are: NzbDrone.Core.Backup' NzbDrone.Core.Update' NzbDrone.Core.Configuration,NzbDrone.Core.Backup.BackupCommand' NzbDrone.Core.Backup.BackupService' NzbDrone.Core.Backup.RestoreBackupFailedException' NzbDrone.Core.Update.UpdaterConfigProvider' NzbDrone.Core.Update.InstallUpdateService' NzbDrone.Core.Update.UpdatePackageProvider' NzbDrone.Core.Configuration.Config' NzbDrone.Core.Configuration.IConfigFileProvider' NzbDrone.Core.Configuration.ConfigFileProvider' NzbDrone.Core.Configuration.ConfigService,NzbDrone.Core.Backup.BackupCommand' NzbDrone.Core.Backup.BackupService' NzbDrone.Core.Backup.RestoreBackupFailedException' NzbDrone.Core.Update.UpdaterConfigProvider' NzbDrone.Core.Update.InstallUpdateService' NzbDrone.Core.Update.UpdatePackageProvider' NzbDrone.Core.Configuration.Config' NzbDrone.Core.Configuration.IConfigFileProvider' NzbDrone.Core.Configuration.ConfigFileProvider' NzbDrone.Core.Configuration.ConfigService
Cyclic Dependency,Sonarr.Core,NzbDrone.Core.Backup,The tool detected the smell in this component because this component participates in a cyclic dependency. The participating components in the cycle are: NzbDrone.Core.Backup' NzbDrone.Core.Jobs' NzbDrone.Core.Datastore' NzbDrone.Core.Messaging.Commands,NzbDrone.Core.Backup.BackupCommand' NzbDrone.Core.Backup.BackupService' NzbDrone.Core.Backup.RestoreBackupFailedException' NzbDrone.Core.Jobs.ScheduledTask' NzbDrone.Core.Jobs.ScheduledTaskRepository' NzbDrone.Core.Jobs.Scheduler' NzbDrone.Core.Jobs.TaskManager' NzbDrone.Core.Datastore.BasicRepository<TModel>' NzbDrone.Core.Datastore.IDbFactory' NzbDrone.Core.Datastore.TableMapping' NzbDrone.Core.Messaging.Commands.CommandExecutor' NzbDrone.Core.Messaging.Commands.CommandModel' NzbDrone.Core.Messaging.Commands.CommandQueueManager' NzbDrone.Core.Messaging.Commands.IExecute,NzbDrone.Core.Backup.BackupCommand' NzbDrone.Core.Backup.BackupService' NzbDrone.Core.Backup.RestoreBackupFailedException' NzbDrone.Core.Jobs.ScheduledTask' NzbDrone.Core.Jobs.ScheduledTaskRepository' NzbDrone.Core.Jobs.Scheduler' NzbDrone.Core.Jobs.TaskManager' NzbDrone.Core.Datastore.BasicRepository<TModel>' NzbDrone.Core.Datastore.IDbFactory' NzbDrone.Core.Datastore.TableMapping' NzbDrone.Core.Messaging.Commands.CommandExecutor' NzbDrone.Core.Messaging.Commands.CommandModel' NzbDrone.Core.Messaging.Commands.CommandQueueManager' NzbDrone.Core.Messaging.Commands.IExecute
Cyclic Dependency,Sonarr.Core,NzbDrone.Core.Backup,The tool detected the smell in this component because this component participates in a cyclic dependency. The participating components in the cycle are: NzbDrone.Core.Backup' NzbDrone.Core.Update' NzbDrone.Core.Configuration' NzbDrone.Core.Datastore' NzbDrone.Core.Messaging.Commands,NzbDrone.Core.Backup.BackupCommand' NzbDrone.Core.Backup.BackupService' NzbDrone.Core.Backup.RestoreBackupFailedException' NzbDrone.Core.Update.UpdaterConfigProvider' NzbDrone.Core.Update.InstallUpdateService' NzbDrone.Core.Update.UpdatePackageProvider' NzbDrone.Core.Configuration.Config' NzbDrone.Core.Configuration.IConfigFileProvider' NzbDrone.Core.Configuration.ConfigFileProvider' NzbDrone.Core.Configuration.ConfigService' NzbDrone.Core.Datastore.BasicRepository<TModel>' NzbDrone.Core.Datastore.IDbFactory' NzbDrone.Core.Datastore.TableMapping' NzbDrone.Core.Messaging.Commands.CommandExecutor' NzbDrone.Core.Messaging.Commands.CommandModel' NzbDrone.Core.Messaging.Commands.CommandQueueManager' NzbDrone.Core.Messaging.Commands.IExecute,NzbDrone.Core.Backup.BackupCommand' NzbDrone.Core.Backup.BackupService' NzbDrone.Core.Backup.RestoreBackupFailedException' NzbDrone.Core.Update.UpdaterConfigProvider' NzbDrone.Core.Update.InstallUpdateService' NzbDrone.Core.Update.UpdatePackageProvider' NzbDrone.Core.Configuration.Config' NzbDrone.Core.Configuration.IConfigFileProvider' NzbDrone.Core.Configuration.ConfigFileProvider' NzbDrone.Core.Configuration.ConfigService' NzbDrone.Core.Datastore.BasicRepository<TModel>' NzbDrone.Core.Datastore.IDbFactory' NzbDrone.Core.Datastore.TableMapping' NzbDrone.Core.Messaging.Commands.CommandExecutor' NzbDrone.Core.Messaging.Commands.CommandModel' NzbDrone.Core.Messaging.Commands.CommandQueueManager' NzbDrone.Core.Messaging.Commands.IExecute
Cyclic Dependency,Sonarr.Core,NzbDrone.Core.Blacklisting,The tool detected the smell in this component because this component participates in a cyclic dependency. The participating components in the cycle are: NzbDrone.Core.Blacklisting' NzbDrone.Core.Datastore,NzbDrone.Core.Blacklisting.Blacklist' NzbDrone.Core.Blacklisting.BlacklistRepository' NzbDrone.Core.Blacklisting.IBlacklistService' NzbDrone.Core.Blacklisting.BlacklistService' NzbDrone.Core.Datastore.BasicRepository<TModel>' NzbDrone.Core.Datastore.IDbFactory' NzbDrone.Core.Datastore.TableMapping,NzbDrone.Core.Blacklisting.Blacklist' NzbDrone.Core.Blacklisting.BlacklistRepository' NzbDrone.Core.Blacklisting.IBlacklistService' NzbDrone.Core.Blacklisting.BlacklistService' NzbDrone.Core.Datastore.BasicRepository<TModel>' NzbDrone.Core.Datastore.IDbFactory' NzbDrone.Core.Datastore.TableMapping
Cyclic Dependency,Sonarr.Core,NzbDrone.Core.Blacklisting,The tool detected the smell in this component because this component participates in a cyclic dependency. The participating components in the cycle are: NzbDrone.Core.Blacklisting' NzbDrone.Core.Datastore' NzbDrone.Core.Indexers,NzbDrone.Core.Blacklisting.Blacklist' NzbDrone.Core.Blacklisting.BlacklistRepository' NzbDrone.Core.Blacklisting.IBlacklistService' NzbDrone.Core.Blacklisting.BlacklistService' NzbDrone.Core.Datastore.BasicRepository<TModel>' NzbDrone.Core.Datastore.IDbFactory' NzbDrone.Core.Datastore.TableMapping' NzbDrone.Core.Indexers.EzrssTorrentRssParser' NzbDrone.Core.Indexers.IFetchAndParseRss' NzbDrone.Core.Indexers.HttpIndexerBase<TSettings>' NzbDrone.Core.Indexers.IIndexer' NzbDrone.Core.Indexers.IndexerFactory' NzbDrone.Core.Indexers.IndexerRepository' NzbDrone.Core.Indexers.IndexerStatus' NzbDrone.Core.Indexers.RssSyncCommand' NzbDrone.Core.Indexers.RssSyncCompleteEvent' NzbDrone.Core.Indexers.RssSyncService' NzbDrone.Core.Indexers.ISeedConfigProvider' NzbDrone.Core.Indexers.SeedCriteriaSettings,NzbDrone.Core.Blacklisting.Blacklist' NzbDrone.Core.Blacklisting.BlacklistRepository' NzbDrone.Core.Blacklisting.IBlacklistService' NzbDrone.Core.Blacklisting.BlacklistService' NzbDrone.Core.Datastore.BasicRepository<TModel>' NzbDrone.Core.Datastore.IDbFactory' NzbDrone.Core.Datastore.TableMapping' NzbDrone.Core.Indexers.EzrssTorrentRssParser' NzbDrone.Core.Indexers.IFetchAndParseRss' NzbDrone.Core.Indexers.HttpIndexerBase<TSettings>' NzbDrone.Core.Indexers.IIndexer' NzbDrone.Core.Indexers.IndexerFactory' NzbDrone.Core.Indexers.IndexerRepository' NzbDrone.Core.Indexers.IndexerStatus' NzbDrone.Core.Indexers.RssSyncCommand' NzbDrone.Core.Indexers.RssSyncCompleteEvent' NzbDrone.Core.Indexers.RssSyncService' NzbDrone.Core.Indexers.ISeedConfigProvider' NzbDrone.Core.Indexers.SeedCriteriaSettings
Cyclic Dependency,Sonarr.Core,NzbDrone.Core.Blacklisting,The tool detected the smell in this component because this component participates in a cyclic dependency. The participating components in the cycle are: NzbDrone.Core.Blacklisting' NzbDrone.Core.Datastore' NzbDrone.Core.Messaging.Commands' NzbDrone.Core.Messaging.Events' NzbDrone.Core.Datastore,NzbDrone.Core.Blacklisting.Blacklist' NzbDrone.Core.Blacklisting.BlacklistRepository' NzbDrone.Core.Blacklisting.IBlacklistService' NzbDrone.Core.Blacklisting.BlacklistService' NzbDrone.Core.Datastore.BasicRepository<TModel>' NzbDrone.Core.Datastore.IDbFactory' NzbDrone.Core.Datastore.TableMapping' NzbDrone.Core.Messaging.Commands.CommandExecutor' NzbDrone.Core.Messaging.Commands.CommandModel' NzbDrone.Core.Messaging.Commands.CommandQueueManager' NzbDrone.Core.Messaging.Commands.IExecute' NzbDrone.Core.Messaging.Events.CommandExecutedEvent' NzbDrone.Core.Messaging.Events.EventAggregator,NzbDrone.Core.Blacklisting.Blacklist' NzbDrone.Core.Blacklisting.BlacklistRepository' NzbDrone.Core.Blacklisting.IBlacklistService' NzbDrone.Core.Blacklisting.BlacklistService' NzbDrone.Core.Datastore.BasicRepository<TModel>' NzbDrone.Core.Datastore.IDbFactory' NzbDrone.Core.Datastore.TableMapping' NzbDrone.Core.Messaging.Commands.CommandExecutor' NzbDrone.Core.Messaging.Commands.CommandModel' NzbDrone.Core.Messaging.Commands.CommandQueueManager' NzbDrone.Core.Messaging.Commands.IExecute' NzbDrone.Core.Messaging.Events.CommandExecutedEvent' NzbDrone.Core.Messaging.Events.EventAggregator
Cyclic Dependency,Sonarr.Core,NzbDrone.Core.Configuration,The tool detected the smell in this component because this component participates in a cyclic dependency. The participating components in the cycle are: NzbDrone.Core.Configuration' NzbDrone.Core.Datastore,NzbDrone.Core.Configuration.Config' NzbDrone.Core.Configuration.IConfigFileProvider' NzbDrone.Core.Configuration.ConfigFileProvider' NzbDrone.Core.Configuration.ConfigService' NzbDrone.Core.Datastore.BasicRepository<TModel>' NzbDrone.Core.Datastore.IDbFactory' NzbDrone.Core.Datastore.TableMapping,NzbDrone.Core.Configuration.Config' NzbDrone.Core.Configuration.IConfigFileProvider' NzbDrone.Core.Configuration.ConfigFileProvider' NzbDrone.Core.Configuration.ConfigService' NzbDrone.Core.Datastore.BasicRepository<TModel>' NzbDrone.Core.Datastore.IDbFactory' NzbDrone.Core.Datastore.TableMapping
Cyclic Dependency,Sonarr.Core,NzbDrone.Core.Configuration,The tool detected the smell in this component because this component participates in a cyclic dependency. The participating components in the cycle are: NzbDrone.Core.Configuration' NzbDrone.Core.Download' NzbDrone.Core.Datastore,NzbDrone.Core.Configuration.Config' NzbDrone.Core.Configuration.IConfigFileProvider' NzbDrone.Core.Configuration.ConfigFileProvider' NzbDrone.Core.Configuration.ConfigService' NzbDrone.Core.Download.CheckForFinishedDownloadCommand' NzbDrone.Core.Download.ICompletedDownloadService' NzbDrone.Core.Download.CompletedDownloadService' NzbDrone.Core.Download.DownloadClientBase<TSettings>' NzbDrone.Core.Download.DownloadClientRepository' NzbDrone.Core.Download.DownloadClientStatus' NzbDrone.Core.Download.DownloadFailedEvent' NzbDrone.Core.Download.DownloadService' NzbDrone.Core.Download.IProcessDownloadDecisions' NzbDrone.Core.Download.ProcessDownloadDecisions' NzbDrone.Core.Download.RedownloadFailedDownloadService' NzbDrone.Core.Download.TorrentClientBase<TSettings>' NzbDrone.Core.Datastore.BasicRepository<TModel>' NzbDrone.Core.Datastore.IDbFactory' NzbDrone.Core.Datastore.TableMapping,NzbDrone.Core.Configuration.Config' NzbDrone.Core.Configuration.IConfigFileProvider' NzbDrone.Core.Configuration.ConfigFileProvider' NzbDrone.Core.Configuration.ConfigService' NzbDrone.Core.Download.CheckForFinishedDownloadCommand' NzbDrone.Core.Download.ICompletedDownloadService' NzbDrone.Core.Download.CompletedDownloadService' NzbDrone.Core.Download.DownloadClientBase<TSettings>' NzbDrone.Core.Download.DownloadClientRepository' NzbDrone.Core.Download.DownloadClientStatus' NzbDrone.Core.Download.DownloadFailedEvent' NzbDrone.Core.Download.DownloadService' NzbDrone.Core.Download.IProcessDownloadDecisions' NzbDrone.Core.Download.ProcessDownloadDecisions' NzbDrone.Core.Download.RedownloadFailedDownloadService' NzbDrone.Core.Download.TorrentClientBase<TSettings>' NzbDrone.Core.Datastore.BasicRepository<TModel>' NzbDrone.Core.Datastore.IDbFactory' NzbDrone.Core.Datastore.TableMapping
Cyclic Dependency,Sonarr.Core,NzbDrone.Core.Configuration,The tool detected the smell in this component because this component participates in a cyclic dependency. The participating components in the cycle are: NzbDrone.Core.Configuration' NzbDrone.Core.Datastore' NzbDrone.Core.Authentication' NzbDrone.Core.Datastore,NzbDrone.Core.Configuration.Config' NzbDrone.Core.Configuration.IConfigFileProvider' NzbDrone.Core.Configuration.ConfigFileProvider' NzbDrone.Core.Configuration.ConfigService' NzbDrone.Core.Datastore.BasicRepository<TModel>' NzbDrone.Core.Datastore.IDbFactory' NzbDrone.Core.Datastore.TableMapping' NzbDrone.Core.Authentication.User' NzbDrone.Core.Authentication.UserRepository' NzbDrone.Core.Authentication.UserService,NzbDrone.Core.Configuration.Config' NzbDrone.Core.Configuration.IConfigFileProvider' NzbDrone.Core.Configuration.ConfigFileProvider' NzbDrone.Core.Configuration.ConfigService' NzbDrone.Core.Datastore.BasicRepository<TModel>' NzbDrone.Core.Datastore.IDbFactory' NzbDrone.Core.Datastore.TableMapping' NzbDrone.Core.Authentication.User' NzbDrone.Core.Authentication.UserRepository' NzbDrone.Core.Authentication.UserService
Cyclic Dependency,Sonarr.Core,NzbDrone.Core.Configuration,The tool detected the smell in this component because this component participates in a cyclic dependency. The participating components in the cycle are: NzbDrone.Core.Configuration' NzbDrone.Core.Datastore' NzbDrone.Core.Messaging.Commands' NzbDrone.Core.Messaging.Events' NzbDrone.Core.Datastore,NzbDrone.Core.Configuration.Config' NzbDrone.Core.Configuration.IConfigFileProvider' NzbDrone.Core.Configuration.ConfigFileProvider' NzbDrone.Core.Configuration.ConfigService' NzbDrone.Core.Datastore.BasicRepository<TModel>' NzbDrone.Core.Datastore.IDbFactory' NzbDrone.Core.Datastore.TableMapping' NzbDrone.Core.Messaging.Commands.CommandExecutor' NzbDrone.Core.Messaging.Commands.CommandModel' NzbDrone.Core.Messaging.Commands.CommandQueueManager' NzbDrone.Core.Messaging.Commands.IExecute' NzbDrone.Core.Messaging.Events.CommandExecutedEvent' NzbDrone.Core.Messaging.Events.EventAggregator,NzbDrone.Core.Configuration.Config' NzbDrone.Core.Configuration.IConfigFileProvider' NzbDrone.Core.Configuration.ConfigFileProvider' NzbDrone.Core.Configuration.ConfigService' NzbDrone.Core.Datastore.BasicRepository<TModel>' NzbDrone.Core.Datastore.IDbFactory' NzbDrone.Core.Datastore.TableMapping' NzbDrone.Core.Messaging.Commands.CommandExecutor' NzbDrone.Core.Messaging.Commands.CommandModel' NzbDrone.Core.Messaging.Commands.CommandQueueManager' NzbDrone.Core.Messaging.Commands.IExecute' NzbDrone.Core.Messaging.Events.CommandExecutedEvent' NzbDrone.Core.Messaging.Events.EventAggregator
Cyclic Dependency,Sonarr.Core,NzbDrone.Core.CustomFilters,The tool detected the smell in this component because this component participates in a cyclic dependency. The participating components in the cycle are: NzbDrone.Core.CustomFilters' NzbDrone.Core.Datastore,NzbDrone.Core.CustomFilters.CustomFilter' NzbDrone.Core.CustomFilters.CustomFilterRepository' NzbDrone.Core.Datastore.BasicRepository<TModel>' NzbDrone.Core.Datastore.IDbFactory' NzbDrone.Core.Datastore.TableMapping,NzbDrone.Core.CustomFilters.CustomFilter' NzbDrone.Core.CustomFilters.CustomFilterRepository' NzbDrone.Core.Datastore.BasicRepository<TModel>' NzbDrone.Core.Datastore.IDbFactory' NzbDrone.Core.Datastore.TableMapping
Cyclic Dependency,Sonarr.Core,NzbDrone.Core.CustomFilters,The tool detected the smell in this component because this component participates in a cyclic dependency. The participating components in the cycle are: NzbDrone.Core.CustomFilters' NzbDrone.Core.Datastore' NzbDrone.Core.Authentication' NzbDrone.Core.Datastore,NzbDrone.Core.CustomFilters.CustomFilter' NzbDrone.Core.CustomFilters.CustomFilterRepository' NzbDrone.Core.Datastore.BasicRepository<TModel>' NzbDrone.Core.Datastore.IDbFactory' NzbDrone.Core.Datastore.TableMapping' NzbDrone.Core.Authentication.User' NzbDrone.Core.Authentication.UserRepository' NzbDrone.Core.Authentication.UserService,NzbDrone.Core.CustomFilters.CustomFilter' NzbDrone.Core.CustomFilters.CustomFilterRepository' NzbDrone.Core.Datastore.BasicRepository<TModel>' NzbDrone.Core.Datastore.IDbFactory' NzbDrone.Core.Datastore.TableMapping' NzbDrone.Core.Authentication.User' NzbDrone.Core.Authentication.UserRepository' NzbDrone.Core.Authentication.UserService
Cyclic Dependency,Sonarr.Core,NzbDrone.Core.CustomFilters,The tool detected the smell in this component because this component participates in a cyclic dependency. The participating components in the cycle are: NzbDrone.Core.CustomFilters' NzbDrone.Core.Datastore' NzbDrone.Core.Messaging.Commands' NzbDrone.Core.Messaging.Events' NzbDrone.Core.Datastore,NzbDrone.Core.CustomFilters.CustomFilter' NzbDrone.Core.CustomFilters.CustomFilterRepository' NzbDrone.Core.Datastore.BasicRepository<TModel>' NzbDrone.Core.Datastore.IDbFactory' NzbDrone.Core.Datastore.TableMapping' NzbDrone.Core.Messaging.Commands.CommandExecutor' NzbDrone.Core.Messaging.Commands.CommandModel' NzbDrone.Core.Messaging.Commands.CommandQueueManager' NzbDrone.Core.Messaging.Commands.IExecute' NzbDrone.Core.Messaging.Events.CommandExecutedEvent' NzbDrone.Core.Messaging.Events.EventAggregator,NzbDrone.Core.CustomFilters.CustomFilter' NzbDrone.Core.CustomFilters.CustomFilterRepository' NzbDrone.Core.Datastore.BasicRepository<TModel>' NzbDrone.Core.Datastore.IDbFactory' NzbDrone.Core.Datastore.TableMapping' NzbDrone.Core.Messaging.Commands.CommandExecutor' NzbDrone.Core.Messaging.Commands.CommandModel' NzbDrone.Core.Messaging.Commands.CommandQueueManager' NzbDrone.Core.Messaging.Commands.IExecute' NzbDrone.Core.Messaging.Events.CommandExecutedEvent' NzbDrone.Core.Messaging.Events.EventAggregator
Cyclic Dependency,Sonarr.Core,NzbDrone.Core.DataAugmentation.Scene,The tool detected the smell in this component because this component participates in a cyclic dependency. The participating components in the cycle are: NzbDrone.Core.DataAugmentation.Scene' NzbDrone.Core.Datastore,NzbDrone.Core.DataAugmentation.Scene.SceneMapping' NzbDrone.Core.DataAugmentation.Scene.SceneMappingRepository' NzbDrone.Core.DataAugmentation.Scene.SceneMappingService' NzbDrone.Core.Datastore.BasicRepository<TModel>' NzbDrone.Core.Datastore.IDbFactory' NzbDrone.Core.Datastore.TableMapping,NzbDrone.Core.DataAugmentation.Scene.SceneMapping' NzbDrone.Core.DataAugmentation.Scene.SceneMappingRepository' NzbDrone.Core.DataAugmentation.Scene.SceneMappingService' NzbDrone.Core.Datastore.BasicRepository<TModel>' NzbDrone.Core.Datastore.IDbFactory' NzbDrone.Core.Datastore.TableMapping
Cyclic Dependency,Sonarr.Core,NzbDrone.Core.DataAugmentation.Scene,The tool detected the smell in this component because this component participates in a cyclic dependency. The participating components in the cycle are: NzbDrone.Core.DataAugmentation.Scene' NzbDrone.Core.Jobs' NzbDrone.Core.Datastore,NzbDrone.Core.DataAugmentation.Scene.SceneMapping' NzbDrone.Core.DataAugmentation.Scene.SceneMappingRepository' NzbDrone.Core.DataAugmentation.Scene.SceneMappingService' NzbDrone.Core.Jobs.ScheduledTask' NzbDrone.Core.Jobs.ScheduledTaskRepository' NzbDrone.Core.Jobs.Scheduler' NzbDrone.Core.Jobs.TaskManager' NzbDrone.Core.Datastore.BasicRepository<TModel>' NzbDrone.Core.Datastore.IDbFactory' NzbDrone.Core.Datastore.TableMapping,NzbDrone.Core.DataAugmentation.Scene.SceneMapping' NzbDrone.Core.DataAugmentation.Scene.SceneMappingRepository' NzbDrone.Core.DataAugmentation.Scene.SceneMappingService' NzbDrone.Core.Jobs.ScheduledTask' NzbDrone.Core.Jobs.ScheduledTaskRepository' NzbDrone.Core.Jobs.Scheduler' NzbDrone.Core.Jobs.TaskManager' NzbDrone.Core.Datastore.BasicRepository<TModel>' NzbDrone.Core.Datastore.IDbFactory' NzbDrone.Core.Datastore.TableMapping
Cyclic Dependency,Sonarr.Core,NzbDrone.Core.DataAugmentation.Scene,The tool detected the smell in this component because this component participates in a cyclic dependency. The participating components in the cycle are: NzbDrone.Core.DataAugmentation.Scene' NzbDrone.Core.Datastore' NzbDrone.Core.Authentication' NzbDrone.Core.Datastore,NzbDrone.Core.DataAugmentation.Scene.SceneMapping' NzbDrone.Core.DataAugmentation.Scene.SceneMappingRepository' NzbDrone.Core.DataAugmentation.Scene.SceneMappingService' NzbDrone.Core.Datastore.BasicRepository<TModel>' NzbDrone.Core.Datastore.IDbFactory' NzbDrone.Core.Datastore.TableMapping' NzbDrone.Core.Authentication.User' NzbDrone.Core.Authentication.UserRepository' NzbDrone.Core.Authentication.UserService,NzbDrone.Core.DataAugmentation.Scene.SceneMapping' NzbDrone.Core.DataAugmentation.Scene.SceneMappingRepository' NzbDrone.Core.DataAugmentation.Scene.SceneMappingService' NzbDrone.Core.Datastore.BasicRepository<TModel>' NzbDrone.Core.Datastore.IDbFactory' NzbDrone.Core.Datastore.TableMapping' NzbDrone.Core.Authentication.User' NzbDrone.Core.Authentication.UserRepository' NzbDrone.Core.Authentication.UserService
Cyclic Dependency,Sonarr.Core,NzbDrone.Core.DataAugmentation.Scene,The tool detected the smell in this component because this component participates in a cyclic dependency. The participating components in the cycle are: NzbDrone.Core.DataAugmentation.Scene' NzbDrone.Core.Datastore' NzbDrone.Core.Messaging.Commands' NzbDrone.Core.Messaging.Events' NzbDrone.Core.Datastore,NzbDrone.Core.DataAugmentation.Scene.SceneMapping' NzbDrone.Core.DataAugmentation.Scene.SceneMappingRepository' NzbDrone.Core.DataAugmentation.Scene.SceneMappingService' NzbDrone.Core.Datastore.BasicRepository<TModel>' NzbDrone.Core.Datastore.IDbFactory' NzbDrone.Core.Datastore.TableMapping' NzbDrone.Core.Messaging.Commands.CommandExecutor' NzbDrone.Core.Messaging.Commands.CommandModel' NzbDrone.Core.Messaging.Commands.CommandQueueManager' NzbDrone.Core.Messaging.Commands.IExecute' NzbDrone.Core.Messaging.Events.CommandExecutedEvent' NzbDrone.Core.Messaging.Events.EventAggregator,NzbDrone.Core.DataAugmentation.Scene.SceneMapping' NzbDrone.Core.DataAugmentation.Scene.SceneMappingRepository' NzbDrone.Core.DataAugmentation.Scene.SceneMappingService' NzbDrone.Core.Datastore.BasicRepository<TModel>' NzbDrone.Core.Datastore.IDbFactory' NzbDrone.Core.Datastore.TableMapping' NzbDrone.Core.Messaging.Commands.CommandExecutor' NzbDrone.Core.Messaging.Commands.CommandModel' NzbDrone.Core.Messaging.Commands.CommandQueueManager' NzbDrone.Core.Messaging.Commands.IExecute' NzbDrone.Core.Messaging.Events.CommandExecutedEvent' NzbDrone.Core.Messaging.Events.EventAggregator
Cyclic Dependency,Sonarr.Core,NzbDrone.Core.Datastore,The tool detected the smell in this component because this component participates in a cyclic dependency. The participating components in the cycle are: NzbDrone.Core.Datastore' NzbDrone.Core.Messaging.Commands' NzbDrone.Core.Messaging.Events,NzbDrone.Core.Datastore.BasicRepository<TModel>' NzbDrone.Core.Datastore.IDbFactory' NzbDrone.Core.Datastore.TableMapping' NzbDrone.Core.Messaging.Commands.CommandExecutor' NzbDrone.Core.Messaging.Commands.CommandModel' NzbDrone.Core.Messaging.Commands.CommandQueueManager' NzbDrone.Core.Messaging.Commands.IExecute' NzbDrone.Core.Messaging.Events.CommandExecutedEvent' NzbDrone.Core.Messaging.Events.EventAggregator,NzbDrone.Core.Datastore.BasicRepository<TModel>' NzbDrone.Core.Datastore.IDbFactory' NzbDrone.Core.Datastore.TableMapping' NzbDrone.Core.Messaging.Commands.CommandExecutor' NzbDrone.Core.Messaging.Commands.CommandModel' NzbDrone.Core.Messaging.Commands.CommandQueueManager' NzbDrone.Core.Messaging.Commands.IExecute' NzbDrone.Core.Messaging.Events.CommandExecutedEvent' NzbDrone.Core.Messaging.Events.EventAggregator
Cyclic Dependency,Sonarr.Core,NzbDrone.Core.Datastore,The tool detected the smell in this component because this component participates in a cyclic dependency. The participating components in the cycle are: NzbDrone.Core.Datastore' NzbDrone.Core.Messaging.Commands' NzbDrone.Core.Messaging.Events' NzbDrone.Core.Authentication,NzbDrone.Core.Datastore.BasicRepository<TModel>' NzbDrone.Core.Datastore.IDbFactory' NzbDrone.Core.Datastore.TableMapping' NzbDrone.Core.Messaging.Commands.CommandExecutor' NzbDrone.Core.Messaging.Commands.CommandModel' NzbDrone.Core.Messaging.Commands.CommandQueueManager' NzbDrone.Core.Messaging.Commands.IExecute' NzbDrone.Core.Messaging.Events.CommandExecutedEvent' NzbDrone.Core.Messaging.Events.EventAggregator' NzbDrone.Core.Authentication.User' NzbDrone.Core.Authentication.UserRepository' NzbDrone.Core.Authentication.UserService,NzbDrone.Core.Datastore.BasicRepository<TModel>' NzbDrone.Core.Datastore.IDbFactory' NzbDrone.Core.Datastore.TableMapping' NzbDrone.Core.Messaging.Commands.CommandExecutor' NzbDrone.Core.Messaging.Commands.CommandModel' NzbDrone.Core.Messaging.Commands.CommandQueueManager' NzbDrone.Core.Messaging.Commands.IExecute' NzbDrone.Core.Messaging.Events.CommandExecutedEvent' NzbDrone.Core.Messaging.Events.EventAggregator' NzbDrone.Core.Authentication.User' NzbDrone.Core.Authentication.UserRepository' NzbDrone.Core.Authentication.UserService
Cyclic Dependency,Sonarr.Core,NzbDrone.Core.Datastore,The tool detected the smell in this component because this component participates in a cyclic dependency. The participating components in the cycle are: NzbDrone.Core.Datastore' NzbDrone.Core.Messaging.Commands' NzbDrone.Core.Lifecycle' NzbDrone.Core.Messaging.Commands' NzbDrone.Core.Messaging.Events,NzbDrone.Core.Datastore.BasicRepository<TModel>' NzbDrone.Core.Datastore.IDbFactory' NzbDrone.Core.Datastore.TableMapping' NzbDrone.Core.Messaging.Commands.CommandExecutor' NzbDrone.Core.Messaging.Commands.CommandModel' NzbDrone.Core.Messaging.Commands.CommandQueueManager' NzbDrone.Core.Messaging.Commands.IExecute' NzbDrone.Core.Lifecycle.LifecycleService' NzbDrone.Core.Messaging.Events.CommandExecutedEvent' NzbDrone.Core.Messaging.Events.EventAggregator,NzbDrone.Core.Datastore.BasicRepository<TModel>' NzbDrone.Core.Datastore.IDbFactory' NzbDrone.Core.Datastore.TableMapping' NzbDrone.Core.Messaging.Commands.CommandExecutor' NzbDrone.Core.Messaging.Commands.CommandModel' NzbDrone.Core.Messaging.Commands.CommandQueueManager' NzbDrone.Core.Messaging.Commands.IExecute' NzbDrone.Core.Lifecycle.LifecycleService' NzbDrone.Core.Messaging.Events.CommandExecutedEvent' NzbDrone.Core.Messaging.Events.EventAggregator
Cyclic Dependency,Sonarr.Core,NzbDrone.Core.Datastore.Converters,The tool detected the smell in this component because this component participates in a cyclic dependency. The participating components in the cycle are: NzbDrone.Core.Datastore.Converters' NzbDrone.Core.Datastore' NzbDrone.Core.Messaging.Commands,NzbDrone.Core.Datastore.Converters.CommandConverter' NzbDrone.Core.Datastore.Converters.LanguageIntConverter' NzbDrone.Core.Datastore.Converters.ProviderSettingConverter' NzbDrone.Core.Datastore.Converters.QualityIntConverter' NzbDrone.Core.Datastore.BasicRepository<TModel>' NzbDrone.Core.Datastore.IDbFactory' NzbDrone.Core.Datastore.TableMapping' NzbDrone.Core.Messaging.Commands.CommandExecutor' NzbDrone.Core.Messaging.Commands.CommandModel' NzbDrone.Core.Messaging.Commands.CommandQueueManager' NzbDrone.Core.Messaging.Commands.IExecute,NzbDrone.Core.Datastore.Converters.CommandConverter' NzbDrone.Core.Datastore.Converters.LanguageIntConverter' NzbDrone.Core.Datastore.Converters.ProviderSettingConverter' NzbDrone.Core.Datastore.Converters.QualityIntConverter' NzbDrone.Core.Datastore.BasicRepository<TModel>' NzbDrone.Core.Datastore.IDbFactory' NzbDrone.Core.Datastore.TableMapping' NzbDrone.Core.Messaging.Commands.CommandExecutor' NzbDrone.Core.Messaging.Commands.CommandModel' NzbDrone.Core.Messaging.Commands.CommandQueueManager' NzbDrone.Core.Messaging.Commands.IExecute
Cyclic Dependency,Sonarr.Core,NzbDrone.Core.Datastore.Converters,The tool detected the smell in this component because this component participates in a cyclic dependency. The participating components in the cycle are: NzbDrone.Core.Datastore.Converters' NzbDrone.Core.Datastore' NzbDrone.Core.Profiles.Languages' NzbDrone.Core.Languages,NzbDrone.Core.Datastore.Converters.CommandConverter' NzbDrone.Core.Datastore.Converters.LanguageIntConverter' NzbDrone.Core.Datastore.Converters.ProviderSettingConverter' NzbDrone.Core.Datastore.Converters.QualityIntConverter' NzbDrone.Core.Datastore.BasicRepository<TModel>' NzbDrone.Core.Datastore.IDbFactory' NzbDrone.Core.Datastore.TableMapping' NzbDrone.Core.Profiles.Languages.LanguageProfile' NzbDrone.Core.Profiles.Languages.LanguageProfileRepository' NzbDrone.Core.Profiles.Languages.LanguageProfileService' NzbDrone.Core.Languages.Language' NzbDrone.Core.Languages.LanguageComparer,NzbDrone.Core.Datastore.Converters.CommandConverter' NzbDrone.Core.Datastore.Converters.LanguageIntConverter' NzbDrone.Core.Datastore.Converters.ProviderSettingConverter' NzbDrone.Core.Datastore.Converters.QualityIntConverter' NzbDrone.Core.Datastore.BasicRepository<TModel>' NzbDrone.Core.Datastore.IDbFactory' NzbDrone.Core.Datastore.TableMapping' NzbDrone.Core.Profiles.Languages.LanguageProfile' NzbDrone.Core.Profiles.Languages.LanguageProfileRepository' NzbDrone.Core.Profiles.Languages.LanguageProfileService' NzbDrone.Core.Languages.Language' NzbDrone.Core.Languages.LanguageComparer
Cyclic Dependency,Sonarr.Core,NzbDrone.Core.Datastore.Converters,The tool detected the smell in this component because this component participates in a cyclic dependency. The participating components in the cycle are: NzbDrone.Core.Datastore.Converters' NzbDrone.Core.Datastore' NzbDrone.Core.Messaging.Commands' NzbDrone.Core.Lifecycle' NzbDrone.Core.Messaging.Commands,NzbDrone.Core.Datastore.Converters.CommandConverter' NzbDrone.Core.Datastore.Converters.LanguageIntConverter' NzbDrone.Core.Datastore.Converters.ProviderSettingConverter' NzbDrone.Core.Datastore.Converters.QualityIntConverter' NzbDrone.Core.Datastore.BasicRepository<TModel>' NzbDrone.Core.Datastore.IDbFactory' NzbDrone.Core.Datastore.TableMapping' NzbDrone.Core.Messaging.Commands.CommandExecutor' NzbDrone.Core.Messaging.Commands.CommandModel' NzbDrone.Core.Messaging.Commands.CommandQueueManager' NzbDrone.Core.Messaging.Commands.IExecute' NzbDrone.Core.Lifecycle.LifecycleService,NzbDrone.Core.Datastore.Converters.CommandConverter' NzbDrone.Core.Datastore.Converters.LanguageIntConverter' NzbDrone.Core.Datastore.Converters.ProviderSettingConverter' NzbDrone.Core.Datastore.Converters.QualityIntConverter' NzbDrone.Core.Datastore.BasicRepository<TModel>' NzbDrone.Core.Datastore.IDbFactory' NzbDrone.Core.Datastore.TableMapping' NzbDrone.Core.Messaging.Commands.CommandExecutor' NzbDrone.Core.Messaging.Commands.CommandModel' NzbDrone.Core.Messaging.Commands.CommandQueueManager' NzbDrone.Core.Messaging.Commands.IExecute' NzbDrone.Core.Lifecycle.LifecycleService
Cyclic Dependency,Sonarr.Core,NzbDrone.Core.DecisionEngine,The tool detected the smell in this component because this component participates in a cyclic dependency. The participating components in the cycle are: NzbDrone.Core.DecisionEngine' NzbDrone.Core.Indexers,NzbDrone.Core.DecisionEngine.DownloadDecision' NzbDrone.Core.DecisionEngine.DownloadDecisionComparer' NzbDrone.Core.DecisionEngine.IMakeDownloadDecision' NzbDrone.Core.DecisionEngine.DownloadDecisionMaker' NzbDrone.Core.Indexers.EzrssTorrentRssParser' NzbDrone.Core.Indexers.IFetchAndParseRss' NzbDrone.Core.Indexers.HttpIndexerBase<TSettings>' NzbDrone.Core.Indexers.IIndexer' NzbDrone.Core.Indexers.IndexerFactory' NzbDrone.Core.Indexers.IndexerRepository' NzbDrone.Core.Indexers.IndexerStatus' NzbDrone.Core.Indexers.RssSyncCommand' NzbDrone.Core.Indexers.RssSyncCompleteEvent' NzbDrone.Core.Indexers.RssSyncService' NzbDrone.Core.Indexers.ISeedConfigProvider' NzbDrone.Core.Indexers.SeedCriteriaSettings,NzbDrone.Core.DecisionEngine.DownloadDecision' NzbDrone.Core.DecisionEngine.DownloadDecisionComparer' NzbDrone.Core.DecisionEngine.IMakeDownloadDecision' NzbDrone.Core.DecisionEngine.DownloadDecisionMaker' NzbDrone.Core.Indexers.EzrssTorrentRssParser' NzbDrone.Core.Indexers.IFetchAndParseRss' NzbDrone.Core.Indexers.HttpIndexerBase<TSettings>' NzbDrone.Core.Indexers.IIndexer' NzbDrone.Core.Indexers.IndexerFactory' NzbDrone.Core.Indexers.IndexerRepository' NzbDrone.Core.Indexers.IndexerStatus' NzbDrone.Core.Indexers.RssSyncCommand' NzbDrone.Core.Indexers.RssSyncCompleteEvent' NzbDrone.Core.Indexers.RssSyncService' NzbDrone.Core.Indexers.ISeedConfigProvider' NzbDrone.Core.Indexers.SeedCriteriaSettings
Cyclic Dependency,Sonarr.Core,NzbDrone.Core.DecisionEngine,The tool detected the smell in this component because this component participates in a cyclic dependency. The participating components in the cycle are: NzbDrone.Core.DecisionEngine' NzbDrone.Core.Indexers' NzbDrone.Core.Parser.Model,NzbDrone.Core.DecisionEngine.DownloadDecision' NzbDrone.Core.DecisionEngine.DownloadDecisionComparer' NzbDrone.Core.DecisionEngine.IMakeDownloadDecision' NzbDrone.Core.DecisionEngine.DownloadDecisionMaker' NzbDrone.Core.Indexers.EzrssTorrentRssParser' NzbDrone.Core.Indexers.IFetchAndParseRss' NzbDrone.Core.Indexers.HttpIndexerBase<TSettings>' NzbDrone.Core.Indexers.IIndexer' NzbDrone.Core.Indexers.IndexerFactory' NzbDrone.Core.Indexers.IndexerRepository' NzbDrone.Core.Indexers.IndexerStatus' NzbDrone.Core.Indexers.RssSyncCommand' NzbDrone.Core.Indexers.RssSyncCompleteEvent' NzbDrone.Core.Indexers.RssSyncService' NzbDrone.Core.Indexers.ISeedConfigProvider' NzbDrone.Core.Indexers.SeedCriteriaSettings' NzbDrone.Core.Parser.Model.LocalEpisode' NzbDrone.Core.Parser.Model.ReleaseInfo' NzbDrone.Core.Parser.Model.RemoteEpisode,NzbDrone.Core.DecisionEngine.DownloadDecision' NzbDrone.Core.DecisionEngine.DownloadDecisionComparer' NzbDrone.Core.DecisionEngine.IMakeDownloadDecision' NzbDrone.Core.DecisionEngine.DownloadDecisionMaker' NzbDrone.Core.Indexers.EzrssTorrentRssParser' NzbDrone.Core.Indexers.IFetchAndParseRss' NzbDrone.Core.Indexers.HttpIndexerBase<TSettings>' NzbDrone.Core.Indexers.IIndexer' NzbDrone.Core.Indexers.IndexerFactory' NzbDrone.Core.Indexers.IndexerRepository' NzbDrone.Core.Indexers.IndexerStatus' NzbDrone.Core.Indexers.RssSyncCommand' NzbDrone.Core.Indexers.RssSyncCompleteEvent' NzbDrone.Core.Indexers.RssSyncService' NzbDrone.Core.Indexers.ISeedConfigProvider' NzbDrone.Core.Indexers.SeedCriteriaSettings' NzbDrone.Core.Parser.Model.LocalEpisode' NzbDrone.Core.Parser.Model.ReleaseInfo' NzbDrone.Core.Parser.Model.RemoteEpisode
Cyclic Dependency,Sonarr.Core,NzbDrone.Core.DecisionEngine,The tool detected the smell in this component because this component participates in a cyclic dependency. The participating components in the cycle are: NzbDrone.Core.DecisionEngine' NzbDrone.Core.MediaFiles' NzbDrone.Core.MediaFiles.MediaInfo' NzbDrone.Core.Parser.Model,NzbDrone.Core.DecisionEngine.DownloadDecision' NzbDrone.Core.DecisionEngine.DownloadDecisionComparer' NzbDrone.Core.DecisionEngine.IMakeDownloadDecision' NzbDrone.Core.DecisionEngine.DownloadDecisionMaker' NzbDrone.Core.MediaFiles.IDiskScanService' NzbDrone.Core.MediaFiles.DiskScanService' NzbDrone.Core.MediaFiles.DownloadedEpisodesCommandService' NzbDrone.Core.MediaFiles.IDownloadedEpisodesImportService' NzbDrone.Core.MediaFiles.DownloadedEpisodesImportService' NzbDrone.Core.MediaFiles.EpisodeFile' NzbDrone.Core.MediaFiles.EpisodeFileMovingService' NzbDrone.Core.MediaFiles.MediaFileDeletionService' NzbDrone.Core.MediaFiles.MediaInfo.MediaInfoFormatter' NzbDrone.Core.MediaFiles.MediaInfo.MediaInfoModel' NzbDrone.Core.MediaFiles.MediaInfo.IUpdateMediaInfo' NzbDrone.Core.MediaFiles.MediaInfo.UpdateMediaInfoService' NzbDrone.Core.Parser.Model.LocalEpisode' NzbDrone.Core.Parser.Model.ReleaseInfo' NzbDrone.Core.Parser.Model.RemoteEpisode,NzbDrone.Core.DecisionEngine.DownloadDecision' NzbDrone.Core.DecisionEngine.DownloadDecisionComparer' NzbDrone.Core.DecisionEngine.IMakeDownloadDecision' NzbDrone.Core.DecisionEngine.DownloadDecisionMaker' NzbDrone.Core.MediaFiles.IDiskScanService' NzbDrone.Core.MediaFiles.DiskScanService' NzbDrone.Core.MediaFiles.DownloadedEpisodesCommandService' NzbDrone.Core.MediaFiles.IDownloadedEpisodesImportService' NzbDrone.Core.MediaFiles.DownloadedEpisodesImportService' NzbDrone.Core.MediaFiles.EpisodeFile' NzbDrone.Core.MediaFiles.EpisodeFileMovingService' NzbDrone.Core.MediaFiles.MediaFileDeletionService' NzbDrone.Core.MediaFiles.MediaInfo.MediaInfoFormatter' NzbDrone.Core.MediaFiles.MediaInfo.MediaInfoModel' NzbDrone.Core.MediaFiles.MediaInfo.IUpdateMediaInfo' NzbDrone.Core.MediaFiles.MediaInfo.UpdateMediaInfoService' NzbDrone.Core.Parser.Model.LocalEpisode' NzbDrone.Core.Parser.Model.ReleaseInfo' NzbDrone.Core.Parser.Model.RemoteEpisode
Cyclic Dependency,Sonarr.Core,NzbDrone.Core.DecisionEngine,The tool detected the smell in this component because this component participates in a cyclic dependency. The participating components in the cycle are: NzbDrone.Core.DecisionEngine' NzbDrone.Core.Download' NzbDrone.Core.Datastore' NzbDrone.Core.Languages' NzbDrone.Core.Parser.Model,NzbDrone.Core.DecisionEngine.DownloadDecision' NzbDrone.Core.DecisionEngine.DownloadDecisionComparer' NzbDrone.Core.DecisionEngine.IMakeDownloadDecision' NzbDrone.Core.DecisionEngine.DownloadDecisionMaker' NzbDrone.Core.Download.CheckForFinishedDownloadCommand' NzbDrone.Core.Download.ICompletedDownloadService' NzbDrone.Core.Download.CompletedDownloadService' NzbDrone.Core.Download.DownloadClientBase<TSettings>' NzbDrone.Core.Download.DownloadClientRepository' NzbDrone.Core.Download.DownloadClientStatus' NzbDrone.Core.Download.DownloadFailedEvent' NzbDrone.Core.Download.DownloadService' NzbDrone.Core.Download.IProcessDownloadDecisions' NzbDrone.Core.Download.ProcessDownloadDecisions' NzbDrone.Core.Download.RedownloadFailedDownloadService' NzbDrone.Core.Download.TorrentClientBase<TSettings>' NzbDrone.Core.Datastore.BasicRepository<TModel>' NzbDrone.Core.Datastore.IDbFactory' NzbDrone.Core.Datastore.TableMapping' NzbDrone.Core.Languages.Language' NzbDrone.Core.Languages.LanguageComparer' NzbDrone.Core.Parser.Model.LocalEpisode' NzbDrone.Core.Parser.Model.ReleaseInfo' NzbDrone.Core.Parser.Model.RemoteEpisode,NzbDrone.Core.DecisionEngine.DownloadDecision' NzbDrone.Core.DecisionEngine.DownloadDecisionComparer' NzbDrone.Core.DecisionEngine.IMakeDownloadDecision' NzbDrone.Core.DecisionEngine.DownloadDecisionMaker' NzbDrone.Core.Download.CheckForFinishedDownloadCommand' NzbDrone.Core.Download.ICompletedDownloadService' NzbDrone.Core.Download.CompletedDownloadService' NzbDrone.Core.Download.DownloadClientBase<TSettings>' NzbDrone.Core.Download.DownloadClientRepository' NzbDrone.Core.Download.DownloadClientStatus' NzbDrone.Core.Download.DownloadFailedEvent' NzbDrone.Core.Download.DownloadService' NzbDrone.Core.Download.IProcessDownloadDecisions' NzbDrone.Core.Download.ProcessDownloadDecisions' NzbDrone.Core.Download.RedownloadFailedDownloadService' NzbDrone.Core.Download.TorrentClientBase<TSettings>' NzbDrone.Core.Datastore.BasicRepository<TModel>' NzbDrone.Core.Datastore.IDbFactory' NzbDrone.Core.Datastore.TableMapping' NzbDrone.Core.Languages.Language' NzbDrone.Core.Languages.LanguageComparer' NzbDrone.Core.Parser.Model.LocalEpisode' NzbDrone.Core.Parser.Model.ReleaseInfo' NzbDrone.Core.Parser.Model.RemoteEpisode
Cyclic Dependency,Sonarr.Core,NzbDrone.Core.DecisionEngine.Specifications,The tool detected the smell in this component because this component participates in a cyclic dependency. The participating components in the cycle are: NzbDrone.Core.DecisionEngine.Specifications' NzbDrone.Core.DecisionEngine,NzbDrone.Core.DecisionEngine.Specifications.AcceptableSizeSpecification' NzbDrone.Core.DecisionEngine.Specifications.AlreadyImportedSpecification' NzbDrone.Core.DecisionEngine.Specifications.BlacklistSpecification' NzbDrone.Core.DecisionEngine.Specifications.CutoffSpecification' NzbDrone.Core.DecisionEngine.Specifications.ProtocolSpecification' NzbDrone.Core.DecisionEngine.Specifications.QueueSpecification' NzbDrone.Core.DecisionEngine.Specifications.TorrentSeedingSpecification' NzbDrone.Core.DecisionEngine.Specifications.IUpgradableSpecification' NzbDrone.Core.DecisionEngine.DownloadDecision' NzbDrone.Core.DecisionEngine.DownloadDecisionComparer' NzbDrone.Core.DecisionEngine.IMakeDownloadDecision' NzbDrone.Core.DecisionEngine.DownloadDecisionMaker,NzbDrone.Core.DecisionEngine.Specifications.AcceptableSizeSpecification' NzbDrone.Core.DecisionEngine.Specifications.AlreadyImportedSpecification' NzbDrone.Core.DecisionEngine.Specifications.BlacklistSpecification' NzbDrone.Core.DecisionEngine.Specifications.CutoffSpecification' NzbDrone.Core.DecisionEngine.Specifications.ProtocolSpecification' NzbDrone.Core.DecisionEngine.Specifications.QueueSpecification' NzbDrone.Core.DecisionEngine.Specifications.TorrentSeedingSpecification' NzbDrone.Core.DecisionEngine.Specifications.IUpgradableSpecification' NzbDrone.Core.DecisionEngine.DownloadDecision' NzbDrone.Core.DecisionEngine.DownloadDecisionComparer' NzbDrone.Core.DecisionEngine.IMakeDownloadDecision' NzbDrone.Core.DecisionEngine.DownloadDecisionMaker
Cyclic Dependency,Sonarr.Core,NzbDrone.Core.DecisionEngine.Specifications,The tool detected the smell in this component because this component participates in a cyclic dependency. The participating components in the cycle are: NzbDrone.Core.DecisionEngine.Specifications' NzbDrone.Core.DecisionEngine' NzbDrone.Core.Indexers,NzbDrone.Core.DecisionEngine.Specifications.AcceptableSizeSpecification' NzbDrone.Core.DecisionEngine.Specifications.AlreadyImportedSpecification' NzbDrone.Core.DecisionEngine.Specifications.BlacklistSpecification' NzbDrone.Core.DecisionEngine.Specifications.CutoffSpecification' NzbDrone.Core.DecisionEngine.Specifications.ProtocolSpecification' NzbDrone.Core.DecisionEngine.Specifications.QueueSpecification' NzbDrone.Core.DecisionEngine.Specifications.TorrentSeedingSpecification' NzbDrone.Core.DecisionEngine.Specifications.IUpgradableSpecification' NzbDrone.Core.DecisionEngine.DownloadDecision' NzbDrone.Core.DecisionEngine.DownloadDecisionComparer' NzbDrone.Core.DecisionEngine.IMakeDownloadDecision' NzbDrone.Core.DecisionEngine.DownloadDecisionMaker' NzbDrone.Core.Indexers.EzrssTorrentRssParser' NzbDrone.Core.Indexers.IFetchAndParseRss' NzbDrone.Core.Indexers.HttpIndexerBase<TSettings>' NzbDrone.Core.Indexers.IIndexer' NzbDrone.Core.Indexers.IndexerFactory' NzbDrone.Core.Indexers.IndexerRepository' NzbDrone.Core.Indexers.IndexerStatus' NzbDrone.Core.Indexers.RssSyncCommand' NzbDrone.Core.Indexers.RssSyncCompleteEvent' NzbDrone.Core.Indexers.RssSyncService' NzbDrone.Core.Indexers.ISeedConfigProvider' NzbDrone.Core.Indexers.SeedCriteriaSettings,NzbDrone.Core.DecisionEngine.Specifications.AcceptableSizeSpecification' NzbDrone.Core.DecisionEngine.Specifications.AlreadyImportedSpecification' NzbDrone.Core.DecisionEngine.Specifications.BlacklistSpecification' NzbDrone.Core.DecisionEngine.Specifications.CutoffSpecification' NzbDrone.Core.DecisionEngine.Specifications.ProtocolSpecification' NzbDrone.Core.DecisionEngine.Specifications.QueueSpecification' NzbDrone.Core.DecisionEngine.Specifications.TorrentSeedingSpecification' NzbDrone.Core.DecisionEngine.Specifications.IUpgradableSpecification' NzbDrone.Core.DecisionEngine.DownloadDecision' NzbDrone.Core.DecisionEngine.DownloadDecisionComparer' NzbDrone.Core.DecisionEngine.IMakeDownloadDecision' NzbDrone.Core.DecisionEngine.DownloadDecisionMaker' NzbDrone.Core.Indexers.EzrssTorrentRssParser' NzbDrone.Core.Indexers.IFetchAndParseRss' NzbDrone.Core.Indexers.HttpIndexerBase<TSettings>' NzbDrone.Core.Indexers.IIndexer' NzbDrone.Core.Indexers.IndexerFactory' NzbDrone.Core.Indexers.IndexerRepository' NzbDrone.Core.Indexers.IndexerStatus' NzbDrone.Core.Indexers.RssSyncCommand' NzbDrone.Core.Indexers.RssSyncCompleteEvent' NzbDrone.Core.Indexers.RssSyncService' NzbDrone.Core.Indexers.ISeedConfigProvider' NzbDrone.Core.Indexers.SeedCriteriaSettings
Cyclic Dependency,Sonarr.Core,NzbDrone.Core.DecisionEngine.Specifications,The tool detected the smell in this component because this component participates in a cyclic dependency. The participating components in the cycle are: NzbDrone.Core.DecisionEngine.Specifications' NzbDrone.Core.DecisionEngine' NzbDrone.Core.Indexers' NzbDrone.Core.DecisionEngine,NzbDrone.Core.DecisionEngine.Specifications.AcceptableSizeSpecification' NzbDrone.Core.DecisionEngine.Specifications.AlreadyImportedSpecification' NzbDrone.Core.DecisionEngine.Specifications.BlacklistSpecification' NzbDrone.Core.DecisionEngine.Specifications.CutoffSpecification' NzbDrone.Core.DecisionEngine.Specifications.ProtocolSpecification' NzbDrone.Core.DecisionEngine.Specifications.QueueSpecification' NzbDrone.Core.DecisionEngine.Specifications.TorrentSeedingSpecification' NzbDrone.Core.DecisionEngine.Specifications.IUpgradableSpecification' NzbDrone.Core.DecisionEngine.DownloadDecision' NzbDrone.Core.DecisionEngine.DownloadDecisionComparer' NzbDrone.Core.DecisionEngine.IMakeDownloadDecision' NzbDrone.Core.DecisionEngine.DownloadDecisionMaker' NzbDrone.Core.Indexers.EzrssTorrentRssParser' NzbDrone.Core.Indexers.IFetchAndParseRss' NzbDrone.Core.Indexers.HttpIndexerBase<TSettings>' NzbDrone.Core.Indexers.IIndexer' NzbDrone.Core.Indexers.IndexerFactory' NzbDrone.Core.Indexers.IndexerRepository' NzbDrone.Core.Indexers.IndexerStatus' NzbDrone.Core.Indexers.RssSyncCommand' NzbDrone.Core.Indexers.RssSyncCompleteEvent' NzbDrone.Core.Indexers.RssSyncService' NzbDrone.Core.Indexers.ISeedConfigProvider' NzbDrone.Core.Indexers.SeedCriteriaSettings,NzbDrone.Core.DecisionEngine.Specifications.AcceptableSizeSpecification' NzbDrone.Core.DecisionEngine.Specifications.AlreadyImportedSpecification' NzbDrone.Core.DecisionEngine.Specifications.BlacklistSpecification' NzbDrone.Core.DecisionEngine.Specifications.CutoffSpecification' NzbDrone.Core.DecisionEngine.Specifications.ProtocolSpecification' NzbDrone.Core.DecisionEngine.Specifications.QueueSpecification' NzbDrone.Core.DecisionEngine.Specifications.TorrentSeedingSpecification' NzbDrone.Core.DecisionEngine.Specifications.IUpgradableSpecification' NzbDrone.Core.DecisionEngine.DownloadDecision' NzbDrone.Core.DecisionEngine.DownloadDecisionComparer' NzbDrone.Core.DecisionEngine.IMakeDownloadDecision' NzbDrone.Core.DecisionEngine.DownloadDecisionMaker' NzbDrone.Core.Indexers.EzrssTorrentRssParser' NzbDrone.Core.Indexers.IFetchAndParseRss' NzbDrone.Core.Indexers.HttpIndexerBase<TSettings>' NzbDrone.Core.Indexers.IIndexer' NzbDrone.Core.Indexers.IndexerFactory' NzbDrone.Core.Indexers.IndexerRepository' NzbDrone.Core.Indexers.IndexerStatus' NzbDrone.Core.Indexers.RssSyncCommand' NzbDrone.Core.Indexers.RssSyncCompleteEvent' NzbDrone.Core.Indexers.RssSyncService' NzbDrone.Core.Indexers.ISeedConfigProvider' NzbDrone.Core.Indexers.SeedCriteriaSettings
Cyclic Dependency,Sonarr.Core,NzbDrone.Core.DecisionEngine.Specifications,The tool detected the smell in this component because this component participates in a cyclic dependency. The participating components in the cycle are: NzbDrone.Core.DecisionEngine.Specifications' NzbDrone.Core.DecisionEngine' NzbDrone.Core.Indexers' NzbDrone.Core.Parser.Model' NzbDrone.Core.DecisionEngine,NzbDrone.Core.DecisionEngine.Specifications.AcceptableSizeSpecification' NzbDrone.Core.DecisionEngine.Specifications.AlreadyImportedSpecification' NzbDrone.Core.DecisionEngine.Specifications.BlacklistSpecification' NzbDrone.Core.DecisionEngine.Specifications.CutoffSpecification' NzbDrone.Core.DecisionEngine.Specifications.ProtocolSpecification' NzbDrone.Core.DecisionEngine.Specifications.QueueSpecification' NzbDrone.Core.DecisionEngine.Specifications.TorrentSeedingSpecification' NzbDrone.Core.DecisionEngine.Specifications.IUpgradableSpecification' NzbDrone.Core.DecisionEngine.DownloadDecision' NzbDrone.Core.DecisionEngine.DownloadDecisionComparer' NzbDrone.Core.DecisionEngine.IMakeDownloadDecision' NzbDrone.Core.DecisionEngine.DownloadDecisionMaker' NzbDrone.Core.Indexers.EzrssTorrentRssParser' NzbDrone.Core.Indexers.IFetchAndParseRss' NzbDrone.Core.Indexers.HttpIndexerBase<TSettings>' NzbDrone.Core.Indexers.IIndexer' NzbDrone.Core.Indexers.IndexerFactory' NzbDrone.Core.Indexers.IndexerRepository' NzbDrone.Core.Indexers.IndexerStatus' NzbDrone.Core.Indexers.RssSyncCommand' NzbDrone.Core.Indexers.RssSyncCompleteEvent' NzbDrone.Core.Indexers.RssSyncService' NzbDrone.Core.Indexers.ISeedConfigProvider' NzbDrone.Core.Indexers.SeedCriteriaSettings' NzbDrone.Core.Parser.Model.LocalEpisode' NzbDrone.Core.Parser.Model.ReleaseInfo' NzbDrone.Core.Parser.Model.RemoteEpisode,NzbDrone.Core.DecisionEngine.Specifications.AcceptableSizeSpecification' NzbDrone.Core.DecisionEngine.Specifications.AlreadyImportedSpecification' NzbDrone.Core.DecisionEngine.Specifications.BlacklistSpecification' NzbDrone.Core.DecisionEngine.Specifications.CutoffSpecification' NzbDrone.Core.DecisionEngine.Specifications.ProtocolSpecification' NzbDrone.Core.DecisionEngine.Specifications.QueueSpecification' NzbDrone.Core.DecisionEngine.Specifications.TorrentSeedingSpecification' NzbDrone.Core.DecisionEngine.Specifications.IUpgradableSpecification' NzbDrone.Core.DecisionEngine.DownloadDecision' NzbDrone.Core.DecisionEngine.DownloadDecisionComparer' NzbDrone.Core.DecisionEngine.IMakeDownloadDecision' NzbDrone.Core.DecisionEngine.DownloadDecisionMaker' NzbDrone.Core.Indexers.EzrssTorrentRssParser' NzbDrone.Core.Indexers.IFetchAndParseRss' NzbDrone.Core.Indexers.HttpIndexerBase<TSettings>' NzbDrone.Core.Indexers.IIndexer' NzbDrone.Core.Indexers.IndexerFactory' NzbDrone.Core.Indexers.IndexerRepository' NzbDrone.Core.Indexers.IndexerStatus' NzbDrone.Core.Indexers.RssSyncCommand' NzbDrone.Core.Indexers.RssSyncCompleteEvent' NzbDrone.Core.Indexers.RssSyncService' NzbDrone.Core.Indexers.ISeedConfigProvider' NzbDrone.Core.Indexers.SeedCriteriaSettings' NzbDrone.Core.Parser.Model.LocalEpisode' NzbDrone.Core.Parser.Model.ReleaseInfo' NzbDrone.Core.Parser.Model.RemoteEpisode
Cyclic Dependency,Sonarr.Core,NzbDrone.Core.Download.Aggregation.Aggregators,The tool detected the smell in this component because this component participates in a cyclic dependency. The participating components in the cycle are: NzbDrone.Core.Download.Aggregation.Aggregators' NzbDrone.Core.Download.Aggregation' NzbDrone.Core.DecisionEngine' NzbDrone.Core.Indexers' NzbDrone.Core.Parser.Model,NzbDrone.Core.Download.Aggregation.Aggregators.AggregatePreferredWordScore' NzbDrone.Core.Download.Aggregation.IRemoteEpisodeAggregationService' NzbDrone.Core.Download.Aggregation.RemoteEpisodeAggregationService' NzbDrone.Core.DecisionEngine.DownloadDecision' NzbDrone.Core.DecisionEngine.DownloadDecisionComparer' NzbDrone.Core.DecisionEngine.IMakeDownloadDecision' NzbDrone.Core.DecisionEngine.DownloadDecisionMaker' NzbDrone.Core.Indexers.EzrssTorrentRssParser' NzbDrone.Core.Indexers.IFetchAndParseRss' NzbDrone.Core.Indexers.HttpIndexerBase<TSettings>' NzbDrone.Core.Indexers.IIndexer' NzbDrone.Core.Indexers.IndexerFactory' NzbDrone.Core.Indexers.IndexerRepository' NzbDrone.Core.Indexers.IndexerStatus' NzbDrone.Core.Indexers.RssSyncCommand' NzbDrone.Core.Indexers.RssSyncCompleteEvent' NzbDrone.Core.Indexers.RssSyncService' NzbDrone.Core.Indexers.ISeedConfigProvider' NzbDrone.Core.Indexers.SeedCriteriaSettings' NzbDrone.Core.Parser.Model.LocalEpisode' NzbDrone.Core.Parser.Model.ReleaseInfo' NzbDrone.Core.Parser.Model.RemoteEpisode,NzbDrone.Core.Download.Aggregation.Aggregators.AggregatePreferredWordScore' NzbDrone.Core.Download.Aggregation.IRemoteEpisodeAggregationService' NzbDrone.Core.Download.Aggregation.RemoteEpisodeAggregationService' NzbDrone.Core.DecisionEngine.DownloadDecision' NzbDrone.Core.DecisionEngine.DownloadDecisionComparer' NzbDrone.Core.DecisionEngine.IMakeDownloadDecision' NzbDrone.Core.DecisionEngine.DownloadDecisionMaker' NzbDrone.Core.Indexers.EzrssTorrentRssParser' NzbDrone.Core.Indexers.IFetchAndParseRss' NzbDrone.Core.Indexers.HttpIndexerBase<TSettings>' NzbDrone.Core.Indexers.IIndexer' NzbDrone.Core.Indexers.IndexerFactory' NzbDrone.Core.Indexers.IndexerRepository' NzbDrone.Core.Indexers.IndexerStatus' NzbDrone.Core.Indexers.RssSyncCommand' NzbDrone.Core.Indexers.RssSyncCompleteEvent' NzbDrone.Core.Indexers.RssSyncService' NzbDrone.Core.Indexers.ISeedConfigProvider' NzbDrone.Core.Indexers.SeedCriteriaSettings' NzbDrone.Core.Parser.Model.LocalEpisode' NzbDrone.Core.Parser.Model.ReleaseInfo' NzbDrone.Core.Parser.Model.RemoteEpisode
Cyclic Dependency,Sonarr.Core,NzbDrone.Core.Download.Aggregation,The tool detected the smell in this component because this component participates in a cyclic dependency. The participating components in the cycle are: NzbDrone.Core.Download.Aggregation' NzbDrone.Core.DecisionEngine' NzbDrone.Core.Indexers' NzbDrone.Core.Parser.Model,NzbDrone.Core.Download.Aggregation.IRemoteEpisodeAggregationService' NzbDrone.Core.Download.Aggregation.RemoteEpisodeAggregationService' NzbDrone.Core.DecisionEngine.DownloadDecision' NzbDrone.Core.DecisionEngine.DownloadDecisionComparer' NzbDrone.Core.DecisionEngine.IMakeDownloadDecision' NzbDrone.Core.DecisionEngine.DownloadDecisionMaker' NzbDrone.Core.Indexers.EzrssTorrentRssParser' NzbDrone.Core.Indexers.IFetchAndParseRss' NzbDrone.Core.Indexers.HttpIndexerBase<TSettings>' NzbDrone.Core.Indexers.IIndexer' NzbDrone.Core.Indexers.IndexerFactory' NzbDrone.Core.Indexers.IndexerRepository' NzbDrone.Core.Indexers.IndexerStatus' NzbDrone.Core.Indexers.RssSyncCommand' NzbDrone.Core.Indexers.RssSyncCompleteEvent' NzbDrone.Core.Indexers.RssSyncService' NzbDrone.Core.Indexers.ISeedConfigProvider' NzbDrone.Core.Indexers.SeedCriteriaSettings' NzbDrone.Core.Parser.Model.LocalEpisode' NzbDrone.Core.Parser.Model.ReleaseInfo' NzbDrone.Core.Parser.Model.RemoteEpisode,NzbDrone.Core.Download.Aggregation.IRemoteEpisodeAggregationService' NzbDrone.Core.Download.Aggregation.RemoteEpisodeAggregationService' NzbDrone.Core.DecisionEngine.DownloadDecision' NzbDrone.Core.DecisionEngine.DownloadDecisionComparer' NzbDrone.Core.DecisionEngine.IMakeDownloadDecision' NzbDrone.Core.DecisionEngine.DownloadDecisionMaker' NzbDrone.Core.Indexers.EzrssTorrentRssParser' NzbDrone.Core.Indexers.IFetchAndParseRss' NzbDrone.Core.Indexers.HttpIndexerBase<TSettings>' NzbDrone.Core.Indexers.IIndexer' NzbDrone.Core.Indexers.IndexerFactory' NzbDrone.Core.Indexers.IndexerRepository' NzbDrone.Core.Indexers.IndexerStatus' NzbDrone.Core.Indexers.RssSyncCommand' NzbDrone.Core.Indexers.RssSyncCompleteEvent' NzbDrone.Core.Indexers.RssSyncService' NzbDrone.Core.Indexers.ISeedConfigProvider' NzbDrone.Core.Indexers.SeedCriteriaSettings' NzbDrone.Core.Parser.Model.LocalEpisode' NzbDrone.Core.Parser.Model.ReleaseInfo' NzbDrone.Core.Parser.Model.RemoteEpisode
Cyclic Dependency,Sonarr.Core,NzbDrone.Core.Download.Aggregation,The tool detected the smell in this component because this component participates in a cyclic dependency. The participating components in the cycle are: NzbDrone.Core.Download.Aggregation' NzbDrone.Core.DecisionEngine' NzbDrone.Core.MediaFiles' NzbDrone.Core.MediaFiles.MediaInfo' NzbDrone.Core.Parser.Model,NzbDrone.Core.Download.Aggregation.IRemoteEpisodeAggregationService' NzbDrone.Core.Download.Aggregation.RemoteEpisodeAggregationService' NzbDrone.Core.DecisionEngine.DownloadDecision' NzbDrone.Core.DecisionEngine.DownloadDecisionComparer' NzbDrone.Core.DecisionEngine.IMakeDownloadDecision' NzbDrone.Core.DecisionEngine.DownloadDecisionMaker' NzbDrone.Core.MediaFiles.IDiskScanService' NzbDrone.Core.MediaFiles.DiskScanService' NzbDrone.Core.MediaFiles.DownloadedEpisodesCommandService' NzbDrone.Core.MediaFiles.IDownloadedEpisodesImportService' NzbDrone.Core.MediaFiles.DownloadedEpisodesImportService' NzbDrone.Core.MediaFiles.EpisodeFile' NzbDrone.Core.MediaFiles.EpisodeFileMovingService' NzbDrone.Core.MediaFiles.MediaFileDeletionService' NzbDrone.Core.MediaFiles.MediaInfo.MediaInfoFormatter' NzbDrone.Core.MediaFiles.MediaInfo.MediaInfoModel' NzbDrone.Core.MediaFiles.MediaInfo.IUpdateMediaInfo' NzbDrone.Core.MediaFiles.MediaInfo.UpdateMediaInfoService' NzbDrone.Core.Parser.Model.LocalEpisode' NzbDrone.Core.Parser.Model.ReleaseInfo' NzbDrone.Core.Parser.Model.RemoteEpisode,NzbDrone.Core.Download.Aggregation.IRemoteEpisodeAggregationService' NzbDrone.Core.Download.Aggregation.RemoteEpisodeAggregationService' NzbDrone.Core.DecisionEngine.DownloadDecision' NzbDrone.Core.DecisionEngine.DownloadDecisionComparer' NzbDrone.Core.DecisionEngine.IMakeDownloadDecision' NzbDrone.Core.DecisionEngine.DownloadDecisionMaker' NzbDrone.Core.MediaFiles.IDiskScanService' NzbDrone.Core.MediaFiles.DiskScanService' NzbDrone.Core.MediaFiles.DownloadedEpisodesCommandService' NzbDrone.Core.MediaFiles.IDownloadedEpisodesImportService' NzbDrone.Core.MediaFiles.DownloadedEpisodesImportService' NzbDrone.Core.MediaFiles.EpisodeFile' NzbDrone.Core.MediaFiles.EpisodeFileMovingService' NzbDrone.Core.MediaFiles.MediaFileDeletionService' NzbDrone.Core.MediaFiles.MediaInfo.MediaInfoFormatter' NzbDrone.Core.MediaFiles.MediaInfo.MediaInfoModel' NzbDrone.Core.MediaFiles.MediaInfo.IUpdateMediaInfo' NzbDrone.Core.MediaFiles.MediaInfo.UpdateMediaInfoService' NzbDrone.Core.Parser.Model.LocalEpisode' NzbDrone.Core.Parser.Model.ReleaseInfo' NzbDrone.Core.Parser.Model.RemoteEpisode
Cyclic Dependency,Sonarr.Core,NzbDrone.Core.Download,The tool detected the smell in this component because this component participates in a cyclic dependency. The participating components in the cycle are: NzbDrone.Core.Download' NzbDrone.Core.Download.TrackedDownloads,NzbDrone.Core.Download.CheckForFinishedDownloadCommand' NzbDrone.Core.Download.ICompletedDownloadService' NzbDrone.Core.Download.CompletedDownloadService' NzbDrone.Core.Download.DownloadClientBase<TSettings>' NzbDrone.Core.Download.DownloadClientRepository' NzbDrone.Core.Download.DownloadClientStatus' NzbDrone.Core.Download.DownloadFailedEvent' NzbDrone.Core.Download.DownloadService' NzbDrone.Core.Download.IProcessDownloadDecisions' NzbDrone.Core.Download.ProcessDownloadDecisions' NzbDrone.Core.Download.RedownloadFailedDownloadService' NzbDrone.Core.Download.TorrentClientBase<TSettings>' NzbDrone.Core.Download.TrackedDownloads.DownloadMonitoringService' NzbDrone.Core.Download.TrackedDownloads.TrackedDownload' NzbDrone.Core.Download.TrackedDownloads.TrackedDownloadService,NzbDrone.Core.Download.CheckForFinishedDownloadCommand' NzbDrone.Core.Download.ICompletedDownloadService' NzbDrone.Core.Download.CompletedDownloadService' NzbDrone.Core.Download.DownloadClientBase<TSettings>' NzbDrone.Core.Download.DownloadClientRepository' NzbDrone.Core.Download.DownloadClientStatus' NzbDrone.Core.Download.DownloadFailedEvent' NzbDrone.Core.Download.DownloadService' NzbDrone.Core.Download.IProcessDownloadDecisions' NzbDrone.Core.Download.ProcessDownloadDecisions' NzbDrone.Core.Download.RedownloadFailedDownloadService' NzbDrone.Core.Download.TorrentClientBase<TSettings>' NzbDrone.Core.Download.TrackedDownloads.DownloadMonitoringService' NzbDrone.Core.Download.TrackedDownloads.TrackedDownload' NzbDrone.Core.Download.TrackedDownloads.TrackedDownloadService
Cyclic Dependency,Sonarr.Core,NzbDrone.Core.Download,The tool detected the smell in this component because this component participates in a cyclic dependency. The participating components in the cycle are: NzbDrone.Core.Download' NzbDrone.Core.Datastore' NzbDrone.Core.Messaging.Commands,NzbDrone.Core.Download.CheckForFinishedDownloadCommand' NzbDrone.Core.Download.ICompletedDownloadService' NzbDrone.Core.Download.CompletedDownloadService' NzbDrone.Core.Download.DownloadClientBase<TSettings>' NzbDrone.Core.Download.DownloadClientRepository' NzbDrone.Core.Download.DownloadClientStatus' NzbDrone.Core.Download.DownloadFailedEvent' NzbDrone.Core.Download.DownloadService' NzbDrone.Core.Download.IProcessDownloadDecisions' NzbDrone.Core.Download.ProcessDownloadDecisions' NzbDrone.Core.Download.RedownloadFailedDownloadService' NzbDrone.Core.Download.TorrentClientBase<TSettings>' NzbDrone.Core.Datastore.BasicRepository<TModel>' NzbDrone.Core.Datastore.IDbFactory' NzbDrone.Core.Datastore.TableMapping' NzbDrone.Core.Messaging.Commands.CommandExecutor' NzbDrone.Core.Messaging.Commands.CommandModel' NzbDrone.Core.Messaging.Commands.CommandQueueManager' NzbDrone.Core.Messaging.Commands.IExecute,NzbDrone.Core.Download.CheckForFinishedDownloadCommand' NzbDrone.Core.Download.ICompletedDownloadService' NzbDrone.Core.Download.CompletedDownloadService' NzbDrone.Core.Download.DownloadClientBase<TSettings>' NzbDrone.Core.Download.DownloadClientRepository' NzbDrone.Core.Download.DownloadClientStatus' NzbDrone.Core.Download.DownloadFailedEvent' NzbDrone.Core.Download.DownloadService' NzbDrone.Core.Download.IProcessDownloadDecisions' NzbDrone.Core.Download.ProcessDownloadDecisions' NzbDrone.Core.Download.RedownloadFailedDownloadService' NzbDrone.Core.Download.TorrentClientBase<TSettings>' NzbDrone.Core.Datastore.BasicRepository<TModel>' NzbDrone.Core.Datastore.IDbFactory' NzbDrone.Core.Datastore.TableMapping' NzbDrone.Core.Messaging.Commands.CommandExecutor' NzbDrone.Core.Messaging.Commands.CommandModel' NzbDrone.Core.Messaging.Commands.CommandQueueManager' NzbDrone.Core.Messaging.Commands.IExecute
Cyclic Dependency,Sonarr.Core,NzbDrone.Core.Download,The tool detected the smell in this component because this component participates in a cyclic dependency. The participating components in the cycle are: NzbDrone.Core.Download' NzbDrone.Core.Blacklisting' NzbDrone.Core.Datastore' NzbDrone.Core.Messaging.Commands,NzbDrone.Core.Download.CheckForFinishedDownloadCommand' NzbDrone.Core.Download.ICompletedDownloadService' NzbDrone.Core.Download.CompletedDownloadService' NzbDrone.Core.Download.DownloadClientBase<TSettings>' NzbDrone.Core.Download.DownloadClientRepository' NzbDrone.Core.Download.DownloadClientStatus' NzbDrone.Core.Download.DownloadFailedEvent' NzbDrone.Core.Download.DownloadService' NzbDrone.Core.Download.IProcessDownloadDecisions' NzbDrone.Core.Download.ProcessDownloadDecisions' NzbDrone.Core.Download.RedownloadFailedDownloadService' NzbDrone.Core.Download.TorrentClientBase<TSettings>' NzbDrone.Core.Blacklisting.Blacklist' NzbDrone.Core.Blacklisting.BlacklistRepository' NzbDrone.Core.Blacklisting.IBlacklistService' NzbDrone.Core.Blacklisting.BlacklistService' NzbDrone.Core.Datastore.BasicRepository<TModel>' NzbDrone.Core.Datastore.IDbFactory' NzbDrone.Core.Datastore.TableMapping' NzbDrone.Core.Messaging.Commands.CommandExecutor' NzbDrone.Core.Messaging.Commands.CommandModel' NzbDrone.Core.Messaging.Commands.CommandQueueManager' NzbDrone.Core.Messaging.Commands.IExecute,NzbDrone.Core.Download.CheckForFinishedDownloadCommand' NzbDrone.Core.Download.ICompletedDownloadService' NzbDrone.Core.Download.CompletedDownloadService' NzbDrone.Core.Download.DownloadClientBase<TSettings>' NzbDrone.Core.Download.DownloadClientRepository' NzbDrone.Core.Download.DownloadClientStatus' NzbDrone.Core.Download.DownloadFailedEvent' NzbDrone.Core.Download.DownloadService' NzbDrone.Core.Download.IProcessDownloadDecisions' NzbDrone.Core.Download.ProcessDownloadDecisions' NzbDrone.Core.Download.RedownloadFailedDownloadService' NzbDrone.Core.Download.TorrentClientBase<TSettings>' NzbDrone.Core.Blacklisting.Blacklist' NzbDrone.Core.Blacklisting.BlacklistRepository' NzbDrone.Core.Blacklisting.IBlacklistService' NzbDrone.Core.Blacklisting.BlacklistService' NzbDrone.Core.Datastore.BasicRepository<TModel>' NzbDrone.Core.Datastore.IDbFactory' NzbDrone.Core.Datastore.TableMapping' NzbDrone.Core.Messaging.Commands.CommandExecutor' NzbDrone.Core.Messaging.Commands.CommandModel' NzbDrone.Core.Messaging.Commands.CommandQueueManager' NzbDrone.Core.Messaging.Commands.IExecute
Cyclic Dependency,Sonarr.Core,NzbDrone.Core.Download,The tool detected the smell in this component because this component participates in a cyclic dependency. The participating components in the cycle are: NzbDrone.Core.Download' NzbDrone.Core.Datastore' NzbDrone.Core.Messaging.Commands' NzbDrone.Core.Lifecycle' NzbDrone.Core.Messaging.Commands,NzbDrone.Core.Download.CheckForFinishedDownloadCommand' NzbDrone.Core.Download.ICompletedDownloadService' NzbDrone.Core.Download.CompletedDownloadService' NzbDrone.Core.Download.DownloadClientBase<TSettings>' NzbDrone.Core.Download.DownloadClientRepository' NzbDrone.Core.Download.DownloadClientStatus' NzbDrone.Core.Download.DownloadFailedEvent' NzbDrone.Core.Download.DownloadService' NzbDrone.Core.Download.IProcessDownloadDecisions' NzbDrone.Core.Download.ProcessDownloadDecisions' NzbDrone.Core.Download.RedownloadFailedDownloadService' NzbDrone.Core.Download.TorrentClientBase<TSettings>' NzbDrone.Core.Datastore.BasicRepository<TModel>' NzbDrone.Core.Datastore.IDbFactory' NzbDrone.Core.Datastore.TableMapping' NzbDrone.Core.Messaging.Commands.CommandExecutor' NzbDrone.Core.Messaging.Commands.CommandModel' NzbDrone.Core.Messaging.Commands.CommandQueueManager' NzbDrone.Core.Messaging.Commands.IExecute' NzbDrone.Core.Lifecycle.LifecycleService,NzbDrone.Core.Download.CheckForFinishedDownloadCommand' NzbDrone.Core.Download.ICompletedDownloadService' NzbDrone.Core.Download.CompletedDownloadService' NzbDrone.Core.Download.DownloadClientBase<TSettings>' NzbDrone.Core.Download.DownloadClientRepository' NzbDrone.Core.Download.DownloadClientStatus' NzbDrone.Core.Download.DownloadFailedEvent' NzbDrone.Core.Download.DownloadService' NzbDrone.Core.Download.IProcessDownloadDecisions' NzbDrone.Core.Download.ProcessDownloadDecisions' NzbDrone.Core.Download.RedownloadFailedDownloadService' NzbDrone.Core.Download.TorrentClientBase<TSettings>' NzbDrone.Core.Datastore.BasicRepository<TModel>' NzbDrone.Core.Datastore.IDbFactory' NzbDrone.Core.Datastore.TableMapping' NzbDrone.Core.Messaging.Commands.CommandExecutor' NzbDrone.Core.Messaging.Commands.CommandModel' NzbDrone.Core.Messaging.Commands.CommandQueueManager' NzbDrone.Core.Messaging.Commands.IExecute' NzbDrone.Core.Lifecycle.LifecycleService
Cyclic Dependency,Sonarr.Core,NzbDrone.Core.Download.Clients.DownloadStation,The tool detected the smell in this component because this component participates in a cyclic dependency. The participating components in the cycle are: NzbDrone.Core.Download.Clients.DownloadStation' NzbDrone.Core.Download.Clients.DownloadStation.Proxies,NzbDrone.Core.Download.Clients.DownloadStation.DownloadStationSettings' NzbDrone.Core.Download.Clients.DownloadStation.SerialNumberProvider' NzbDrone.Core.Download.Clients.DownloadStation.TorrentDownloadStation' NzbDrone.Core.Download.Clients.DownloadStation.Proxies.IDiskStationProxy' NzbDrone.Core.Download.Clients.DownloadStation.Proxies.DiskStationProxyBase,NzbDrone.Core.Download.Clients.DownloadStation.DownloadStationSettings' NzbDrone.Core.Download.Clients.DownloadStation.SerialNumberProvider' NzbDrone.Core.Download.Clients.DownloadStation.TorrentDownloadStation' NzbDrone.Core.Download.Clients.DownloadStation.Proxies.IDiskStationProxy' NzbDrone.Core.Download.Clients.DownloadStation.Proxies.DiskStationProxyBase
Cyclic Dependency,Sonarr.Core,NzbDrone.Core.Download.Clients.DownloadStation,The tool detected the smell in this component because this component participates in a cyclic dependency. The participating components in the cycle are: NzbDrone.Core.Download.Clients.DownloadStation' NzbDrone.Core.Download.Clients.DownloadStation.Responses' NzbDrone.Core.Download.Clients.DownloadStation.Proxies,NzbDrone.Core.Download.Clients.DownloadStation.DownloadStationSettings' NzbDrone.Core.Download.Clients.DownloadStation.SerialNumberProvider' NzbDrone.Core.Download.Clients.DownloadStation.TorrentDownloadStation' NzbDrone.Core.Download.Clients.DownloadStation.Responses.DiskStationError' NzbDrone.Core.Download.Clients.DownloadStation.Proxies.IDiskStationProxy' NzbDrone.Core.Download.Clients.DownloadStation.Proxies.DiskStationProxyBase,NzbDrone.Core.Download.Clients.DownloadStation.DownloadStationSettings' NzbDrone.Core.Download.Clients.DownloadStation.SerialNumberProvider' NzbDrone.Core.Download.Clients.DownloadStation.TorrentDownloadStation' NzbDrone.Core.Download.Clients.DownloadStation.Responses.DiskStationError' NzbDrone.Core.Download.Clients.DownloadStation.Proxies.IDiskStationProxy' NzbDrone.Core.Download.Clients.DownloadStation.Proxies.DiskStationProxyBase
Cyclic Dependency,Sonarr.Core,NzbDrone.Core.Download.Clients.DownloadStation.Responses,The tool detected the smell in this component because this component participates in a cyclic dependency. The participating components in the cycle are: NzbDrone.Core.Download.Clients.DownloadStation.Responses' NzbDrone.Core.Download.Clients.DownloadStation.Proxies' NzbDrone.Core.Download.Clients.DownloadStation' NzbDrone.Core.Download.Clients.DownloadStation.Proxies' NzbDrone.Core.Download.Clients.DownloadStation,NzbDrone.Core.Download.Clients.DownloadStation.Responses.DiskStationError' NzbDrone.Core.Download.Clients.DownloadStation.Proxies.IDiskStationProxy' NzbDrone.Core.Download.Clients.DownloadStation.Proxies.DiskStationProxyBase' NzbDrone.Core.Download.Clients.DownloadStation.DownloadStationSettings' NzbDrone.Core.Download.Clients.DownloadStation.SerialNumberProvider' NzbDrone.Core.Download.Clients.DownloadStation.TorrentDownloadStation,NzbDrone.Core.Download.Clients.DownloadStation.Responses.DiskStationError' NzbDrone.Core.Download.Clients.DownloadStation.Proxies.IDiskStationProxy' NzbDrone.Core.Download.Clients.DownloadStation.Proxies.DiskStationProxyBase' NzbDrone.Core.Download.Clients.DownloadStation.DownloadStationSettings' NzbDrone.Core.Download.Clients.DownloadStation.SerialNumberProvider' NzbDrone.Core.Download.Clients.DownloadStation.TorrentDownloadStation
Cyclic Dependency,Sonarr.Core,NzbDrone.Core.Download.Clients.NzbVortex.JsonConverters,The tool detected the smell in this component because this component participates in a cyclic dependency. The participating components in the cycle are: NzbDrone.Core.Download.Clients.NzbVortex.JsonConverters' NzbDrone.Core.Download.Clients.NzbVortex.Responses' NzbDrone.Core.Download.Clients.NzbVortex,NzbDrone.Core.Download.Clients.NzbVortex.JsonConverters.NzbVortexLoginResultTypeConverter' NzbDrone.Core.Download.Clients.NzbVortex.Responses.NzbVortexAuthResponse' NzbDrone.Core.Download.Clients.NzbVortex.NzbVortex' NzbDrone.Core.Download.Clients.NzbVortex.INzbVortexProxy' NzbDrone.Core.Download.Clients.NzbVortex.NzbVortexSettings,NzbDrone.Core.Download.Clients.NzbVortex.JsonConverters.NzbVortexLoginResultTypeConverter' NzbDrone.Core.Download.Clients.NzbVortex.Responses.NzbVortexAuthResponse' NzbDrone.Core.Download.Clients.NzbVortex.NzbVortex' NzbDrone.Core.Download.Clients.NzbVortex.INzbVortexProxy' NzbDrone.Core.Download.Clients.NzbVortex.NzbVortexSettings
Cyclic Dependency,Sonarr.Core,NzbDrone.Core.Download.Clients.NzbVortex.JsonConverters,The tool detected the smell in this component because this component participates in a cyclic dependency. The participating components in the cycle are: NzbDrone.Core.Download.Clients.NzbVortex.JsonConverters' NzbDrone.Core.Download.Clients.NzbVortex.Responses' NzbDrone.Core.Download.Clients.NzbVortex' NzbDrone.Core.Download.Clients.NzbVortex.Responses' NzbDrone.Core.Download.Clients.NzbVortex,NzbDrone.Core.Download.Clients.NzbVortex.JsonConverters.NzbVortexLoginResultTypeConverter' NzbDrone.Core.Download.Clients.NzbVortex.Responses.NzbVortexAuthResponse' NzbDrone.Core.Download.Clients.NzbVortex.NzbVortex' NzbDrone.Core.Download.Clients.NzbVortex.INzbVortexProxy' NzbDrone.Core.Download.Clients.NzbVortex.NzbVortexSettings,NzbDrone.Core.Download.Clients.NzbVortex.JsonConverters.NzbVortexLoginResultTypeConverter' NzbDrone.Core.Download.Clients.NzbVortex.Responses.NzbVortexAuthResponse' NzbDrone.Core.Download.Clients.NzbVortex.NzbVortex' NzbDrone.Core.Download.Clients.NzbVortex.INzbVortexProxy' NzbDrone.Core.Download.Clients.NzbVortex.NzbVortexSettings
Cyclic Dependency,Sonarr.Core,NzbDrone.Core.Download.Clients.NzbVortex,The tool detected the smell in this component because this component participates in a cyclic dependency. The participating components in the cycle are: NzbDrone.Core.Download.Clients.NzbVortex' NzbDrone.Core.Download.Clients.NzbVortex.Responses,NzbDrone.Core.Download.Clients.NzbVortex.NzbVortex' NzbDrone.Core.Download.Clients.NzbVortex.INzbVortexProxy' NzbDrone.Core.Download.Clients.NzbVortex.NzbVortexSettings' NzbDrone.Core.Download.Clients.NzbVortex.Responses.NzbVortexAuthResponse,NzbDrone.Core.Download.Clients.NzbVortex.NzbVortex' NzbDrone.Core.Download.Clients.NzbVortex.INzbVortexProxy' NzbDrone.Core.Download.Clients.NzbVortex.NzbVortexSettings' NzbDrone.Core.Download.Clients.NzbVortex.Responses.NzbVortexAuthResponse
Cyclic Dependency,Sonarr.Core,NzbDrone.Core.Download.Clients.RTorrent,The tool detected the smell in this component because this component participates in a cyclic dependency. The participating components in the cycle are: NzbDrone.Core.Download.Clients.RTorrent' NzbDrone.Core.Download.Clients.rTorrent,NzbDrone.Core.Download.Clients.RTorrent.RTorrent' NzbDrone.Core.Download.Clients.RTorrent.RTorrentSettings' NzbDrone.Core.Download.Clients.rTorrent.IRTorrentDirectoryValidator' NzbDrone.Core.Download.Clients.rTorrent.RTorrentDirectoryValidator,NzbDrone.Core.Download.Clients.RTorrent.RTorrent' NzbDrone.Core.Download.Clients.RTorrent.RTorrentSettings' NzbDrone.Core.Download.Clients.rTorrent.IRTorrentDirectoryValidator' NzbDrone.Core.Download.Clients.rTorrent.RTorrentDirectoryValidator
Cyclic Dependency,Sonarr.Core,NzbDrone.Core.Download.Clients.Sabnzbd.JsonConverters,The tool detected the smell in this component because this component participates in a cyclic dependency. The participating components in the cycle are: NzbDrone.Core.Download.Clients.Sabnzbd.JsonConverters' NzbDrone.Core.Download.Clients.Sabnzbd,NzbDrone.Core.Download.Clients.Sabnzbd.JsonConverters.SabnzbdPriorityTypeConverter' NzbDrone.Core.Download.Clients.Sabnzbd.Sabnzbd' NzbDrone.Core.Download.Clients.Sabnzbd.SabnzbdConfigMisc' NzbDrone.Core.Download.Clients.Sabnzbd.ISabnzbdProxy' NzbDrone.Core.Download.Clients.Sabnzbd.SabnzbdProxy' NzbDrone.Core.Download.Clients.Sabnzbd.SabnzbdSettings,NzbDrone.Core.Download.Clients.Sabnzbd.JsonConverters.SabnzbdPriorityTypeConverter' NzbDrone.Core.Download.Clients.Sabnzbd.Sabnzbd' NzbDrone.Core.Download.Clients.Sabnzbd.SabnzbdConfigMisc' NzbDrone.Core.Download.Clients.Sabnzbd.ISabnzbdProxy' NzbDrone.Core.Download.Clients.Sabnzbd.SabnzbdProxy' NzbDrone.Core.Download.Clients.Sabnzbd.SabnzbdSettings
Cyclic Dependency,Sonarr.Core,NzbDrone.Core.Download.Clients.Sabnzbd.JsonConverters,The tool detected the smell in this component because this component participates in a cyclic dependency. The participating components in the cycle are: NzbDrone.Core.Download.Clients.Sabnzbd.JsonConverters' NzbDrone.Core.Download.Clients.Sabnzbd' NzbDrone.Core.Download.Clients.Sabnzbd.Responses' NzbDrone.Core.Download.Clients.Sabnzbd,NzbDrone.Core.Download.Clients.Sabnzbd.JsonConverters.SabnzbdPriorityTypeConverter' NzbDrone.Core.Download.Clients.Sabnzbd.Sabnzbd' NzbDrone.Core.Download.Clients.Sabnzbd.SabnzbdConfigMisc' NzbDrone.Core.Download.Clients.Sabnzbd.ISabnzbdProxy' NzbDrone.Core.Download.Clients.Sabnzbd.SabnzbdProxy' NzbDrone.Core.Download.Clients.Sabnzbd.SabnzbdSettings' NzbDrone.Core.Download.Clients.Sabnzbd.Responses.SabnzbdConfigResponse,NzbDrone.Core.Download.Clients.Sabnzbd.JsonConverters.SabnzbdPriorityTypeConverter' NzbDrone.Core.Download.Clients.Sabnzbd.Sabnzbd' NzbDrone.Core.Download.Clients.Sabnzbd.SabnzbdConfigMisc' NzbDrone.Core.Download.Clients.Sabnzbd.ISabnzbdProxy' NzbDrone.Core.Download.Clients.Sabnzbd.SabnzbdProxy' NzbDrone.Core.Download.Clients.Sabnzbd.SabnzbdSettings' NzbDrone.Core.Download.Clients.Sabnzbd.Responses.SabnzbdConfigResponse
Cyclic Dependency,Sonarr.Core,NzbDrone.Core.Download.Clients.Sabnzbd.Responses,The tool detected the smell in this component because this component participates in a cyclic dependency. The participating components in the cycle are: NzbDrone.Core.Download.Clients.Sabnzbd.Responses' NzbDrone.Core.Download.Clients.Sabnzbd,NzbDrone.Core.Download.Clients.Sabnzbd.Responses.SabnzbdConfigResponse' NzbDrone.Core.Download.Clients.Sabnzbd.Sabnzbd' NzbDrone.Core.Download.Clients.Sabnzbd.SabnzbdConfigMisc' NzbDrone.Core.Download.Clients.Sabnzbd.ISabnzbdProxy' NzbDrone.Core.Download.Clients.Sabnzbd.SabnzbdProxy' NzbDrone.Core.Download.Clients.Sabnzbd.SabnzbdSettings,NzbDrone.Core.Download.Clients.Sabnzbd.Responses.SabnzbdConfigResponse' NzbDrone.Core.Download.Clients.Sabnzbd.Sabnzbd' NzbDrone.Core.Download.Clients.Sabnzbd.SabnzbdConfigMisc' NzbDrone.Core.Download.Clients.Sabnzbd.ISabnzbdProxy' NzbDrone.Core.Download.Clients.Sabnzbd.SabnzbdProxy' NzbDrone.Core.Download.Clients.Sabnzbd.SabnzbdSettings
Cyclic Dependency,Sonarr.Core,NzbDrone.Core.Download.Pending,The tool detected the smell in this component because this component participates in a cyclic dependency. The participating components in the cycle are: NzbDrone.Core.Download.Pending' NzbDrone.Core.Datastore,NzbDrone.Core.Download.Pending.PendingRelease' NzbDrone.Core.Download.Pending.PendingReleaseRepository' NzbDrone.Core.Download.Pending.IPendingReleaseService' NzbDrone.Core.Download.Pending.PendingReleaseService' NzbDrone.Core.Datastore.BasicRepository<TModel>' NzbDrone.Core.Datastore.IDbFactory' NzbDrone.Core.Datastore.TableMapping,NzbDrone.Core.Download.Pending.PendingRelease' NzbDrone.Core.Download.Pending.PendingReleaseRepository' NzbDrone.Core.Download.Pending.IPendingReleaseService' NzbDrone.Core.Download.Pending.PendingReleaseService' NzbDrone.Core.Datastore.BasicRepository<TModel>' NzbDrone.Core.Datastore.IDbFactory' NzbDrone.Core.Datastore.TableMapping
Cyclic Dependency,Sonarr.Core,NzbDrone.Core.Download.Pending,The tool detected the smell in this component because this component participates in a cyclic dependency. The participating components in the cycle are: NzbDrone.Core.Download.Pending' NzbDrone.Core.Download' NzbDrone.Core.Datastore,NzbDrone.Core.Download.Pending.PendingRelease' NzbDrone.Core.Download.Pending.PendingReleaseRepository' NzbDrone.Core.Download.Pending.IPendingReleaseService' NzbDrone.Core.Download.Pending.PendingReleaseService' NzbDrone.Core.Download.CheckForFinishedDownloadCommand' NzbDrone.Core.Download.ICompletedDownloadService' NzbDrone.Core.Download.CompletedDownloadService' NzbDrone.Core.Download.DownloadClientBase<TSettings>' NzbDrone.Core.Download.DownloadClientRepository' NzbDrone.Core.Download.DownloadClientStatus' NzbDrone.Core.Download.DownloadFailedEvent' NzbDrone.Core.Download.DownloadService' NzbDrone.Core.Download.IProcessDownloadDecisions' NzbDrone.Core.Download.ProcessDownloadDecisions' NzbDrone.Core.Download.RedownloadFailedDownloadService' NzbDrone.Core.Download.TorrentClientBase<TSettings>' NzbDrone.Core.Datastore.BasicRepository<TModel>' NzbDrone.Core.Datastore.IDbFactory' NzbDrone.Core.Datastore.TableMapping,NzbDrone.Core.Download.Pending.PendingRelease' NzbDrone.Core.Download.Pending.PendingReleaseRepository' NzbDrone.Core.Download.Pending.IPendingReleaseService' NzbDrone.Core.Download.Pending.PendingReleaseService' NzbDrone.Core.Download.CheckForFinishedDownloadCommand' NzbDrone.Core.Download.ICompletedDownloadService' NzbDrone.Core.Download.CompletedDownloadService' NzbDrone.Core.Download.DownloadClientBase<TSettings>' NzbDrone.Core.Download.DownloadClientRepository' NzbDrone.Core.Download.DownloadClientStatus' NzbDrone.Core.Download.DownloadFailedEvent' NzbDrone.Core.Download.DownloadService' NzbDrone.Core.Download.IProcessDownloadDecisions' NzbDrone.Core.Download.ProcessDownloadDecisions' NzbDrone.Core.Download.RedownloadFailedDownloadService' NzbDrone.Core.Download.TorrentClientBase<TSettings>' NzbDrone.Core.Datastore.BasicRepository<TModel>' NzbDrone.Core.Datastore.IDbFactory' NzbDrone.Core.Datastore.TableMapping
Cyclic Dependency,Sonarr.Core,NzbDrone.Core.Download.Pending,The tool detected the smell in this component because this component participates in a cyclic dependency. The participating components in the cycle are: NzbDrone.Core.Download.Pending' NzbDrone.Core.Datastore' NzbDrone.Core.Authentication' NzbDrone.Core.Datastore,NzbDrone.Core.Download.Pending.PendingRelease' NzbDrone.Core.Download.Pending.PendingReleaseRepository' NzbDrone.Core.Download.Pending.IPendingReleaseService' NzbDrone.Core.Download.Pending.PendingReleaseService' NzbDrone.Core.Datastore.BasicRepository<TModel>' NzbDrone.Core.Datastore.IDbFactory' NzbDrone.Core.Datastore.TableMapping' NzbDrone.Core.Authentication.User' NzbDrone.Core.Authentication.UserRepository' NzbDrone.Core.Authentication.UserService,NzbDrone.Core.Download.Pending.PendingRelease' NzbDrone.Core.Download.Pending.PendingReleaseRepository' NzbDrone.Core.Download.Pending.IPendingReleaseService' NzbDrone.Core.Download.Pending.PendingReleaseService' NzbDrone.Core.Datastore.BasicRepository<TModel>' NzbDrone.Core.Datastore.IDbFactory' NzbDrone.Core.Datastore.TableMapping' NzbDrone.Core.Authentication.User' NzbDrone.Core.Authentication.UserRepository' NzbDrone.Core.Authentication.UserService
Cyclic Dependency,Sonarr.Core,NzbDrone.Core.Download.Pending,The tool detected the smell in this component because this component participates in a cyclic dependency. The participating components in the cycle are: NzbDrone.Core.Download.Pending' NzbDrone.Core.Datastore' NzbDrone.Core.Messaging.Commands' NzbDrone.Core.Messaging.Events' NzbDrone.Core.Datastore,NzbDrone.Core.Download.Pending.PendingRelease' NzbDrone.Core.Download.Pending.PendingReleaseRepository' NzbDrone.Core.Download.Pending.IPendingReleaseService' NzbDrone.Core.Download.Pending.PendingReleaseService' NzbDrone.Core.Datastore.BasicRepository<TModel>' NzbDrone.Core.Datastore.IDbFactory' NzbDrone.Core.Datastore.TableMapping' NzbDrone.Core.Messaging.Commands.CommandExecutor' NzbDrone.Core.Messaging.Commands.CommandModel' NzbDrone.Core.Messaging.Commands.CommandQueueManager' NzbDrone.Core.Messaging.Commands.IExecute' NzbDrone.Core.Messaging.Events.CommandExecutedEvent' NzbDrone.Core.Messaging.Events.EventAggregator,NzbDrone.Core.Download.Pending.PendingRelease' NzbDrone.Core.Download.Pending.PendingReleaseRepository' NzbDrone.Core.Download.Pending.IPendingReleaseService' NzbDrone.Core.Download.Pending.PendingReleaseService' NzbDrone.Core.Datastore.BasicRepository<TModel>' NzbDrone.Core.Datastore.IDbFactory' NzbDrone.Core.Datastore.TableMapping' NzbDrone.Core.Messaging.Commands.CommandExecutor' NzbDrone.Core.Messaging.Commands.CommandModel' NzbDrone.Core.Messaging.Commands.CommandQueueManager' NzbDrone.Core.Messaging.Commands.IExecute' NzbDrone.Core.Messaging.Events.CommandExecutedEvent' NzbDrone.Core.Messaging.Events.EventAggregator
Cyclic Dependency,Sonarr.Core,NzbDrone.Core.Download.TrackedDownloads,The tool detected the smell in this component because this component participates in a cyclic dependency. The participating components in the cycle are: NzbDrone.Core.Download.TrackedDownloads' NzbDrone.Core.MediaFiles' NzbDrone.Core.Configuration,NzbDrone.Core.Download.TrackedDownloads.DownloadMonitoringService' NzbDrone.Core.Download.TrackedDownloads.TrackedDownload' NzbDrone.Core.Download.TrackedDownloads.TrackedDownloadService' NzbDrone.Core.MediaFiles.IDiskScanService' NzbDrone.Core.MediaFiles.DiskScanService' NzbDrone.Core.MediaFiles.DownloadedEpisodesCommandService' NzbDrone.Core.MediaFiles.IDownloadedEpisodesImportService' NzbDrone.Core.MediaFiles.DownloadedEpisodesImportService' NzbDrone.Core.MediaFiles.EpisodeFile' NzbDrone.Core.MediaFiles.EpisodeFileMovingService' NzbDrone.Core.MediaFiles.MediaFileDeletionService' NzbDrone.Core.Configuration.Config' NzbDrone.Core.Configuration.IConfigFileProvider' NzbDrone.Core.Configuration.ConfigFileProvider' NzbDrone.Core.Configuration.ConfigService,NzbDrone.Core.Download.TrackedDownloads.DownloadMonitoringService' NzbDrone.Core.Download.TrackedDownloads.TrackedDownload' NzbDrone.Core.Download.TrackedDownloads.TrackedDownloadService' NzbDrone.Core.MediaFiles.IDiskScanService' NzbDrone.Core.MediaFiles.DiskScanService' NzbDrone.Core.MediaFiles.DownloadedEpisodesCommandService' NzbDrone.Core.MediaFiles.IDownloadedEpisodesImportService' NzbDrone.Core.MediaFiles.DownloadedEpisodesImportService' NzbDrone.Core.MediaFiles.EpisodeFile' NzbDrone.Core.MediaFiles.EpisodeFileMovingService' NzbDrone.Core.MediaFiles.MediaFileDeletionService' NzbDrone.Core.Configuration.Config' NzbDrone.Core.Configuration.IConfigFileProvider' NzbDrone.Core.Configuration.ConfigFileProvider' NzbDrone.Core.Configuration.ConfigService
Cyclic Dependency,Sonarr.Core,NzbDrone.Core.Download.TrackedDownloads,The tool detected the smell in this component because this component participates in a cyclic dependency. The participating components in the cycle are: NzbDrone.Core.Download.TrackedDownloads' NzbDrone.Core.Download' NzbDrone.Core.Datastore' NzbDrone.Core.Configuration,NzbDrone.Core.Download.TrackedDownloads.DownloadMonitoringService' NzbDrone.Core.Download.TrackedDownloads.TrackedDownload' NzbDrone.Core.Download.TrackedDownloads.TrackedDownloadService' NzbDrone.Core.Download.CheckForFinishedDownloadCommand' NzbDrone.Core.Download.ICompletedDownloadService' NzbDrone.Core.Download.CompletedDownloadService' NzbDrone.Core.Download.DownloadClientBase<TSettings>' NzbDrone.Core.Download.DownloadClientRepository' NzbDrone.Core.Download.DownloadClientStatus' NzbDrone.Core.Download.DownloadFailedEvent' NzbDrone.Core.Download.DownloadService' NzbDrone.Core.Download.IProcessDownloadDecisions' NzbDrone.Core.Download.ProcessDownloadDecisions' NzbDrone.Core.Download.RedownloadFailedDownloadService' NzbDrone.Core.Download.TorrentClientBase<TSettings>' NzbDrone.Core.Datastore.BasicRepository<TModel>' NzbDrone.Core.Datastore.IDbFactory' NzbDrone.Core.Datastore.TableMapping' NzbDrone.Core.Configuration.Config' NzbDrone.Core.Configuration.IConfigFileProvider' NzbDrone.Core.Configuration.ConfigFileProvider' NzbDrone.Core.Configuration.ConfigService,NzbDrone.Core.Download.TrackedDownloads.DownloadMonitoringService' NzbDrone.Core.Download.TrackedDownloads.TrackedDownload' NzbDrone.Core.Download.TrackedDownloads.TrackedDownloadService' NzbDrone.Core.Download.CheckForFinishedDownloadCommand' NzbDrone.Core.Download.ICompletedDownloadService' NzbDrone.Core.Download.CompletedDownloadService' NzbDrone.Core.Download.DownloadClientBase<TSettings>' NzbDrone.Core.Download.DownloadClientRepository' NzbDrone.Core.Download.DownloadClientStatus' NzbDrone.Core.Download.DownloadFailedEvent' NzbDrone.Core.Download.DownloadService' NzbDrone.Core.Download.IProcessDownloadDecisions' NzbDrone.Core.Download.ProcessDownloadDecisions' NzbDrone.Core.Download.RedownloadFailedDownloadService' NzbDrone.Core.Download.TorrentClientBase<TSettings>' NzbDrone.Core.Datastore.BasicRepository<TModel>' NzbDrone.Core.Datastore.IDbFactory' NzbDrone.Core.Datastore.TableMapping' NzbDrone.Core.Configuration.Config' NzbDrone.Core.Configuration.IConfigFileProvider' NzbDrone.Core.Configuration.ConfigFileProvider' NzbDrone.Core.Configuration.ConfigService
Cyclic Dependency,Sonarr.Core,NzbDrone.Core.Download.TrackedDownloads,The tool detected the smell in this component because this component participates in a cyclic dependency. The participating components in the cycle are: NzbDrone.Core.Download.TrackedDownloads' NzbDrone.Core.Download' NzbDrone.Core.Blacklisting' NzbDrone.Core.Datastore' NzbDrone.Core.Configuration,NzbDrone.Core.Download.TrackedDownloads.DownloadMonitoringService' NzbDrone.Core.Download.TrackedDownloads.TrackedDownload' NzbDrone.Core.Download.TrackedDownloads.TrackedDownloadService' NzbDrone.Core.Download.CheckForFinishedDownloadCommand' NzbDrone.Core.Download.ICompletedDownloadService' NzbDrone.Core.Download.CompletedDownloadService' NzbDrone.Core.Download.DownloadClientBase<TSettings>' NzbDrone.Core.Download.DownloadClientRepository' NzbDrone.Core.Download.DownloadClientStatus' NzbDrone.Core.Download.DownloadFailedEvent' NzbDrone.Core.Download.DownloadService' NzbDrone.Core.Download.IProcessDownloadDecisions' NzbDrone.Core.Download.ProcessDownloadDecisions' NzbDrone.Core.Download.RedownloadFailedDownloadService' NzbDrone.Core.Download.TorrentClientBase<TSettings>' NzbDrone.Core.Blacklisting.Blacklist' NzbDrone.Core.Blacklisting.BlacklistRepository' NzbDrone.Core.Blacklisting.IBlacklistService' NzbDrone.Core.Blacklisting.BlacklistService' NzbDrone.Core.Datastore.BasicRepository<TModel>' NzbDrone.Core.Datastore.IDbFactory' NzbDrone.Core.Datastore.TableMapping' NzbDrone.Core.Configuration.Config' NzbDrone.Core.Configuration.IConfigFileProvider' NzbDrone.Core.Configuration.ConfigFileProvider' NzbDrone.Core.Configuration.ConfigService,NzbDrone.Core.Download.TrackedDownloads.DownloadMonitoringService' NzbDrone.Core.Download.TrackedDownloads.TrackedDownload' NzbDrone.Core.Download.TrackedDownloads.TrackedDownloadService' NzbDrone.Core.Download.CheckForFinishedDownloadCommand' NzbDrone.Core.Download.ICompletedDownloadService' NzbDrone.Core.Download.CompletedDownloadService' NzbDrone.Core.Download.DownloadClientBase<TSettings>' NzbDrone.Core.Download.DownloadClientRepository' NzbDrone.Core.Download.DownloadClientStatus' NzbDrone.Core.Download.DownloadFailedEvent' NzbDrone.Core.Download.DownloadService' NzbDrone.Core.Download.IProcessDownloadDecisions' NzbDrone.Core.Download.ProcessDownloadDecisions' NzbDrone.Core.Download.RedownloadFailedDownloadService' NzbDrone.Core.Download.TorrentClientBase<TSettings>' NzbDrone.Core.Blacklisting.Blacklist' NzbDrone.Core.Blacklisting.BlacklistRepository' NzbDrone.Core.Blacklisting.IBlacklistService' NzbDrone.Core.Blacklisting.BlacklistService' NzbDrone.Core.Datastore.BasicRepository<TModel>' NzbDrone.Core.Datastore.IDbFactory' NzbDrone.Core.Datastore.TableMapping' NzbDrone.Core.Configuration.Config' NzbDrone.Core.Configuration.IConfigFileProvider' NzbDrone.Core.Configuration.ConfigFileProvider' NzbDrone.Core.Configuration.ConfigService
Cyclic Dependency,Sonarr.Core,NzbDrone.Core.Exceptions,The tool detected the smell in this component because this component participates in a cyclic dependency. The participating components in the cycle are: NzbDrone.Core.Exceptions' NzbDrone.Core.Tv' NzbDrone.Core.Parser.Model,NzbDrone.Core.Exceptions.DownloadClientRejectedReleaseException' NzbDrone.Core.Tv.Actor' NzbDrone.Core.Tv.AddSeriesService' NzbDrone.Core.Tv.AddSeriesValidator' NzbDrone.Core.Tv.Episode' NzbDrone.Core.Tv.EpisodeAddedService' NzbDrone.Core.Tv.EpisodeCutoffService' NzbDrone.Core.Tv.EpisodeService' NzbDrone.Core.Tv.MoveSeriesService' NzbDrone.Core.Tv.RefreshSeriesService' NzbDrone.Core.Tv.SeriesPathBuilder' NzbDrone.Core.Parser.Model.LocalEpisode' NzbDrone.Core.Parser.Model.ReleaseInfo' NzbDrone.Core.Parser.Model.RemoteEpisode,NzbDrone.Core.Exceptions.DownloadClientRejectedReleaseException' NzbDrone.Core.Tv.Actor' NzbDrone.Core.Tv.AddSeriesService' NzbDrone.Core.Tv.AddSeriesValidator' NzbDrone.Core.Tv.Episode' NzbDrone.Core.Tv.EpisodeAddedService' NzbDrone.Core.Tv.EpisodeCutoffService' NzbDrone.Core.Tv.EpisodeService' NzbDrone.Core.Tv.MoveSeriesService' NzbDrone.Core.Tv.RefreshSeriesService' NzbDrone.Core.Tv.SeriesPathBuilder' NzbDrone.Core.Parser.Model.LocalEpisode' NzbDrone.Core.Parser.Model.ReleaseInfo' NzbDrone.Core.Parser.Model.RemoteEpisode
Cyclic Dependency,Sonarr.Core,NzbDrone.Core.Exceptions,The tool detected the smell in this component because this component participates in a cyclic dependency. The participating components in the cycle are: NzbDrone.Core.Exceptions' NzbDrone.Core.MediaFiles' NzbDrone.Core.MediaFiles.MediaInfo' NzbDrone.Core.Parser.Model,NzbDrone.Core.Exceptions.DownloadClientRejectedReleaseException' NzbDrone.Core.MediaFiles.IDiskScanService' NzbDrone.Core.MediaFiles.DiskScanService' NzbDrone.Core.MediaFiles.DownloadedEpisodesCommandService' NzbDrone.Core.MediaFiles.IDownloadedEpisodesImportService' NzbDrone.Core.MediaFiles.DownloadedEpisodesImportService' NzbDrone.Core.MediaFiles.EpisodeFile' NzbDrone.Core.MediaFiles.EpisodeFileMovingService' NzbDrone.Core.MediaFiles.MediaFileDeletionService' NzbDrone.Core.MediaFiles.MediaInfo.MediaInfoFormatter' NzbDrone.Core.MediaFiles.MediaInfo.MediaInfoModel' NzbDrone.Core.MediaFiles.MediaInfo.IUpdateMediaInfo' NzbDrone.Core.MediaFiles.MediaInfo.UpdateMediaInfoService' NzbDrone.Core.Parser.Model.LocalEpisode' NzbDrone.Core.Parser.Model.ReleaseInfo' NzbDrone.Core.Parser.Model.RemoteEpisode,NzbDrone.Core.Exceptions.DownloadClientRejectedReleaseException' NzbDrone.Core.MediaFiles.IDiskScanService' NzbDrone.Core.MediaFiles.DiskScanService' NzbDrone.Core.MediaFiles.DownloadedEpisodesCommandService' NzbDrone.Core.MediaFiles.IDownloadedEpisodesImportService' NzbDrone.Core.MediaFiles.DownloadedEpisodesImportService' NzbDrone.Core.MediaFiles.EpisodeFile' NzbDrone.Core.MediaFiles.EpisodeFileMovingService' NzbDrone.Core.MediaFiles.MediaFileDeletionService' NzbDrone.Core.MediaFiles.MediaInfo.MediaInfoFormatter' NzbDrone.Core.MediaFiles.MediaInfo.MediaInfoModel' NzbDrone.Core.MediaFiles.MediaInfo.IUpdateMediaInfo' NzbDrone.Core.MediaFiles.MediaInfo.UpdateMediaInfoService' NzbDrone.Core.Parser.Model.LocalEpisode' NzbDrone.Core.Parser.Model.ReleaseInfo' NzbDrone.Core.Parser.Model.RemoteEpisode
Cyclic Dependency,Sonarr.Core,NzbDrone.Core.Exceptions,The tool detected the smell in this component because this component participates in a cyclic dependency. The participating components in the cycle are: NzbDrone.Core.Exceptions' NzbDrone.Core.Download' NzbDrone.Core.Datastore' NzbDrone.Core.Languages' NzbDrone.Core.Parser.Model,NzbDrone.Core.Exceptions.DownloadClientRejectedReleaseException' NzbDrone.Core.Download.CheckForFinishedDownloadCommand' NzbDrone.Core.Download.ICompletedDownloadService' NzbDrone.Core.Download.CompletedDownloadService' NzbDrone.Core.Download.DownloadClientBase<TSettings>' NzbDrone.Core.Download.DownloadClientRepository' NzbDrone.Core.Download.DownloadClientStatus' NzbDrone.Core.Download.DownloadFailedEvent' NzbDrone.Core.Download.DownloadService' NzbDrone.Core.Download.IProcessDownloadDecisions' NzbDrone.Core.Download.ProcessDownloadDecisions' NzbDrone.Core.Download.RedownloadFailedDownloadService' NzbDrone.Core.Download.TorrentClientBase<TSettings>' NzbDrone.Core.Datastore.BasicRepository<TModel>' NzbDrone.Core.Datastore.IDbFactory' NzbDrone.Core.Datastore.TableMapping' NzbDrone.Core.Languages.Language' NzbDrone.Core.Languages.LanguageComparer' NzbDrone.Core.Parser.Model.LocalEpisode' NzbDrone.Core.Parser.Model.ReleaseInfo' NzbDrone.Core.Parser.Model.RemoteEpisode,NzbDrone.Core.Exceptions.DownloadClientRejectedReleaseException' NzbDrone.Core.Download.CheckForFinishedDownloadCommand' NzbDrone.Core.Download.ICompletedDownloadService' NzbDrone.Core.Download.CompletedDownloadService' NzbDrone.Core.Download.DownloadClientBase<TSettings>' NzbDrone.Core.Download.DownloadClientRepository' NzbDrone.Core.Download.DownloadClientStatus' NzbDrone.Core.Download.DownloadFailedEvent' NzbDrone.Core.Download.DownloadService' NzbDrone.Core.Download.IProcessDownloadDecisions' NzbDrone.Core.Download.ProcessDownloadDecisions' NzbDrone.Core.Download.RedownloadFailedDownloadService' NzbDrone.Core.Download.TorrentClientBase<TSettings>' NzbDrone.Core.Datastore.BasicRepository<TModel>' NzbDrone.Core.Datastore.IDbFactory' NzbDrone.Core.Datastore.TableMapping' NzbDrone.Core.Languages.Language' NzbDrone.Core.Languages.LanguageComparer' NzbDrone.Core.Parser.Model.LocalEpisode' NzbDrone.Core.Parser.Model.ReleaseInfo' NzbDrone.Core.Parser.Model.RemoteEpisode
Cyclic Dependency,Sonarr.Core,NzbDrone.Core.Extras,The tool detected the smell in this component because this component participates in a cyclic dependency. The participating components in the cycle are: NzbDrone.Core.Extras' NzbDrone.Core.MediaFiles.EpisodeImport' NzbDrone.Core.MediaFiles,NzbDrone.Core.Extras.ExistingExtraFileService' NzbDrone.Core.Extras.IExtraService' NzbDrone.Core.Extras.ExtraService' NzbDrone.Core.MediaFiles.EpisodeImport.IDetectSample' NzbDrone.Core.MediaFiles.EpisodeImport.DetectSample' NzbDrone.Core.MediaFiles.EpisodeImport.IImportDecisionEngineSpecification' NzbDrone.Core.MediaFiles.EpisodeImport.ImportApprovedEpisodes' NzbDrone.Core.MediaFiles.EpisodeImport.ImportDecisionMaker' NzbDrone.Core.MediaFiles.IDiskScanService' NzbDrone.Core.MediaFiles.DiskScanService' NzbDrone.Core.MediaFiles.DownloadedEpisodesCommandService' NzbDrone.Core.MediaFiles.IDownloadedEpisodesImportService' NzbDrone.Core.MediaFiles.DownloadedEpisodesImportService' NzbDrone.Core.MediaFiles.EpisodeFile' NzbDrone.Core.MediaFiles.EpisodeFileMovingService' NzbDrone.Core.MediaFiles.MediaFileDeletionService,NzbDrone.Core.Extras.ExistingExtraFileService' NzbDrone.Core.Extras.IExtraService' NzbDrone.Core.Extras.ExtraService' NzbDrone.Core.MediaFiles.EpisodeImport.IDetectSample' NzbDrone.Core.MediaFiles.EpisodeImport.DetectSample' NzbDrone.Core.MediaFiles.EpisodeImport.IImportDecisionEngineSpecification' NzbDrone.Core.MediaFiles.EpisodeImport.ImportApprovedEpisodes' NzbDrone.Core.MediaFiles.EpisodeImport.ImportDecisionMaker' NzbDrone.Core.MediaFiles.IDiskScanService' NzbDrone.Core.MediaFiles.DiskScanService' NzbDrone.Core.MediaFiles.DownloadedEpisodesCommandService' NzbDrone.Core.MediaFiles.IDownloadedEpisodesImportService' NzbDrone.Core.MediaFiles.DownloadedEpisodesImportService' NzbDrone.Core.MediaFiles.EpisodeFile' NzbDrone.Core.MediaFiles.EpisodeFileMovingService' NzbDrone.Core.MediaFiles.MediaFileDeletionService
Cyclic Dependency,Sonarr.Core,NzbDrone.Core.Extras,The tool detected the smell in this component because this component participates in a cyclic dependency. The participating components in the cycle are: NzbDrone.Core.Extras' NzbDrone.Core.Extras.Metadata' NzbDrone.Core.Datastore' NzbDrone.Core.Extras.Files,NzbDrone.Core.Extras.ExistingExtraFileService' NzbDrone.Core.Extras.IExtraService' NzbDrone.Core.Extras.ExtraService' NzbDrone.Core.Extras.Metadata.ExistingMetadataImporter' NzbDrone.Core.Extras.Metadata.IMetadata' NzbDrone.Core.Extras.Metadata.MetadataFactory' NzbDrone.Core.Extras.Metadata.MetadataRepository' NzbDrone.Core.Extras.Metadata.MetadataService' NzbDrone.Core.Datastore.BasicRepository<TModel>' NzbDrone.Core.Datastore.IDbFactory' NzbDrone.Core.Datastore.TableMapping' NzbDrone.Core.Extras.Files.ExtraFile' NzbDrone.Core.Extras.Files.IManageExtraFiles' NzbDrone.Core.Extras.Files.ExtraFileManager<TExtraFile>' NzbDrone.Core.Extras.Files.ExtraFileRepository<TExtraFile>' NzbDrone.Core.Extras.Files.ExtraFileService<TExtraFile>,NzbDrone.Core.Extras.ExistingExtraFileService' NzbDrone.Core.Extras.IExtraService' NzbDrone.Core.Extras.ExtraService' NzbDrone.Core.Extras.Metadata.ExistingMetadataImporter' NzbDrone.Core.Extras.Metadata.IMetadata' NzbDrone.Core.Extras.Metadata.MetadataFactory' NzbDrone.Core.Extras.Metadata.MetadataRepository' NzbDrone.Core.Extras.Metadata.MetadataService' NzbDrone.Core.Datastore.BasicRepository<TModel>' NzbDrone.Core.Datastore.IDbFactory' NzbDrone.Core.Datastore.TableMapping' NzbDrone.Core.Extras.Files.ExtraFile' NzbDrone.Core.Extras.Files.IManageExtraFiles' NzbDrone.Core.Extras.Files.ExtraFileManager<TExtraFile>' NzbDrone.Core.Extras.Files.ExtraFileRepository<TExtraFile>' NzbDrone.Core.Extras.Files.ExtraFileService<TExtraFile>
Cyclic Dependency,Sonarr.Core,NzbDrone.Core.Extras,The tool detected the smell in this component because this component participates in a cyclic dependency. The participating components in the cycle are: NzbDrone.Core.Extras' NzbDrone.Core.MediaFiles.EpisodeImport' NzbDrone.Core.Configuration' NzbDrone.Core.Datastore' NzbDrone.Core.Extras.Files,NzbDrone.Core.Extras.ExistingExtraFileService' NzbDrone.Core.Extras.IExtraService' NzbDrone.Core.Extras.ExtraService' NzbDrone.Core.MediaFiles.EpisodeImport.IDetectSample' NzbDrone.Core.MediaFiles.EpisodeImport.DetectSample' NzbDrone.Core.MediaFiles.EpisodeImport.IImportDecisionEngineSpecification' NzbDrone.Core.MediaFiles.EpisodeImport.ImportApprovedEpisodes' NzbDrone.Core.MediaFiles.EpisodeImport.ImportDecisionMaker' NzbDrone.Core.Configuration.Config' NzbDrone.Core.Configuration.IConfigFileProvider' NzbDrone.Core.Configuration.ConfigFileProvider' NzbDrone.Core.Configuration.ConfigService' NzbDrone.Core.Datastore.BasicRepository<TModel>' NzbDrone.Core.Datastore.IDbFactory' NzbDrone.Core.Datastore.TableMapping' NzbDrone.Core.Extras.Files.ExtraFile' NzbDrone.Core.Extras.Files.IManageExtraFiles' NzbDrone.Core.Extras.Files.ExtraFileManager<TExtraFile>' NzbDrone.Core.Extras.Files.ExtraFileRepository<TExtraFile>' NzbDrone.Core.Extras.Files.ExtraFileService<TExtraFile>,NzbDrone.Core.Extras.ExistingExtraFileService' NzbDrone.Core.Extras.IExtraService' NzbDrone.Core.Extras.ExtraService' NzbDrone.Core.MediaFiles.EpisodeImport.IDetectSample' NzbDrone.Core.MediaFiles.EpisodeImport.DetectSample' NzbDrone.Core.MediaFiles.EpisodeImport.IImportDecisionEngineSpecification' NzbDrone.Core.MediaFiles.EpisodeImport.ImportApprovedEpisodes' NzbDrone.Core.MediaFiles.EpisodeImport.ImportDecisionMaker' NzbDrone.Core.Configuration.Config' NzbDrone.Core.Configuration.IConfigFileProvider' NzbDrone.Core.Configuration.ConfigFileProvider' NzbDrone.Core.Configuration.ConfigService' NzbDrone.Core.Datastore.BasicRepository<TModel>' NzbDrone.Core.Datastore.IDbFactory' NzbDrone.Core.Datastore.TableMapping' NzbDrone.Core.Extras.Files.ExtraFile' NzbDrone.Core.Extras.Files.IManageExtraFiles' NzbDrone.Core.Extras.Files.ExtraFileManager<TExtraFile>' NzbDrone.Core.Extras.Files.ExtraFileRepository<TExtraFile>' NzbDrone.Core.Extras.Files.ExtraFileService<TExtraFile>
Cyclic Dependency,Sonarr.Core,NzbDrone.Core.Extras.Files,The tool detected the smell in this component because this component participates in a cyclic dependency. The participating components in the cycle are: NzbDrone.Core.Extras.Files' NzbDrone.Core.Extras.Metadata' NzbDrone.Core.Datastore,NzbDrone.Core.Extras.Files.ExtraFile' NzbDrone.Core.Extras.Files.IManageExtraFiles' NzbDrone.Core.Extras.Files.ExtraFileManager<TExtraFile>' NzbDrone.Core.Extras.Files.ExtraFileRepository<TExtraFile>' NzbDrone.Core.Extras.Files.ExtraFileService<TExtraFile>' NzbDrone.Core.Extras.Metadata.ExistingMetadataImporter' NzbDrone.Core.Extras.Metadata.IMetadata' NzbDrone.Core.Extras.Metadata.MetadataFactory' NzbDrone.Core.Extras.Metadata.MetadataRepository' NzbDrone.Core.Extras.Metadata.MetadataService' NzbDrone.Core.Datastore.BasicRepository<TModel>' NzbDrone.Core.Datastore.IDbFactory' NzbDrone.Core.Datastore.TableMapping,NzbDrone.Core.Extras.Files.ExtraFile' NzbDrone.Core.Extras.Files.IManageExtraFiles' NzbDrone.Core.Extras.Files.ExtraFileManager<TExtraFile>' NzbDrone.Core.Extras.Files.ExtraFileRepository<TExtraFile>' NzbDrone.Core.Extras.Files.ExtraFileService<TExtraFile>' NzbDrone.Core.Extras.Metadata.ExistingMetadataImporter' NzbDrone.Core.Extras.Metadata.IMetadata' NzbDrone.Core.Extras.Metadata.MetadataFactory' NzbDrone.Core.Extras.Metadata.MetadataRepository' NzbDrone.Core.Extras.Metadata.MetadataService' NzbDrone.Core.Datastore.BasicRepository<TModel>' NzbDrone.Core.Datastore.IDbFactory' NzbDrone.Core.Datastore.TableMapping
Cyclic Dependency,Sonarr.Core,NzbDrone.Core.Extras.Files,The tool detected the smell in this component because this component participates in a cyclic dependency. The participating components in the cycle are: NzbDrone.Core.Extras.Files' NzbDrone.Core.Extras.Metadata' NzbDrone.Core.Datastore' NzbDrone.Core.Authentication' NzbDrone.Core.Datastore,NzbDrone.Core.Extras.Files.ExtraFile' NzbDrone.Core.Extras.Files.IManageExtraFiles' NzbDrone.Core.Extras.Files.ExtraFileManager<TExtraFile>' NzbDrone.Core.Extras.Files.ExtraFileRepository<TExtraFile>' NzbDrone.Core.Extras.Files.ExtraFileService<TExtraFile>' NzbDrone.Core.Extras.Metadata.ExistingMetadataImporter' NzbDrone.Core.Extras.Metadata.IMetadata' NzbDrone.Core.Extras.Metadata.MetadataFactory' NzbDrone.Core.Extras.Metadata.MetadataRepository' NzbDrone.Core.Extras.Metadata.MetadataService' NzbDrone.Core.Datastore.BasicRepository<TModel>' NzbDrone.Core.Datastore.IDbFactory' NzbDrone.Core.Datastore.TableMapping' NzbDrone.Core.Authentication.User' NzbDrone.Core.Authentication.UserRepository' NzbDrone.Core.Authentication.UserService,NzbDrone.Core.Extras.Files.ExtraFile' NzbDrone.Core.Extras.Files.IManageExtraFiles' NzbDrone.Core.Extras.Files.ExtraFileManager<TExtraFile>' NzbDrone.Core.Extras.Files.ExtraFileRepository<TExtraFile>' NzbDrone.Core.Extras.Files.ExtraFileService<TExtraFile>' NzbDrone.Core.Extras.Metadata.ExistingMetadataImporter' NzbDrone.Core.Extras.Metadata.IMetadata' NzbDrone.Core.Extras.Metadata.MetadataFactory' NzbDrone.Core.Extras.Metadata.MetadataRepository' NzbDrone.Core.Extras.Metadata.MetadataService' NzbDrone.Core.Datastore.BasicRepository<TModel>' NzbDrone.Core.Datastore.IDbFactory' NzbDrone.Core.Datastore.TableMapping' NzbDrone.Core.Authentication.User' NzbDrone.Core.Authentication.UserRepository' NzbDrone.Core.Authentication.UserService
Cyclic Dependency,Sonarr.Core,NzbDrone.Core.Extras.Metadata,The tool detected the smell in this component because this component participates in a cyclic dependency. The participating components in the cycle are: NzbDrone.Core.Extras.Metadata' NzbDrone.Core.Extras.Metadata.Files,NzbDrone.Core.Extras.Metadata.ExistingMetadataImporter' NzbDrone.Core.Extras.Metadata.IMetadata' NzbDrone.Core.Extras.Metadata.MetadataFactory' NzbDrone.Core.Extras.Metadata.MetadataRepository' NzbDrone.Core.Extras.Metadata.MetadataService' NzbDrone.Core.Extras.Metadata.Files.ICleanMetadataService' NzbDrone.Core.Extras.Metadata.Files.MetadataFile' NzbDrone.Core.Extras.Metadata.Files.MetadataFileRepository' NzbDrone.Core.Extras.Metadata.Files.MetadataFileService,NzbDrone.Core.Extras.Metadata.ExistingMetadataImporter' NzbDrone.Core.Extras.Metadata.IMetadata' NzbDrone.Core.Extras.Metadata.MetadataFactory' NzbDrone.Core.Extras.Metadata.MetadataRepository' NzbDrone.Core.Extras.Metadata.MetadataService' NzbDrone.Core.Extras.Metadata.Files.ICleanMetadataService' NzbDrone.Core.Extras.Metadata.Files.MetadataFile' NzbDrone.Core.Extras.Metadata.Files.MetadataFileRepository' NzbDrone.Core.Extras.Metadata.Files.MetadataFileService
Cyclic Dependency,Sonarr.Core,NzbDrone.Core.Extras.Metadata,The tool detected the smell in this component because this component participates in a cyclic dependency. The participating components in the cycle are: NzbDrone.Core.Extras.Metadata' NzbDrone.Core.Datastore' NzbDrone.Core.Extras,NzbDrone.Core.Extras.Metadata.ExistingMetadataImporter' NzbDrone.Core.Extras.Metadata.IMetadata' NzbDrone.Core.Extras.Metadata.MetadataFactory' NzbDrone.Core.Extras.Metadata.MetadataRepository' NzbDrone.Core.Extras.Metadata.MetadataService' NzbDrone.Core.Datastore.BasicRepository<TModel>' NzbDrone.Core.Datastore.IDbFactory' NzbDrone.Core.Datastore.TableMapping' NzbDrone.Core.Extras.ExistingExtraFileService' NzbDrone.Core.Extras.IExtraService' NzbDrone.Core.Extras.ExtraService,NzbDrone.Core.Extras.Metadata.ExistingMetadataImporter' NzbDrone.Core.Extras.Metadata.IMetadata' NzbDrone.Core.Extras.Metadata.MetadataFactory' NzbDrone.Core.Extras.Metadata.MetadataRepository' NzbDrone.Core.Extras.Metadata.MetadataService' NzbDrone.Core.Datastore.BasicRepository<TModel>' NzbDrone.Core.Datastore.IDbFactory' NzbDrone.Core.Datastore.TableMapping' NzbDrone.Core.Extras.ExistingExtraFileService' NzbDrone.Core.Extras.IExtraService' NzbDrone.Core.Extras.ExtraService
Cyclic Dependency,Sonarr.Core,NzbDrone.Core.Extras.Metadata,The tool detected the smell in this component because this component participates in a cyclic dependency. The participating components in the cycle are: NzbDrone.Core.Extras.Metadata' NzbDrone.Core.Extras.Metadata.Files' NzbDrone.Core.Datastore' NzbDrone.Core.Extras.Files' NzbDrone.Core.Extras,NzbDrone.Core.Extras.Metadata.ExistingMetadataImporter' NzbDrone.Core.Extras.Metadata.IMetadata' NzbDrone.Core.Extras.Metadata.MetadataFactory' NzbDrone.Core.Extras.Metadata.MetadataRepository' NzbDrone.Core.Extras.Metadata.MetadataService' NzbDrone.Core.Extras.Metadata.Files.ICleanMetadataService' NzbDrone.Core.Extras.Metadata.Files.MetadataFile' NzbDrone.Core.Extras.Metadata.Files.MetadataFileRepository' NzbDrone.Core.Extras.Metadata.Files.MetadataFileService' NzbDrone.Core.Datastore.BasicRepository<TModel>' NzbDrone.Core.Datastore.IDbFactory' NzbDrone.Core.Datastore.TableMapping' NzbDrone.Core.Extras.Files.ExtraFile' NzbDrone.Core.Extras.Files.IManageExtraFiles' NzbDrone.Core.Extras.Files.ExtraFileManager<TExtraFile>' NzbDrone.Core.Extras.Files.ExtraFileRepository<TExtraFile>' NzbDrone.Core.Extras.Files.ExtraFileService<TExtraFile>' NzbDrone.Core.Extras.ExistingExtraFileService' NzbDrone.Core.Extras.IExtraService' NzbDrone.Core.Extras.ExtraService,NzbDrone.Core.Extras.Metadata.ExistingMetadataImporter' NzbDrone.Core.Extras.Metadata.IMetadata' NzbDrone.Core.Extras.Metadata.MetadataFactory' NzbDrone.Core.Extras.Metadata.MetadataRepository' NzbDrone.Core.Extras.Metadata.MetadataService' NzbDrone.Core.Extras.Metadata.Files.ICleanMetadataService' NzbDrone.Core.Extras.Metadata.Files.MetadataFile' NzbDrone.Core.Extras.Metadata.Files.MetadataFileRepository' NzbDrone.Core.Extras.Metadata.Files.MetadataFileService' NzbDrone.Core.Datastore.BasicRepository<TModel>' NzbDrone.Core.Datastore.IDbFactory' NzbDrone.Core.Datastore.TableMapping' NzbDrone.Core.Extras.Files.ExtraFile' NzbDrone.Core.Extras.Files.IManageExtraFiles' NzbDrone.Core.Extras.Files.ExtraFileManager<TExtraFile>' NzbDrone.Core.Extras.Files.ExtraFileRepository<TExtraFile>' NzbDrone.Core.Extras.Files.ExtraFileService<TExtraFile>' NzbDrone.Core.Extras.ExistingExtraFileService' NzbDrone.Core.Extras.IExtraService' NzbDrone.Core.Extras.ExtraService
Cyclic Dependency,Sonarr.Core,NzbDrone.Core.Extras.Metadata.Files,The tool detected the smell in this component because this component participates in a cyclic dependency. The participating components in the cycle are: NzbDrone.Core.Extras.Metadata.Files' NzbDrone.Core.Datastore' NzbDrone.Core.Tv,NzbDrone.Core.Extras.Metadata.Files.ICleanMetadataService' NzbDrone.Core.Extras.Metadata.Files.MetadataFile' NzbDrone.Core.Extras.Metadata.Files.MetadataFileRepository' NzbDrone.Core.Extras.Metadata.Files.MetadataFileService' NzbDrone.Core.Datastore.BasicRepository<TModel>' NzbDrone.Core.Datastore.IDbFactory' NzbDrone.Core.Datastore.TableMapping' NzbDrone.Core.Tv.Actor' NzbDrone.Core.Tv.AddSeriesService' NzbDrone.Core.Tv.AddSeriesValidator' NzbDrone.Core.Tv.Episode' NzbDrone.Core.Tv.EpisodeAddedService' NzbDrone.Core.Tv.EpisodeCutoffService' NzbDrone.Core.Tv.EpisodeService' NzbDrone.Core.Tv.MoveSeriesService' NzbDrone.Core.Tv.RefreshSeriesService' NzbDrone.Core.Tv.SeriesPathBuilder,NzbDrone.Core.Extras.Metadata.Files.ICleanMetadataService' NzbDrone.Core.Extras.Metadata.Files.MetadataFile' NzbDrone.Core.Extras.Metadata.Files.MetadataFileRepository' NzbDrone.Core.Extras.Metadata.Files.MetadataFileService' NzbDrone.Core.Datastore.BasicRepository<TModel>' NzbDrone.Core.Datastore.IDbFactory' NzbDrone.Core.Datastore.TableMapping' NzbDrone.Core.Tv.Actor' NzbDrone.Core.Tv.AddSeriesService' NzbDrone.Core.Tv.AddSeriesValidator' NzbDrone.Core.Tv.Episode' NzbDrone.Core.Tv.EpisodeAddedService' NzbDrone.Core.Tv.EpisodeCutoffService' NzbDrone.Core.Tv.EpisodeService' NzbDrone.Core.Tv.MoveSeriesService' NzbDrone.Core.Tv.RefreshSeriesService' NzbDrone.Core.Tv.SeriesPathBuilder
Cyclic Dependency,Sonarr.Core,NzbDrone.Core.Extras.Metadata.Files,The tool detected the smell in this component because this component participates in a cyclic dependency. The participating components in the cycle are: NzbDrone.Core.Extras.Metadata.Files' NzbDrone.Core.Extras.Metadata' NzbDrone.Core.Datastore' NzbDrone.Core.Tv,NzbDrone.Core.Extras.Metadata.Files.ICleanMetadataService' NzbDrone.Core.Extras.Metadata.Files.MetadataFile' NzbDrone.Core.Extras.Metadata.Files.MetadataFileRepository' NzbDrone.Core.Extras.Metadata.Files.MetadataFileService' NzbDrone.Core.Extras.Metadata.ExistingMetadataImporter' NzbDrone.Core.Extras.Metadata.IMetadata' NzbDrone.Core.Extras.Metadata.MetadataFactory' NzbDrone.Core.Extras.Metadata.MetadataRepository' NzbDrone.Core.Extras.Metadata.MetadataService' NzbDrone.Core.Datastore.BasicRepository<TModel>' NzbDrone.Core.Datastore.IDbFactory' NzbDrone.Core.Datastore.TableMapping' NzbDrone.Core.Tv.Actor' NzbDrone.Core.Tv.AddSeriesService' NzbDrone.Core.Tv.AddSeriesValidator' NzbDrone.Core.Tv.Episode' NzbDrone.Core.Tv.EpisodeAddedService' NzbDrone.Core.Tv.EpisodeCutoffService' NzbDrone.Core.Tv.EpisodeService' NzbDrone.Core.Tv.MoveSeriesService' NzbDrone.Core.Tv.RefreshSeriesService' NzbDrone.Core.Tv.SeriesPathBuilder,NzbDrone.Core.Extras.Metadata.Files.ICleanMetadataService' NzbDrone.Core.Extras.Metadata.Files.MetadataFile' NzbDrone.Core.Extras.Metadata.Files.MetadataFileRepository' NzbDrone.Core.Extras.Metadata.Files.MetadataFileService' NzbDrone.Core.Extras.Metadata.ExistingMetadataImporter' NzbDrone.Core.Extras.Metadata.IMetadata' NzbDrone.Core.Extras.Metadata.MetadataFactory' NzbDrone.Core.Extras.Metadata.MetadataRepository' NzbDrone.Core.Extras.Metadata.MetadataService' NzbDrone.Core.Datastore.BasicRepository<TModel>' NzbDrone.Core.Datastore.IDbFactory' NzbDrone.Core.Datastore.TableMapping' NzbDrone.Core.Tv.Actor' NzbDrone.Core.Tv.AddSeriesService' NzbDrone.Core.Tv.AddSeriesValidator' NzbDrone.Core.Tv.Episode' NzbDrone.Core.Tv.EpisodeAddedService' NzbDrone.Core.Tv.EpisodeCutoffService' NzbDrone.Core.Tv.EpisodeService' NzbDrone.Core.Tv.MoveSeriesService' NzbDrone.Core.Tv.RefreshSeriesService' NzbDrone.Core.Tv.SeriesPathBuilder
Cyclic Dependency,Sonarr.Core,NzbDrone.Core.Extras.Metadata.Files,The tool detected the smell in this component because this component participates in a cyclic dependency. The participating components in the cycle are: NzbDrone.Core.Extras.Metadata.Files' NzbDrone.Core.Datastore' NzbDrone.Core.Authentication' NzbDrone.Core.Datastore' NzbDrone.Core.Tv,NzbDrone.Core.Extras.Metadata.Files.ICleanMetadataService' NzbDrone.Core.Extras.Metadata.Files.MetadataFile' NzbDrone.Core.Extras.Metadata.Files.MetadataFileRepository' NzbDrone.Core.Extras.Metadata.Files.MetadataFileService' NzbDrone.Core.Datastore.BasicRepository<TModel>' NzbDrone.Core.Datastore.IDbFactory' NzbDrone.Core.Datastore.TableMapping' NzbDrone.Core.Authentication.User' NzbDrone.Core.Authentication.UserRepository' NzbDrone.Core.Authentication.UserService' NzbDrone.Core.Tv.Actor' NzbDrone.Core.Tv.AddSeriesService' NzbDrone.Core.Tv.AddSeriesValidator' NzbDrone.Core.Tv.Episode' NzbDrone.Core.Tv.EpisodeAddedService' NzbDrone.Core.Tv.EpisodeCutoffService' NzbDrone.Core.Tv.EpisodeService' NzbDrone.Core.Tv.MoveSeriesService' NzbDrone.Core.Tv.RefreshSeriesService' NzbDrone.Core.Tv.SeriesPathBuilder,NzbDrone.Core.Extras.Metadata.Files.ICleanMetadataService' NzbDrone.Core.Extras.Metadata.Files.MetadataFile' NzbDrone.Core.Extras.Metadata.Files.MetadataFileRepository' NzbDrone.Core.Extras.Metadata.Files.MetadataFileService' NzbDrone.Core.Datastore.BasicRepository<TModel>' NzbDrone.Core.Datastore.IDbFactory' NzbDrone.Core.Datastore.TableMapping' NzbDrone.Core.Authentication.User' NzbDrone.Core.Authentication.UserRepository' NzbDrone.Core.Authentication.UserService' NzbDrone.Core.Tv.Actor' NzbDrone.Core.Tv.AddSeriesService' NzbDrone.Core.Tv.AddSeriesValidator' NzbDrone.Core.Tv.Episode' NzbDrone.Core.Tv.EpisodeAddedService' NzbDrone.Core.Tv.EpisodeCutoffService' NzbDrone.Core.Tv.EpisodeService' NzbDrone.Core.Tv.MoveSeriesService' NzbDrone.Core.Tv.RefreshSeriesService' NzbDrone.Core.Tv.SeriesPathBuilder
Cyclic Dependency,Sonarr.Core,NzbDrone.Core.Extras.Others,The tool detected the smell in this component because this component participates in a cyclic dependency. The participating components in the cycle are: NzbDrone.Core.Extras.Others' NzbDrone.Core.Datastore,NzbDrone.Core.Extras.Others.ExistingOtherExtraImporter' NzbDrone.Core.Extras.Others.OtherExtraFileRenamer' NzbDrone.Core.Extras.Others.OtherExtraFileRepository' NzbDrone.Core.Extras.Others.OtherExtraService' NzbDrone.Core.Datastore.BasicRepository<TModel>' NzbDrone.Core.Datastore.IDbFactory' NzbDrone.Core.Datastore.TableMapping,NzbDrone.Core.Extras.Others.ExistingOtherExtraImporter' NzbDrone.Core.Extras.Others.OtherExtraFileRenamer' NzbDrone.Core.Extras.Others.OtherExtraFileRepository' NzbDrone.Core.Extras.Others.OtherExtraService' NzbDrone.Core.Datastore.BasicRepository<TModel>' NzbDrone.Core.Datastore.IDbFactory' NzbDrone.Core.Datastore.TableMapping
Cyclic Dependency,Sonarr.Core,NzbDrone.Core.Extras.Others,The tool detected the smell in this component because this component participates in a cyclic dependency. The participating components in the cycle are: NzbDrone.Core.Extras.Others' NzbDrone.Core.Datastore' NzbDrone.Core.Extras,NzbDrone.Core.Extras.Others.ExistingOtherExtraImporter' NzbDrone.Core.Extras.Others.OtherExtraFileRenamer' NzbDrone.Core.Extras.Others.OtherExtraFileRepository' NzbDrone.Core.Extras.Others.OtherExtraService' NzbDrone.Core.Datastore.BasicRepository<TModel>' NzbDrone.Core.Datastore.IDbFactory' NzbDrone.Core.Datastore.TableMapping' NzbDrone.Core.Extras.ExistingExtraFileService' NzbDrone.Core.Extras.IExtraService' NzbDrone.Core.Extras.ExtraService,NzbDrone.Core.Extras.Others.ExistingOtherExtraImporter' NzbDrone.Core.Extras.Others.OtherExtraFileRenamer' NzbDrone.Core.Extras.Others.OtherExtraFileRepository' NzbDrone.Core.Extras.Others.OtherExtraService' NzbDrone.Core.Datastore.BasicRepository<TModel>' NzbDrone.Core.Datastore.IDbFactory' NzbDrone.Core.Datastore.TableMapping' NzbDrone.Core.Extras.ExistingExtraFileService' NzbDrone.Core.Extras.IExtraService' NzbDrone.Core.Extras.ExtraService
Cyclic Dependency,Sonarr.Core,NzbDrone.Core.Extras.Others,The tool detected the smell in this component because this component participates in a cyclic dependency. The participating components in the cycle are: NzbDrone.Core.Extras.Others' NzbDrone.Core.Datastore' NzbDrone.Core.Extras.Files' NzbDrone.Core.Extras,NzbDrone.Core.Extras.Others.ExistingOtherExtraImporter' NzbDrone.Core.Extras.Others.OtherExtraFileRenamer' NzbDrone.Core.Extras.Others.OtherExtraFileRepository' NzbDrone.Core.Extras.Others.OtherExtraService' NzbDrone.Core.Datastore.BasicRepository<TModel>' NzbDrone.Core.Datastore.IDbFactory' NzbDrone.Core.Datastore.TableMapping' NzbDrone.Core.Extras.Files.ExtraFile' NzbDrone.Core.Extras.Files.IManageExtraFiles' NzbDrone.Core.Extras.Files.ExtraFileManager<TExtraFile>' NzbDrone.Core.Extras.Files.ExtraFileRepository<TExtraFile>' NzbDrone.Core.Extras.Files.ExtraFileService<TExtraFile>' NzbDrone.Core.Extras.ExistingExtraFileService' NzbDrone.Core.Extras.IExtraService' NzbDrone.Core.Extras.ExtraService,NzbDrone.Core.Extras.Others.ExistingOtherExtraImporter' NzbDrone.Core.Extras.Others.OtherExtraFileRenamer' NzbDrone.Core.Extras.Others.OtherExtraFileRepository' NzbDrone.Core.Extras.Others.OtherExtraService' NzbDrone.Core.Datastore.BasicRepository<TModel>' NzbDrone.Core.Datastore.IDbFactory' NzbDrone.Core.Datastore.TableMapping' NzbDrone.Core.Extras.Files.ExtraFile' NzbDrone.Core.Extras.Files.IManageExtraFiles' NzbDrone.Core.Extras.Files.ExtraFileManager<TExtraFile>' NzbDrone.Core.Extras.Files.ExtraFileRepository<TExtraFile>' NzbDrone.Core.Extras.Files.ExtraFileService<TExtraFile>' NzbDrone.Core.Extras.ExistingExtraFileService' NzbDrone.Core.Extras.IExtraService' NzbDrone.Core.Extras.ExtraService
Cyclic Dependency,Sonarr.Core,NzbDrone.Core.Extras.Others,The tool detected the smell in this component because this component participates in a cyclic dependency. The participating components in the cycle are: NzbDrone.Core.Extras.Others' NzbDrone.Core.Extras.Metadata' NzbDrone.Core.Datastore' NzbDrone.Core.Extras.Files' NzbDrone.Core.Extras,NzbDrone.Core.Extras.Others.ExistingOtherExtraImporter' NzbDrone.Core.Extras.Others.OtherExtraFileRenamer' NzbDrone.Core.Extras.Others.OtherExtraFileRepository' NzbDrone.Core.Extras.Others.OtherExtraService' NzbDrone.Core.Extras.Metadata.ExistingMetadataImporter' NzbDrone.Core.Extras.Metadata.IMetadata' NzbDrone.Core.Extras.Metadata.MetadataFactory' NzbDrone.Core.Extras.Metadata.MetadataRepository' NzbDrone.Core.Extras.Metadata.MetadataService' NzbDrone.Core.Datastore.BasicRepository<TModel>' NzbDrone.Core.Datastore.IDbFactory' NzbDrone.Core.Datastore.TableMapping' NzbDrone.Core.Extras.Files.ExtraFile' NzbDrone.Core.Extras.Files.IManageExtraFiles' NzbDrone.Core.Extras.Files.ExtraFileManager<TExtraFile>' NzbDrone.Core.Extras.Files.ExtraFileRepository<TExtraFile>' NzbDrone.Core.Extras.Files.ExtraFileService<TExtraFile>' NzbDrone.Core.Extras.ExistingExtraFileService' NzbDrone.Core.Extras.IExtraService' NzbDrone.Core.Extras.ExtraService,NzbDrone.Core.Extras.Others.ExistingOtherExtraImporter' NzbDrone.Core.Extras.Others.OtherExtraFileRenamer' NzbDrone.Core.Extras.Others.OtherExtraFileRepository' NzbDrone.Core.Extras.Others.OtherExtraService' NzbDrone.Core.Extras.Metadata.ExistingMetadataImporter' NzbDrone.Core.Extras.Metadata.IMetadata' NzbDrone.Core.Extras.Metadata.MetadataFactory' NzbDrone.Core.Extras.Metadata.MetadataRepository' NzbDrone.Core.Extras.Metadata.MetadataService' NzbDrone.Core.Datastore.BasicRepository<TModel>' NzbDrone.Core.Datastore.IDbFactory' NzbDrone.Core.Datastore.TableMapping' NzbDrone.Core.Extras.Files.ExtraFile' NzbDrone.Core.Extras.Files.IManageExtraFiles' NzbDrone.Core.Extras.Files.ExtraFileManager<TExtraFile>' NzbDrone.Core.Extras.Files.ExtraFileRepository<TExtraFile>' NzbDrone.Core.Extras.Files.ExtraFileService<TExtraFile>' NzbDrone.Core.Extras.ExistingExtraFileService' NzbDrone.Core.Extras.IExtraService' NzbDrone.Core.Extras.ExtraService
Cyclic Dependency,Sonarr.Core,NzbDrone.Core.Extras.Subtitles,The tool detected the smell in this component because this component participates in a cyclic dependency. The participating components in the cycle are: NzbDrone.Core.Extras.Subtitles' NzbDrone.Core.Datastore,NzbDrone.Core.Extras.Subtitles.ExistingSubtitleImporter' NzbDrone.Core.Extras.Subtitles.SubtitleFile' NzbDrone.Core.Extras.Subtitles.SubtitleFileRepository' NzbDrone.Core.Extras.Subtitles.SubtitleFileService' NzbDrone.Core.Extras.Subtitles.SubtitleService' NzbDrone.Core.Datastore.BasicRepository<TModel>' NzbDrone.Core.Datastore.IDbFactory' NzbDrone.Core.Datastore.TableMapping,NzbDrone.Core.Extras.Subtitles.ExistingSubtitleImporter' NzbDrone.Core.Extras.Subtitles.SubtitleFile' NzbDrone.Core.Extras.Subtitles.SubtitleFileRepository' NzbDrone.Core.Extras.Subtitles.SubtitleFileService' NzbDrone.Core.Extras.Subtitles.SubtitleService' NzbDrone.Core.Datastore.BasicRepository<TModel>' NzbDrone.Core.Datastore.IDbFactory' NzbDrone.Core.Datastore.TableMapping
Cyclic Dependency,Sonarr.Core,NzbDrone.Core.Extras.Subtitles,The tool detected the smell in this component because this component participates in a cyclic dependency. The participating components in the cycle are: NzbDrone.Core.Extras.Subtitles' NzbDrone.Core.Datastore' NzbDrone.Core.Extras,NzbDrone.Core.Extras.Subtitles.ExistingSubtitleImporter' NzbDrone.Core.Extras.Subtitles.SubtitleFile' NzbDrone.Core.Extras.Subtitles.SubtitleFileRepository' NzbDrone.Core.Extras.Subtitles.SubtitleFileService' NzbDrone.Core.Extras.Subtitles.SubtitleService' NzbDrone.Core.Datastore.BasicRepository<TModel>' NzbDrone.Core.Datastore.IDbFactory' NzbDrone.Core.Datastore.TableMapping' NzbDrone.Core.Extras.ExistingExtraFileService' NzbDrone.Core.Extras.IExtraService' NzbDrone.Core.Extras.ExtraService,NzbDrone.Core.Extras.Subtitles.ExistingSubtitleImporter' NzbDrone.Core.Extras.Subtitles.SubtitleFile' NzbDrone.Core.Extras.Subtitles.SubtitleFileRepository' NzbDrone.Core.Extras.Subtitles.SubtitleFileService' NzbDrone.Core.Extras.Subtitles.SubtitleService' NzbDrone.Core.Datastore.BasicRepository<TModel>' NzbDrone.Core.Datastore.IDbFactory' NzbDrone.Core.Datastore.TableMapping' NzbDrone.Core.Extras.ExistingExtraFileService' NzbDrone.Core.Extras.IExtraService' NzbDrone.Core.Extras.ExtraService
Cyclic Dependency,Sonarr.Core,NzbDrone.Core.Extras.Subtitles,The tool detected the smell in this component because this component participates in a cyclic dependency. The participating components in the cycle are: NzbDrone.Core.Extras.Subtitles' NzbDrone.Core.Datastore' NzbDrone.Core.Extras.Files' NzbDrone.Core.Extras,NzbDrone.Core.Extras.Subtitles.ExistingSubtitleImporter' NzbDrone.Core.Extras.Subtitles.SubtitleFile' NzbDrone.Core.Extras.Subtitles.SubtitleFileRepository' NzbDrone.Core.Extras.Subtitles.SubtitleFileService' NzbDrone.Core.Extras.Subtitles.SubtitleService' NzbDrone.Core.Datastore.BasicRepository<TModel>' NzbDrone.Core.Datastore.IDbFactory' NzbDrone.Core.Datastore.TableMapping' NzbDrone.Core.Extras.Files.ExtraFile' NzbDrone.Core.Extras.Files.IManageExtraFiles' NzbDrone.Core.Extras.Files.ExtraFileManager<TExtraFile>' NzbDrone.Core.Extras.Files.ExtraFileRepository<TExtraFile>' NzbDrone.Core.Extras.Files.ExtraFileService<TExtraFile>' NzbDrone.Core.Extras.ExistingExtraFileService' NzbDrone.Core.Extras.IExtraService' NzbDrone.Core.Extras.ExtraService,NzbDrone.Core.Extras.Subtitles.ExistingSubtitleImporter' NzbDrone.Core.Extras.Subtitles.SubtitleFile' NzbDrone.Core.Extras.Subtitles.SubtitleFileRepository' NzbDrone.Core.Extras.Subtitles.SubtitleFileService' NzbDrone.Core.Extras.Subtitles.SubtitleService' NzbDrone.Core.Datastore.BasicRepository<TModel>' NzbDrone.Core.Datastore.IDbFactory' NzbDrone.Core.Datastore.TableMapping' NzbDrone.Core.Extras.Files.ExtraFile' NzbDrone.Core.Extras.Files.IManageExtraFiles' NzbDrone.Core.Extras.Files.ExtraFileManager<TExtraFile>' NzbDrone.Core.Extras.Files.ExtraFileRepository<TExtraFile>' NzbDrone.Core.Extras.Files.ExtraFileService<TExtraFile>' NzbDrone.Core.Extras.ExistingExtraFileService' NzbDrone.Core.Extras.IExtraService' NzbDrone.Core.Extras.ExtraService
Cyclic Dependency,Sonarr.Core,NzbDrone.Core.Extras.Subtitles,The tool detected the smell in this component because this component participates in a cyclic dependency. The participating components in the cycle are: NzbDrone.Core.Extras.Subtitles' NzbDrone.Core.Extras.Metadata' NzbDrone.Core.Datastore' NzbDrone.Core.Extras.Files' NzbDrone.Core.Extras,NzbDrone.Core.Extras.Subtitles.ExistingSubtitleImporter' NzbDrone.Core.Extras.Subtitles.SubtitleFile' NzbDrone.Core.Extras.Subtitles.SubtitleFileRepository' NzbDrone.Core.Extras.Subtitles.SubtitleFileService' NzbDrone.Core.Extras.Subtitles.SubtitleService' NzbDrone.Core.Extras.Metadata.ExistingMetadataImporter' NzbDrone.Core.Extras.Metadata.IMetadata' NzbDrone.Core.Extras.Metadata.MetadataFactory' NzbDrone.Core.Extras.Metadata.MetadataRepository' NzbDrone.Core.Extras.Metadata.MetadataService' NzbDrone.Core.Datastore.BasicRepository<TModel>' NzbDrone.Core.Datastore.IDbFactory' NzbDrone.Core.Datastore.TableMapping' NzbDrone.Core.Extras.Files.ExtraFile' NzbDrone.Core.Extras.Files.IManageExtraFiles' NzbDrone.Core.Extras.Files.ExtraFileManager<TExtraFile>' NzbDrone.Core.Extras.Files.ExtraFileRepository<TExtraFile>' NzbDrone.Core.Extras.Files.ExtraFileService<TExtraFile>' NzbDrone.Core.Extras.ExistingExtraFileService' NzbDrone.Core.Extras.IExtraService' NzbDrone.Core.Extras.ExtraService,NzbDrone.Core.Extras.Subtitles.ExistingSubtitleImporter' NzbDrone.Core.Extras.Subtitles.SubtitleFile' NzbDrone.Core.Extras.Subtitles.SubtitleFileRepository' NzbDrone.Core.Extras.Subtitles.SubtitleFileService' NzbDrone.Core.Extras.Subtitles.SubtitleService' NzbDrone.Core.Extras.Metadata.ExistingMetadataImporter' NzbDrone.Core.Extras.Metadata.IMetadata' NzbDrone.Core.Extras.Metadata.MetadataFactory' NzbDrone.Core.Extras.Metadata.MetadataRepository' NzbDrone.Core.Extras.Metadata.MetadataService' NzbDrone.Core.Datastore.BasicRepository<TModel>' NzbDrone.Core.Datastore.IDbFactory' NzbDrone.Core.Datastore.TableMapping' NzbDrone.Core.Extras.Files.ExtraFile' NzbDrone.Core.Extras.Files.IManageExtraFiles' NzbDrone.Core.Extras.Files.ExtraFileManager<TExtraFile>' NzbDrone.Core.Extras.Files.ExtraFileRepository<TExtraFile>' NzbDrone.Core.Extras.Files.ExtraFileService<TExtraFile>' NzbDrone.Core.Extras.ExistingExtraFileService' NzbDrone.Core.Extras.IExtraService' NzbDrone.Core.Extras.ExtraService
Cyclic Dependency,Sonarr.Core,NzbDrone.Core.HealthCheck,The tool detected the smell in this component because this component participates in a cyclic dependency. The participating components in the cycle are: NzbDrone.Core.HealthCheck' NzbDrone.Core.Jobs' NzbDrone.Core.Datastore,NzbDrone.Core.HealthCheck.CheckHealthCommand' NzbDrone.Core.HealthCheck.HealthCheck' NzbDrone.Core.HealthCheck.HealthCheckService' NzbDrone.Core.Jobs.ScheduledTask' NzbDrone.Core.Jobs.ScheduledTaskRepository' NzbDrone.Core.Jobs.Scheduler' NzbDrone.Core.Jobs.TaskManager' NzbDrone.Core.Datastore.BasicRepository<TModel>' NzbDrone.Core.Datastore.IDbFactory' NzbDrone.Core.Datastore.TableMapping,NzbDrone.Core.HealthCheck.CheckHealthCommand' NzbDrone.Core.HealthCheck.HealthCheck' NzbDrone.Core.HealthCheck.HealthCheckService' NzbDrone.Core.Jobs.ScheduledTask' NzbDrone.Core.Jobs.ScheduledTaskRepository' NzbDrone.Core.Jobs.Scheduler' NzbDrone.Core.Jobs.TaskManager' NzbDrone.Core.Datastore.BasicRepository<TModel>' NzbDrone.Core.Datastore.IDbFactory' NzbDrone.Core.Datastore.TableMapping
Cyclic Dependency,Sonarr.Core,NzbDrone.Core.HealthCheck,The tool detected the smell in this component because this component participates in a cyclic dependency. The participating components in the cycle are: NzbDrone.Core.HealthCheck' NzbDrone.Core.Jobs' NzbDrone.Core.Datastore' NzbDrone.Core.Messaging.Commands,NzbDrone.Core.HealthCheck.CheckHealthCommand' NzbDrone.Core.HealthCheck.HealthCheck' NzbDrone.Core.HealthCheck.HealthCheckService' NzbDrone.Core.Jobs.ScheduledTask' NzbDrone.Core.Jobs.ScheduledTaskRepository' NzbDrone.Core.Jobs.Scheduler' NzbDrone.Core.Jobs.TaskManager' NzbDrone.Core.Datastore.BasicRepository<TModel>' NzbDrone.Core.Datastore.IDbFactory' NzbDrone.Core.Datastore.TableMapping' NzbDrone.Core.Messaging.Commands.CommandExecutor' NzbDrone.Core.Messaging.Commands.CommandModel' NzbDrone.Core.Messaging.Commands.CommandQueueManager' NzbDrone.Core.Messaging.Commands.IExecute,NzbDrone.Core.HealthCheck.CheckHealthCommand' NzbDrone.Core.HealthCheck.HealthCheck' NzbDrone.Core.HealthCheck.HealthCheckService' NzbDrone.Core.Jobs.ScheduledTask' NzbDrone.Core.Jobs.ScheduledTaskRepository' NzbDrone.Core.Jobs.Scheduler' NzbDrone.Core.Jobs.TaskManager' NzbDrone.Core.Datastore.BasicRepository<TModel>' NzbDrone.Core.Datastore.IDbFactory' NzbDrone.Core.Datastore.TableMapping' NzbDrone.Core.Messaging.Commands.CommandExecutor' NzbDrone.Core.Messaging.Commands.CommandModel' NzbDrone.Core.Messaging.Commands.CommandQueueManager' NzbDrone.Core.Messaging.Commands.IExecute
Cyclic Dependency,Sonarr.Core,NzbDrone.Core.HealthCheck,The tool detected the smell in this component because this component participates in a cyclic dependency. The participating components in the cycle are: NzbDrone.Core.HealthCheck' NzbDrone.Core.Jobs' NzbDrone.Core.Download.Pending' NzbDrone.Core.Datastore' NzbDrone.Core.Messaging.Commands,NzbDrone.Core.HealthCheck.CheckHealthCommand' NzbDrone.Core.HealthCheck.HealthCheck' NzbDrone.Core.HealthCheck.HealthCheckService' NzbDrone.Core.Jobs.ScheduledTask' NzbDrone.Core.Jobs.ScheduledTaskRepository' NzbDrone.Core.Jobs.Scheduler' NzbDrone.Core.Jobs.TaskManager' NzbDrone.Core.Download.Pending.PendingRelease' NzbDrone.Core.Download.Pending.PendingReleaseRepository' NzbDrone.Core.Download.Pending.IPendingReleaseService' NzbDrone.Core.Download.Pending.PendingReleaseService' NzbDrone.Core.Datastore.BasicRepository<TModel>' NzbDrone.Core.Datastore.IDbFactory' NzbDrone.Core.Datastore.TableMapping' NzbDrone.Core.Messaging.Commands.CommandExecutor' NzbDrone.Core.Messaging.Commands.CommandModel' NzbDrone.Core.Messaging.Commands.CommandQueueManager' NzbDrone.Core.Messaging.Commands.IExecute,NzbDrone.Core.HealthCheck.CheckHealthCommand' NzbDrone.Core.HealthCheck.HealthCheck' NzbDrone.Core.HealthCheck.HealthCheckService' NzbDrone.Core.Jobs.ScheduledTask' NzbDrone.Core.Jobs.ScheduledTaskRepository' NzbDrone.Core.Jobs.Scheduler' NzbDrone.Core.Jobs.TaskManager' NzbDrone.Core.Download.Pending.PendingRelease' NzbDrone.Core.Download.Pending.PendingReleaseRepository' NzbDrone.Core.Download.Pending.IPendingReleaseService' NzbDrone.Core.Download.Pending.PendingReleaseService' NzbDrone.Core.Datastore.BasicRepository<TModel>' NzbDrone.Core.Datastore.IDbFactory' NzbDrone.Core.Datastore.TableMapping' NzbDrone.Core.Messaging.Commands.CommandExecutor' NzbDrone.Core.Messaging.Commands.CommandModel' NzbDrone.Core.Messaging.Commands.CommandQueueManager' NzbDrone.Core.Messaging.Commands.IExecute
Cyclic Dependency,Sonarr.Core,NzbDrone.Core.History,The tool detected the smell in this component because this component participates in a cyclic dependency. The participating components in the cycle are: NzbDrone.Core.History' NzbDrone.Core.Datastore,NzbDrone.Core.History.History' NzbDrone.Core.History.HistoryRepository' NzbDrone.Core.History.HistoryService' NzbDrone.Core.Datastore.BasicRepository<TModel>' NzbDrone.Core.Datastore.IDbFactory' NzbDrone.Core.Datastore.TableMapping,NzbDrone.Core.History.History' NzbDrone.Core.History.HistoryRepository' NzbDrone.Core.History.HistoryService' NzbDrone.Core.Datastore.BasicRepository<TModel>' NzbDrone.Core.Datastore.IDbFactory' NzbDrone.Core.Datastore.TableMapping
Cyclic Dependency,Sonarr.Core,NzbDrone.Core.History,The tool detected the smell in this component because this component participates in a cyclic dependency. The participating components in the cycle are: NzbDrone.Core.History' NzbDrone.Core.Download' NzbDrone.Core.Datastore,NzbDrone.Core.History.History' NzbDrone.Core.History.HistoryRepository' NzbDrone.Core.History.HistoryService' NzbDrone.Core.Download.CheckForFinishedDownloadCommand' NzbDrone.Core.Download.ICompletedDownloadService' NzbDrone.Core.Download.CompletedDownloadService' NzbDrone.Core.Download.DownloadClientBase<TSettings>' NzbDrone.Core.Download.DownloadClientRepository' NzbDrone.Core.Download.DownloadClientStatus' NzbDrone.Core.Download.DownloadFailedEvent' NzbDrone.Core.Download.DownloadService' NzbDrone.Core.Download.IProcessDownloadDecisions' NzbDrone.Core.Download.ProcessDownloadDecisions' NzbDrone.Core.Download.RedownloadFailedDownloadService' NzbDrone.Core.Download.TorrentClientBase<TSettings>' NzbDrone.Core.Datastore.BasicRepository<TModel>' NzbDrone.Core.Datastore.IDbFactory' NzbDrone.Core.Datastore.TableMapping,NzbDrone.Core.History.History' NzbDrone.Core.History.HistoryRepository' NzbDrone.Core.History.HistoryService' NzbDrone.Core.Download.CheckForFinishedDownloadCommand' NzbDrone.Core.Download.ICompletedDownloadService' NzbDrone.Core.Download.CompletedDownloadService' NzbDrone.Core.Download.DownloadClientBase<TSettings>' NzbDrone.Core.Download.DownloadClientRepository' NzbDrone.Core.Download.DownloadClientStatus' NzbDrone.Core.Download.DownloadFailedEvent' NzbDrone.Core.Download.DownloadService' NzbDrone.Core.Download.IProcessDownloadDecisions' NzbDrone.Core.Download.ProcessDownloadDecisions' NzbDrone.Core.Download.RedownloadFailedDownloadService' NzbDrone.Core.Download.TorrentClientBase<TSettings>' NzbDrone.Core.Datastore.BasicRepository<TModel>' NzbDrone.Core.Datastore.IDbFactory' NzbDrone.Core.Datastore.TableMapping
Cyclic Dependency,Sonarr.Core,NzbDrone.Core.History,The tool detected the smell in this component because this component participates in a cyclic dependency. The participating components in the cycle are: NzbDrone.Core.History' NzbDrone.Core.Datastore' NzbDrone.Core.Authentication' NzbDrone.Core.Datastore,NzbDrone.Core.History.History' NzbDrone.Core.History.HistoryRepository' NzbDrone.Core.History.HistoryService' NzbDrone.Core.Datastore.BasicRepository<TModel>' NzbDrone.Core.Datastore.IDbFactory' NzbDrone.Core.Datastore.TableMapping' NzbDrone.Core.Authentication.User' NzbDrone.Core.Authentication.UserRepository' NzbDrone.Core.Authentication.UserService,NzbDrone.Core.History.History' NzbDrone.Core.History.HistoryRepository' NzbDrone.Core.History.HistoryService' NzbDrone.Core.Datastore.BasicRepository<TModel>' NzbDrone.Core.Datastore.IDbFactory' NzbDrone.Core.Datastore.TableMapping' NzbDrone.Core.Authentication.User' NzbDrone.Core.Authentication.UserRepository' NzbDrone.Core.Authentication.UserService
Cyclic Dependency,Sonarr.Core,NzbDrone.Core.History,The tool detected the smell in this component because this component participates in a cyclic dependency. The participating components in the cycle are: NzbDrone.Core.History' NzbDrone.Core.Datastore' NzbDrone.Core.Messaging.Commands' NzbDrone.Core.Messaging.Events' NzbDrone.Core.Datastore,NzbDrone.Core.History.History' NzbDrone.Core.History.HistoryRepository' NzbDrone.Core.History.HistoryService' NzbDrone.Core.Datastore.BasicRepository<TModel>' NzbDrone.Core.Datastore.IDbFactory' NzbDrone.Core.Datastore.TableMapping' NzbDrone.Core.Messaging.Commands.CommandExecutor' NzbDrone.Core.Messaging.Commands.CommandModel' NzbDrone.Core.Messaging.Commands.CommandQueueManager' NzbDrone.Core.Messaging.Commands.IExecute' NzbDrone.Core.Messaging.Events.CommandExecutedEvent' NzbDrone.Core.Messaging.Events.EventAggregator,NzbDrone.Core.History.History' NzbDrone.Core.History.HistoryRepository' NzbDrone.Core.History.HistoryService' NzbDrone.Core.Datastore.BasicRepository<TModel>' NzbDrone.Core.Datastore.IDbFactory' NzbDrone.Core.Datastore.TableMapping' NzbDrone.Core.Messaging.Commands.CommandExecutor' NzbDrone.Core.Messaging.Commands.CommandModel' NzbDrone.Core.Messaging.Commands.CommandQueueManager' NzbDrone.Core.Messaging.Commands.IExecute' NzbDrone.Core.Messaging.Events.CommandExecutedEvent' NzbDrone.Core.Messaging.Events.EventAggregator
Cyclic Dependency,Sonarr.Core,NzbDrone.Core.Housekeeping,The tool detected the smell in this component because this component participates in a cyclic dependency. The participating components in the cycle are: NzbDrone.Core.Housekeeping' NzbDrone.Core.Jobs' NzbDrone.Core.Datastore,NzbDrone.Core.Housekeeping.HousekeepingCommand' NzbDrone.Core.Housekeeping.HousekeepingService' NzbDrone.Core.Jobs.ScheduledTask' NzbDrone.Core.Jobs.ScheduledTaskRepository' NzbDrone.Core.Jobs.Scheduler' NzbDrone.Core.Jobs.TaskManager' NzbDrone.Core.Datastore.BasicRepository<TModel>' NzbDrone.Core.Datastore.IDbFactory' NzbDrone.Core.Datastore.TableMapping,NzbDrone.Core.Housekeeping.HousekeepingCommand' NzbDrone.Core.Housekeeping.HousekeepingService' NzbDrone.Core.Jobs.ScheduledTask' NzbDrone.Core.Jobs.ScheduledTaskRepository' NzbDrone.Core.Jobs.Scheduler' NzbDrone.Core.Jobs.TaskManager' NzbDrone.Core.Datastore.BasicRepository<TModel>' NzbDrone.Core.Datastore.IDbFactory' NzbDrone.Core.Datastore.TableMapping
Cyclic Dependency,Sonarr.Core,NzbDrone.Core.Housekeeping,The tool detected the smell in this component because this component participates in a cyclic dependency. The participating components in the cycle are: NzbDrone.Core.Housekeeping' NzbDrone.Core.Jobs' NzbDrone.Core.Datastore' NzbDrone.Core.Messaging.Commands,NzbDrone.Core.Housekeeping.HousekeepingCommand' NzbDrone.Core.Housekeeping.HousekeepingService' NzbDrone.Core.Jobs.ScheduledTask' NzbDrone.Core.Jobs.ScheduledTaskRepository' NzbDrone.Core.Jobs.Scheduler' NzbDrone.Core.Jobs.TaskManager' NzbDrone.Core.Datastore.BasicRepository<TModel>' NzbDrone.Core.Datastore.IDbFactory' NzbDrone.Core.Datastore.TableMapping' NzbDrone.Core.Messaging.Commands.CommandExecutor' NzbDrone.Core.Messaging.Commands.CommandModel' NzbDrone.Core.Messaging.Commands.CommandQueueManager' NzbDrone.Core.Messaging.Commands.IExecute,NzbDrone.Core.Housekeeping.HousekeepingCommand' NzbDrone.Core.Housekeeping.HousekeepingService' NzbDrone.Core.Jobs.ScheduledTask' NzbDrone.Core.Jobs.ScheduledTaskRepository' NzbDrone.Core.Jobs.Scheduler' NzbDrone.Core.Jobs.TaskManager' NzbDrone.Core.Datastore.BasicRepository<TModel>' NzbDrone.Core.Datastore.IDbFactory' NzbDrone.Core.Datastore.TableMapping' NzbDrone.Core.Messaging.Commands.CommandExecutor' NzbDrone.Core.Messaging.Commands.CommandModel' NzbDrone.Core.Messaging.Commands.CommandQueueManager' NzbDrone.Core.Messaging.Commands.IExecute
Cyclic Dependency,Sonarr.Core,NzbDrone.Core.Housekeeping,The tool detected the smell in this component because this component participates in a cyclic dependency. The participating components in the cycle are: NzbDrone.Core.Housekeeping' NzbDrone.Core.Jobs' NzbDrone.Core.Download.Pending' NzbDrone.Core.Datastore' NzbDrone.Core.Messaging.Commands,NzbDrone.Core.Housekeeping.HousekeepingCommand' NzbDrone.Core.Housekeeping.HousekeepingService' NzbDrone.Core.Jobs.ScheduledTask' NzbDrone.Core.Jobs.ScheduledTaskRepository' NzbDrone.Core.Jobs.Scheduler' NzbDrone.Core.Jobs.TaskManager' NzbDrone.Core.Download.Pending.PendingRelease' NzbDrone.Core.Download.Pending.PendingReleaseRepository' NzbDrone.Core.Download.Pending.IPendingReleaseService' NzbDrone.Core.Download.Pending.PendingReleaseService' NzbDrone.Core.Datastore.BasicRepository<TModel>' NzbDrone.Core.Datastore.IDbFactory' NzbDrone.Core.Datastore.TableMapping' NzbDrone.Core.Messaging.Commands.CommandExecutor' NzbDrone.Core.Messaging.Commands.CommandModel' NzbDrone.Core.Messaging.Commands.CommandQueueManager' NzbDrone.Core.Messaging.Commands.IExecute,NzbDrone.Core.Housekeeping.HousekeepingCommand' NzbDrone.Core.Housekeeping.HousekeepingService' NzbDrone.Core.Jobs.ScheduledTask' NzbDrone.Core.Jobs.ScheduledTaskRepository' NzbDrone.Core.Jobs.Scheduler' NzbDrone.Core.Jobs.TaskManager' NzbDrone.Core.Download.Pending.PendingRelease' NzbDrone.Core.Download.Pending.PendingReleaseRepository' NzbDrone.Core.Download.Pending.IPendingReleaseService' NzbDrone.Core.Download.Pending.PendingReleaseService' NzbDrone.Core.Datastore.BasicRepository<TModel>' NzbDrone.Core.Datastore.IDbFactory' NzbDrone.Core.Datastore.TableMapping' NzbDrone.Core.Messaging.Commands.CommandExecutor' NzbDrone.Core.Messaging.Commands.CommandModel' NzbDrone.Core.Messaging.Commands.CommandQueueManager' NzbDrone.Core.Messaging.Commands.IExecute
Cyclic Dependency,Sonarr.Core,NzbDrone.Core.IndexerSearch,The tool detected the smell in this component because this component participates in a cyclic dependency. The participating components in the cycle are: NzbDrone.Core.IndexerSearch' NzbDrone.Core.Download,NzbDrone.Core.IndexerSearch.CutoffUnmetEpisodeSearchCommand' NzbDrone.Core.IndexerSearch.EpisodeSearchService' NzbDrone.Core.IndexerSearch.NzbSearchService' NzbDrone.Core.Download.CheckForFinishedDownloadCommand' NzbDrone.Core.Download.ICompletedDownloadService' NzbDrone.Core.Download.CompletedDownloadService' NzbDrone.Core.Download.DownloadClientBase<TSettings>' NzbDrone.Core.Download.DownloadClientRepository' NzbDrone.Core.Download.DownloadClientStatus' NzbDrone.Core.Download.DownloadFailedEvent' NzbDrone.Core.Download.DownloadService' NzbDrone.Core.Download.IProcessDownloadDecisions' NzbDrone.Core.Download.ProcessDownloadDecisions' NzbDrone.Core.Download.RedownloadFailedDownloadService' NzbDrone.Core.Download.TorrentClientBase<TSettings>,NzbDrone.Core.IndexerSearch.CutoffUnmetEpisodeSearchCommand' NzbDrone.Core.IndexerSearch.EpisodeSearchService' NzbDrone.Core.IndexerSearch.NzbSearchService' NzbDrone.Core.Download.CheckForFinishedDownloadCommand' NzbDrone.Core.Download.ICompletedDownloadService' NzbDrone.Core.Download.CompletedDownloadService' NzbDrone.Core.Download.DownloadClientBase<TSettings>' NzbDrone.Core.Download.DownloadClientRepository' NzbDrone.Core.Download.DownloadClientStatus' NzbDrone.Core.Download.DownloadFailedEvent' NzbDrone.Core.Download.DownloadService' NzbDrone.Core.Download.IProcessDownloadDecisions' NzbDrone.Core.Download.ProcessDownloadDecisions' NzbDrone.Core.Download.RedownloadFailedDownloadService' NzbDrone.Core.Download.TorrentClientBase<TSettings>
Cyclic Dependency,Sonarr.Core,NzbDrone.Core.IndexerSearch,The tool detected the smell in this component because this component participates in a cyclic dependency. The participating components in the cycle are: NzbDrone.Core.IndexerSearch' NzbDrone.Core.Download' NzbDrone.Core.Datastore,NzbDrone.Core.IndexerSearch.CutoffUnmetEpisodeSearchCommand' NzbDrone.Core.IndexerSearch.EpisodeSearchService' NzbDrone.Core.IndexerSearch.NzbSearchService' NzbDrone.Core.Download.CheckForFinishedDownloadCommand' NzbDrone.Core.Download.ICompletedDownloadService' NzbDrone.Core.Download.CompletedDownloadService' NzbDrone.Core.Download.DownloadClientBase<TSettings>' NzbDrone.Core.Download.DownloadClientRepository' NzbDrone.Core.Download.DownloadClientStatus' NzbDrone.Core.Download.DownloadFailedEvent' NzbDrone.Core.Download.DownloadService' NzbDrone.Core.Download.IProcessDownloadDecisions' NzbDrone.Core.Download.ProcessDownloadDecisions' NzbDrone.Core.Download.RedownloadFailedDownloadService' NzbDrone.Core.Download.TorrentClientBase<TSettings>' NzbDrone.Core.Datastore.BasicRepository<TModel>' NzbDrone.Core.Datastore.IDbFactory' NzbDrone.Core.Datastore.TableMapping,NzbDrone.Core.IndexerSearch.CutoffUnmetEpisodeSearchCommand' NzbDrone.Core.IndexerSearch.EpisodeSearchService' NzbDrone.Core.IndexerSearch.NzbSearchService' NzbDrone.Core.Download.CheckForFinishedDownloadCommand' NzbDrone.Core.Download.ICompletedDownloadService' NzbDrone.Core.Download.CompletedDownloadService' NzbDrone.Core.Download.DownloadClientBase<TSettings>' NzbDrone.Core.Download.DownloadClientRepository' NzbDrone.Core.Download.DownloadClientStatus' NzbDrone.Core.Download.DownloadFailedEvent' NzbDrone.Core.Download.DownloadService' NzbDrone.Core.Download.IProcessDownloadDecisions' NzbDrone.Core.Download.ProcessDownloadDecisions' NzbDrone.Core.Download.RedownloadFailedDownloadService' NzbDrone.Core.Download.TorrentClientBase<TSettings>' NzbDrone.Core.Datastore.BasicRepository<TModel>' NzbDrone.Core.Datastore.IDbFactory' NzbDrone.Core.Datastore.TableMapping
Cyclic Dependency,Sonarr.Core,NzbDrone.Core.IndexerSearch,The tool detected the smell in this component because this component participates in a cyclic dependency. The participating components in the cycle are: NzbDrone.Core.IndexerSearch' NzbDrone.Core.Download' NzbDrone.Core.Datastore' NzbDrone.Core.Messaging.Commands,NzbDrone.Core.IndexerSearch.CutoffUnmetEpisodeSearchCommand' NzbDrone.Core.IndexerSearch.EpisodeSearchService' NzbDrone.Core.IndexerSearch.NzbSearchService' NzbDrone.Core.Download.CheckForFinishedDownloadCommand' NzbDrone.Core.Download.ICompletedDownloadService' NzbDrone.Core.Download.CompletedDownloadService' NzbDrone.Core.Download.DownloadClientBase<TSettings>' NzbDrone.Core.Download.DownloadClientRepository' NzbDrone.Core.Download.DownloadClientStatus' NzbDrone.Core.Download.DownloadFailedEvent' NzbDrone.Core.Download.DownloadService' NzbDrone.Core.Download.IProcessDownloadDecisions' NzbDrone.Core.Download.ProcessDownloadDecisions' NzbDrone.Core.Download.RedownloadFailedDownloadService' NzbDrone.Core.Download.TorrentClientBase<TSettings>' NzbDrone.Core.Datastore.BasicRepository<TModel>' NzbDrone.Core.Datastore.IDbFactory' NzbDrone.Core.Datastore.TableMapping' NzbDrone.Core.Messaging.Commands.CommandExecutor' NzbDrone.Core.Messaging.Commands.CommandModel' NzbDrone.Core.Messaging.Commands.CommandQueueManager' NzbDrone.Core.Messaging.Commands.IExecute,NzbDrone.Core.IndexerSearch.CutoffUnmetEpisodeSearchCommand' NzbDrone.Core.IndexerSearch.EpisodeSearchService' NzbDrone.Core.IndexerSearch.NzbSearchService' NzbDrone.Core.Download.CheckForFinishedDownloadCommand' NzbDrone.Core.Download.ICompletedDownloadService' NzbDrone.Core.Download.CompletedDownloadService' NzbDrone.Core.Download.DownloadClientBase<TSettings>' NzbDrone.Core.Download.DownloadClientRepository' NzbDrone.Core.Download.DownloadClientStatus' NzbDrone.Core.Download.DownloadFailedEvent' NzbDrone.Core.Download.DownloadService' NzbDrone.Core.Download.IProcessDownloadDecisions' NzbDrone.Core.Download.ProcessDownloadDecisions' NzbDrone.Core.Download.RedownloadFailedDownloadService' NzbDrone.Core.Download.TorrentClientBase<TSettings>' NzbDrone.Core.Datastore.BasicRepository<TModel>' NzbDrone.Core.Datastore.IDbFactory' NzbDrone.Core.Datastore.TableMapping' NzbDrone.Core.Messaging.Commands.CommandExecutor' NzbDrone.Core.Messaging.Commands.CommandModel' NzbDrone.Core.Messaging.Commands.CommandQueueManager' NzbDrone.Core.Messaging.Commands.IExecute
Cyclic Dependency,Sonarr.Core,NzbDrone.Core.IndexerSearch,The tool detected the smell in this component because this component participates in a cyclic dependency. The participating components in the cycle are: NzbDrone.Core.IndexerSearch' NzbDrone.Core.Tv' NzbDrone.Core.Blacklisting' NzbDrone.Core.Datastore' NzbDrone.Core.Messaging.Commands,NzbDrone.Core.IndexerSearch.CutoffUnmetEpisodeSearchCommand' NzbDrone.Core.IndexerSearch.EpisodeSearchService' NzbDrone.Core.IndexerSearch.NzbSearchService' NzbDrone.Core.Tv.Actor' NzbDrone.Core.Tv.AddSeriesService' NzbDrone.Core.Tv.AddSeriesValidator' NzbDrone.Core.Tv.Episode' NzbDrone.Core.Tv.EpisodeAddedService' NzbDrone.Core.Tv.EpisodeCutoffService' NzbDrone.Core.Tv.EpisodeService' NzbDrone.Core.Tv.MoveSeriesService' NzbDrone.Core.Tv.RefreshSeriesService' NzbDrone.Core.Tv.SeriesPathBuilder' NzbDrone.Core.Blacklisting.Blacklist' NzbDrone.Core.Blacklisting.BlacklistRepository' NzbDrone.Core.Blacklisting.IBlacklistService' NzbDrone.Core.Blacklisting.BlacklistService' NzbDrone.Core.Datastore.BasicRepository<TModel>' NzbDrone.Core.Datastore.IDbFactory' NzbDrone.Core.Datastore.TableMapping' NzbDrone.Core.Messaging.Commands.CommandExecutor' NzbDrone.Core.Messaging.Commands.CommandModel' NzbDrone.Core.Messaging.Commands.CommandQueueManager' NzbDrone.Core.Messaging.Commands.IExecute,NzbDrone.Core.IndexerSearch.CutoffUnmetEpisodeSearchCommand' NzbDrone.Core.IndexerSearch.EpisodeSearchService' NzbDrone.Core.IndexerSearch.NzbSearchService' NzbDrone.Core.Tv.Actor' NzbDrone.Core.Tv.AddSeriesService' NzbDrone.Core.Tv.AddSeriesValidator' NzbDrone.Core.Tv.Episode' NzbDrone.Core.Tv.EpisodeAddedService' NzbDrone.Core.Tv.EpisodeCutoffService' NzbDrone.Core.Tv.EpisodeService' NzbDrone.Core.Tv.MoveSeriesService' NzbDrone.Core.Tv.RefreshSeriesService' NzbDrone.Core.Tv.SeriesPathBuilder' NzbDrone.Core.Blacklisting.Blacklist' NzbDrone.Core.Blacklisting.BlacklistRepository' NzbDrone.Core.Blacklisting.IBlacklistService' NzbDrone.Core.Blacklisting.BlacklistService' NzbDrone.Core.Datastore.BasicRepository<TModel>' NzbDrone.Core.Datastore.IDbFactory' NzbDrone.Core.Datastore.TableMapping' NzbDrone.Core.Messaging.Commands.CommandExecutor' NzbDrone.Core.Messaging.Commands.CommandModel' NzbDrone.Core.Messaging.Commands.CommandQueueManager' NzbDrone.Core.Messaging.Commands.IExecute
Cyclic Dependency,Sonarr.Core,NzbDrone.Core.IndexerSearch.Definitions,The tool detected the smell in this component because this component participates in a cyclic dependency. The participating components in the cycle are: NzbDrone.Core.IndexerSearch.Definitions' NzbDrone.Core.IndexerSearch' NzbDrone.Core.Tv,NzbDrone.Core.IndexerSearch.Definitions.SearchCriteriaBase' NzbDrone.Core.IndexerSearch.CutoffUnmetEpisodeSearchCommand' NzbDrone.Core.IndexerSearch.EpisodeSearchService' NzbDrone.Core.IndexerSearch.NzbSearchService' NzbDrone.Core.Tv.Actor' NzbDrone.Core.Tv.AddSeriesService' NzbDrone.Core.Tv.AddSeriesValidator' NzbDrone.Core.Tv.Episode' NzbDrone.Core.Tv.EpisodeAddedService' NzbDrone.Core.Tv.EpisodeCutoffService' NzbDrone.Core.Tv.EpisodeService' NzbDrone.Core.Tv.MoveSeriesService' NzbDrone.Core.Tv.RefreshSeriesService' NzbDrone.Core.Tv.SeriesPathBuilder,NzbDrone.Core.IndexerSearch.Definitions.SearchCriteriaBase' NzbDrone.Core.IndexerSearch.CutoffUnmetEpisodeSearchCommand' NzbDrone.Core.IndexerSearch.EpisodeSearchService' NzbDrone.Core.IndexerSearch.NzbSearchService' NzbDrone.Core.Tv.Actor' NzbDrone.Core.Tv.AddSeriesService' NzbDrone.Core.Tv.AddSeriesValidator' NzbDrone.Core.Tv.Episode' NzbDrone.Core.Tv.EpisodeAddedService' NzbDrone.Core.Tv.EpisodeCutoffService' NzbDrone.Core.Tv.EpisodeService' NzbDrone.Core.Tv.MoveSeriesService' NzbDrone.Core.Tv.RefreshSeriesService' NzbDrone.Core.Tv.SeriesPathBuilder
Cyclic Dependency,Sonarr.Core,NzbDrone.Core.IndexerSearch.Definitions,The tool detected the smell in this component because this component participates in a cyclic dependency. The participating components in the cycle are: NzbDrone.Core.IndexerSearch.Definitions' NzbDrone.Core.Indexers' NzbDrone.Core.Datastore' NzbDrone.Core.Tv,NzbDrone.Core.IndexerSearch.Definitions.SearchCriteriaBase' NzbDrone.Core.Indexers.EzrssTorrentRssParser' NzbDrone.Core.Indexers.IFetchAndParseRss' NzbDrone.Core.Indexers.HttpIndexerBase<TSettings>' NzbDrone.Core.Indexers.IIndexer' NzbDrone.Core.Indexers.IndexerFactory' NzbDrone.Core.Indexers.IndexerRepository' NzbDrone.Core.Indexers.IndexerStatus' NzbDrone.Core.Indexers.RssSyncCommand' NzbDrone.Core.Indexers.RssSyncCompleteEvent' NzbDrone.Core.Indexers.RssSyncService' NzbDrone.Core.Indexers.ISeedConfigProvider' NzbDrone.Core.Indexers.SeedCriteriaSettings' NzbDrone.Core.Datastore.BasicRepository<TModel>' NzbDrone.Core.Datastore.IDbFactory' NzbDrone.Core.Datastore.TableMapping' NzbDrone.Core.Tv.Actor' NzbDrone.Core.Tv.AddSeriesService' NzbDrone.Core.Tv.AddSeriesValidator' NzbDrone.Core.Tv.Episode' NzbDrone.Core.Tv.EpisodeAddedService' NzbDrone.Core.Tv.EpisodeCutoffService' NzbDrone.Core.Tv.EpisodeService' NzbDrone.Core.Tv.MoveSeriesService' NzbDrone.Core.Tv.RefreshSeriesService' NzbDrone.Core.Tv.SeriesPathBuilder,NzbDrone.Core.IndexerSearch.Definitions.SearchCriteriaBase' NzbDrone.Core.Indexers.EzrssTorrentRssParser' NzbDrone.Core.Indexers.IFetchAndParseRss' NzbDrone.Core.Indexers.HttpIndexerBase<TSettings>' NzbDrone.Core.Indexers.IIndexer' NzbDrone.Core.Indexers.IndexerFactory' NzbDrone.Core.Indexers.IndexerRepository' NzbDrone.Core.Indexers.IndexerStatus' NzbDrone.Core.Indexers.RssSyncCommand' NzbDrone.Core.Indexers.RssSyncCompleteEvent' NzbDrone.Core.Indexers.RssSyncService' NzbDrone.Core.Indexers.ISeedConfigProvider' NzbDrone.Core.Indexers.SeedCriteriaSettings' NzbDrone.Core.Datastore.BasicRepository<TModel>' NzbDrone.Core.Datastore.IDbFactory' NzbDrone.Core.Datastore.TableMapping' NzbDrone.Core.Tv.Actor' NzbDrone.Core.Tv.AddSeriesService' NzbDrone.Core.Tv.AddSeriesValidator' NzbDrone.Core.Tv.Episode' NzbDrone.Core.Tv.EpisodeAddedService' NzbDrone.Core.Tv.EpisodeCutoffService' NzbDrone.Core.Tv.EpisodeService' NzbDrone.Core.Tv.MoveSeriesService' NzbDrone.Core.Tv.RefreshSeriesService' NzbDrone.Core.Tv.SeriesPathBuilder
Cyclic Dependency,Sonarr.Core,NzbDrone.Core.IndexerSearch.Definitions,The tool detected the smell in this component because this component participates in a cyclic dependency. The participating components in the cycle are: NzbDrone.Core.IndexerSearch.Definitions' NzbDrone.Core.Indexers' NzbDrone.Core.Blacklisting' NzbDrone.Core.Datastore' NzbDrone.Core.Tv,NzbDrone.Core.IndexerSearch.Definitions.SearchCriteriaBase' NzbDrone.Core.Indexers.EzrssTorrentRssParser' NzbDrone.Core.Indexers.IFetchAndParseRss' NzbDrone.Core.Indexers.HttpIndexerBase<TSettings>' NzbDrone.Core.Indexers.IIndexer' NzbDrone.Core.Indexers.IndexerFactory' NzbDrone.Core.Indexers.IndexerRepository' NzbDrone.Core.Indexers.IndexerStatus' NzbDrone.Core.Indexers.RssSyncCommand' NzbDrone.Core.Indexers.RssSyncCompleteEvent' NzbDrone.Core.Indexers.RssSyncService' NzbDrone.Core.Indexers.ISeedConfigProvider' NzbDrone.Core.Indexers.SeedCriteriaSettings' NzbDrone.Core.Blacklisting.Blacklist' NzbDrone.Core.Blacklisting.BlacklistRepository' NzbDrone.Core.Blacklisting.IBlacklistService' NzbDrone.Core.Blacklisting.BlacklistService' NzbDrone.Core.Datastore.BasicRepository<TModel>' NzbDrone.Core.Datastore.IDbFactory' NzbDrone.Core.Datastore.TableMapping' NzbDrone.Core.Tv.Actor' NzbDrone.Core.Tv.AddSeriesService' NzbDrone.Core.Tv.AddSeriesValidator' NzbDrone.Core.Tv.Episode' NzbDrone.Core.Tv.EpisodeAddedService' NzbDrone.Core.Tv.EpisodeCutoffService' NzbDrone.Core.Tv.EpisodeService' NzbDrone.Core.Tv.MoveSeriesService' NzbDrone.Core.Tv.RefreshSeriesService' NzbDrone.Core.Tv.SeriesPathBuilder,NzbDrone.Core.IndexerSearch.Definitions.SearchCriteriaBase' NzbDrone.Core.Indexers.EzrssTorrentRssParser' NzbDrone.Core.Indexers.IFetchAndParseRss' NzbDrone.Core.Indexers.HttpIndexerBase<TSettings>' NzbDrone.Core.Indexers.IIndexer' NzbDrone.Core.Indexers.IndexerFactory' NzbDrone.Core.Indexers.IndexerRepository' NzbDrone.Core.Indexers.IndexerStatus' NzbDrone.Core.Indexers.RssSyncCommand' NzbDrone.Core.Indexers.RssSyncCompleteEvent' NzbDrone.Core.Indexers.RssSyncService' NzbDrone.Core.Indexers.ISeedConfigProvider' NzbDrone.Core.Indexers.SeedCriteriaSettings' NzbDrone.Core.Blacklisting.Blacklist' NzbDrone.Core.Blacklisting.BlacklistRepository' NzbDrone.Core.Blacklisting.IBlacklistService' NzbDrone.Core.Blacklisting.BlacklistService' NzbDrone.Core.Datastore.BasicRepository<TModel>' NzbDrone.Core.Datastore.IDbFactory' NzbDrone.Core.Datastore.TableMapping' NzbDrone.Core.Tv.Actor' NzbDrone.Core.Tv.AddSeriesService' NzbDrone.Core.Tv.AddSeriesValidator' NzbDrone.Core.Tv.Episode' NzbDrone.Core.Tv.EpisodeAddedService' NzbDrone.Core.Tv.EpisodeCutoffService' NzbDrone.Core.Tv.EpisodeService' NzbDrone.Core.Tv.MoveSeriesService' NzbDrone.Core.Tv.RefreshSeriesService' NzbDrone.Core.Tv.SeriesPathBuilder
Cyclic Dependency,Sonarr.Core,NzbDrone.Core.Indexers,The tool detected the smell in this component because this component participates in a cyclic dependency. The participating components in the cycle are: NzbDrone.Core.Indexers' NzbDrone.Core.Indexers.Exceptions,NzbDrone.Core.Indexers.EzrssTorrentRssParser' NzbDrone.Core.Indexers.IFetchAndParseRss' NzbDrone.Core.Indexers.HttpIndexerBase<TSettings>' NzbDrone.Core.Indexers.IIndexer' NzbDrone.Core.Indexers.IndexerFactory' NzbDrone.Core.Indexers.IndexerRepository' NzbDrone.Core.Indexers.IndexerStatus' NzbDrone.Core.Indexers.RssSyncCommand' NzbDrone.Core.Indexers.RssSyncCompleteEvent' NzbDrone.Core.Indexers.RssSyncService' NzbDrone.Core.Indexers.ISeedConfigProvider' NzbDrone.Core.Indexers.SeedCriteriaSettings' NzbDrone.Core.Indexers.Exceptions.IndexerException,NzbDrone.Core.Indexers.EzrssTorrentRssParser' NzbDrone.Core.Indexers.IFetchAndParseRss' NzbDrone.Core.Indexers.HttpIndexerBase<TSettings>' NzbDrone.Core.Indexers.IIndexer' NzbDrone.Core.Indexers.IndexerFactory' NzbDrone.Core.Indexers.IndexerRepository' NzbDrone.Core.Indexers.IndexerStatus' NzbDrone.Core.Indexers.RssSyncCommand' NzbDrone.Core.Indexers.RssSyncCompleteEvent' NzbDrone.Core.Indexers.RssSyncService' NzbDrone.Core.Indexers.ISeedConfigProvider' NzbDrone.Core.Indexers.SeedCriteriaSettings' NzbDrone.Core.Indexers.Exceptions.IndexerException
Cyclic Dependency,Sonarr.Core,NzbDrone.Core.Indexers,The tool detected the smell in this component because this component participates in a cyclic dependency. The participating components in the cycle are: NzbDrone.Core.Indexers' NzbDrone.Core.Datastore' NzbDrone.Core.Configuration,NzbDrone.Core.Indexers.EzrssTorrentRssParser' NzbDrone.Core.Indexers.IFetchAndParseRss' NzbDrone.Core.Indexers.HttpIndexerBase<TSettings>' NzbDrone.Core.Indexers.IIndexer' NzbDrone.Core.Indexers.IndexerFactory' NzbDrone.Core.Indexers.IndexerRepository' NzbDrone.Core.Indexers.IndexerStatus' NzbDrone.Core.Indexers.RssSyncCommand' NzbDrone.Core.Indexers.RssSyncCompleteEvent' NzbDrone.Core.Indexers.RssSyncService' NzbDrone.Core.Indexers.ISeedConfigProvider' NzbDrone.Core.Indexers.SeedCriteriaSettings' NzbDrone.Core.Datastore.BasicRepository<TModel>' NzbDrone.Core.Datastore.IDbFactory' NzbDrone.Core.Datastore.TableMapping' NzbDrone.Core.Configuration.Config' NzbDrone.Core.Configuration.IConfigFileProvider' NzbDrone.Core.Configuration.ConfigFileProvider' NzbDrone.Core.Configuration.ConfigService,NzbDrone.Core.Indexers.EzrssTorrentRssParser' NzbDrone.Core.Indexers.IFetchAndParseRss' NzbDrone.Core.Indexers.HttpIndexerBase<TSettings>' NzbDrone.Core.Indexers.IIndexer' NzbDrone.Core.Indexers.IndexerFactory' NzbDrone.Core.Indexers.IndexerRepository' NzbDrone.Core.Indexers.IndexerStatus' NzbDrone.Core.Indexers.RssSyncCommand' NzbDrone.Core.Indexers.RssSyncCompleteEvent' NzbDrone.Core.Indexers.RssSyncService' NzbDrone.Core.Indexers.ISeedConfigProvider' NzbDrone.Core.Indexers.SeedCriteriaSettings' NzbDrone.Core.Datastore.BasicRepository<TModel>' NzbDrone.Core.Datastore.IDbFactory' NzbDrone.Core.Datastore.TableMapping' NzbDrone.Core.Configuration.Config' NzbDrone.Core.Configuration.IConfigFileProvider' NzbDrone.Core.Configuration.ConfigFileProvider' NzbDrone.Core.Configuration.ConfigService
Cyclic Dependency,Sonarr.Core,NzbDrone.Core.Indexers,The tool detected the smell in this component because this component participates in a cyclic dependency. The participating components in the cycle are: NzbDrone.Core.Indexers' NzbDrone.Core.Datastore' NzbDrone.Core.Languages' NzbDrone.Core.Parser.Model,NzbDrone.Core.Indexers.EzrssTorrentRssParser' NzbDrone.Core.Indexers.IFetchAndParseRss' NzbDrone.Core.Indexers.HttpIndexerBase<TSettings>' NzbDrone.Core.Indexers.IIndexer' NzbDrone.Core.Indexers.IndexerFactory' NzbDrone.Core.Indexers.IndexerRepository' NzbDrone.Core.Indexers.IndexerStatus' NzbDrone.Core.Indexers.RssSyncCommand' NzbDrone.Core.Indexers.RssSyncCompleteEvent' NzbDrone.Core.Indexers.RssSyncService' NzbDrone.Core.Indexers.ISeedConfigProvider' NzbDrone.Core.Indexers.SeedCriteriaSettings' NzbDrone.Core.Datastore.BasicRepository<TModel>' NzbDrone.Core.Datastore.IDbFactory' NzbDrone.Core.Datastore.TableMapping' NzbDrone.Core.Languages.Language' NzbDrone.Core.Languages.LanguageComparer' NzbDrone.Core.Parser.Model.LocalEpisode' NzbDrone.Core.Parser.Model.ReleaseInfo' NzbDrone.Core.Parser.Model.RemoteEpisode,NzbDrone.Core.Indexers.EzrssTorrentRssParser' NzbDrone.Core.Indexers.IFetchAndParseRss' NzbDrone.Core.Indexers.HttpIndexerBase<TSettings>' NzbDrone.Core.Indexers.IIndexer' NzbDrone.Core.Indexers.IndexerFactory' NzbDrone.Core.Indexers.IndexerRepository' NzbDrone.Core.Indexers.IndexerStatus' NzbDrone.Core.Indexers.RssSyncCommand' NzbDrone.Core.Indexers.RssSyncCompleteEvent' NzbDrone.Core.Indexers.RssSyncService' NzbDrone.Core.Indexers.ISeedConfigProvider' NzbDrone.Core.Indexers.SeedCriteriaSettings' NzbDrone.Core.Datastore.BasicRepository<TModel>' NzbDrone.Core.Datastore.IDbFactory' NzbDrone.Core.Datastore.TableMapping' NzbDrone.Core.Languages.Language' NzbDrone.Core.Languages.LanguageComparer' NzbDrone.Core.Parser.Model.LocalEpisode' NzbDrone.Core.Parser.Model.ReleaseInfo' NzbDrone.Core.Parser.Model.RemoteEpisode
Cyclic Dependency,Sonarr.Core,NzbDrone.Core.Indexers,The tool detected the smell in this component because this component participates in a cyclic dependency. The participating components in the cycle are: NzbDrone.Core.Indexers' NzbDrone.Core.Blacklisting' NzbDrone.Core.Datastore' NzbDrone.Core.Languages' NzbDrone.Core.Parser.Model,NzbDrone.Core.Indexers.EzrssTorrentRssParser' NzbDrone.Core.Indexers.IFetchAndParseRss' NzbDrone.Core.Indexers.HttpIndexerBase<TSettings>' NzbDrone.Core.Indexers.IIndexer' NzbDrone.Core.Indexers.IndexerFactory' NzbDrone.Core.Indexers.IndexerRepository' NzbDrone.Core.Indexers.IndexerStatus' NzbDrone.Core.Indexers.RssSyncCommand' NzbDrone.Core.Indexers.RssSyncCompleteEvent' NzbDrone.Core.Indexers.RssSyncService' NzbDrone.Core.Indexers.ISeedConfigProvider' NzbDrone.Core.Indexers.SeedCriteriaSettings' NzbDrone.Core.Blacklisting.Blacklist' NzbDrone.Core.Blacklisting.BlacklistRepository' NzbDrone.Core.Blacklisting.IBlacklistService' NzbDrone.Core.Blacklisting.BlacklistService' NzbDrone.Core.Datastore.BasicRepository<TModel>' NzbDrone.Core.Datastore.IDbFactory' NzbDrone.Core.Datastore.TableMapping' NzbDrone.Core.Languages.Language' NzbDrone.Core.Languages.LanguageComparer' NzbDrone.Core.Parser.Model.LocalEpisode' NzbDrone.Core.Parser.Model.ReleaseInfo' NzbDrone.Core.Parser.Model.RemoteEpisode,NzbDrone.Core.Indexers.EzrssTorrentRssParser' NzbDrone.Core.Indexers.IFetchAndParseRss' NzbDrone.Core.Indexers.HttpIndexerBase<TSettings>' NzbDrone.Core.Indexers.IIndexer' NzbDrone.Core.Indexers.IndexerFactory' NzbDrone.Core.Indexers.IndexerRepository' NzbDrone.Core.Indexers.IndexerStatus' NzbDrone.Core.Indexers.RssSyncCommand' NzbDrone.Core.Indexers.RssSyncCompleteEvent' NzbDrone.Core.Indexers.RssSyncService' NzbDrone.Core.Indexers.ISeedConfigProvider' NzbDrone.Core.Indexers.SeedCriteriaSettings' NzbDrone.Core.Blacklisting.Blacklist' NzbDrone.Core.Blacklisting.BlacklistRepository' NzbDrone.Core.Blacklisting.IBlacklistService' NzbDrone.Core.Blacklisting.BlacklistService' NzbDrone.Core.Datastore.BasicRepository<TModel>' NzbDrone.Core.Datastore.IDbFactory' NzbDrone.Core.Datastore.TableMapping' NzbDrone.Core.Languages.Language' NzbDrone.Core.Languages.LanguageComparer' NzbDrone.Core.Parser.Model.LocalEpisode' NzbDrone.Core.Parser.Model.ReleaseInfo' NzbDrone.Core.Parser.Model.RemoteEpisode
Cyclic Dependency,Sonarr.Core,NzbDrone.Core.Indexers.Exceptions,The tool detected the smell in this component because this component participates in a cyclic dependency. The participating components in the cycle are: NzbDrone.Core.Indexers.Exceptions' NzbDrone.Core.Indexers' NzbDrone.Core.Parser.Model' NzbDrone.Core.Indexers,NzbDrone.Core.Indexers.Exceptions.IndexerException' NzbDrone.Core.Indexers.EzrssTorrentRssParser' NzbDrone.Core.Indexers.IFetchAndParseRss' NzbDrone.Core.Indexers.HttpIndexerBase<TSettings>' NzbDrone.Core.Indexers.IIndexer' NzbDrone.Core.Indexers.IndexerFactory' NzbDrone.Core.Indexers.IndexerRepository' NzbDrone.Core.Indexers.IndexerStatus' NzbDrone.Core.Indexers.RssSyncCommand' NzbDrone.Core.Indexers.RssSyncCompleteEvent' NzbDrone.Core.Indexers.RssSyncService' NzbDrone.Core.Indexers.ISeedConfigProvider' NzbDrone.Core.Indexers.SeedCriteriaSettings' NzbDrone.Core.Parser.Model.LocalEpisode' NzbDrone.Core.Parser.Model.ReleaseInfo' NzbDrone.Core.Parser.Model.RemoteEpisode,NzbDrone.Core.Indexers.Exceptions.IndexerException' NzbDrone.Core.Indexers.EzrssTorrentRssParser' NzbDrone.Core.Indexers.IFetchAndParseRss' NzbDrone.Core.Indexers.HttpIndexerBase<TSettings>' NzbDrone.Core.Indexers.IIndexer' NzbDrone.Core.Indexers.IndexerFactory' NzbDrone.Core.Indexers.IndexerRepository' NzbDrone.Core.Indexers.IndexerStatus' NzbDrone.Core.Indexers.RssSyncCommand' NzbDrone.Core.Indexers.RssSyncCompleteEvent' NzbDrone.Core.Indexers.RssSyncService' NzbDrone.Core.Indexers.ISeedConfigProvider' NzbDrone.Core.Indexers.SeedCriteriaSettings' NzbDrone.Core.Parser.Model.LocalEpisode' NzbDrone.Core.Parser.Model.ReleaseInfo' NzbDrone.Core.Parser.Model.RemoteEpisode
Cyclic Dependency,Sonarr.Core,NzbDrone.Core.Indexers.Exceptions,The tool detected the smell in this component because this component participates in a cyclic dependency. The participating components in the cycle are: NzbDrone.Core.Indexers.Exceptions' NzbDrone.Core.Indexers' NzbDrone.Core.Datastore' NzbDrone.Core.Configuration' NzbDrone.Core.Indexers,NzbDrone.Core.Indexers.Exceptions.IndexerException' NzbDrone.Core.Indexers.EzrssTorrentRssParser' NzbDrone.Core.Indexers.IFetchAndParseRss' NzbDrone.Core.Indexers.HttpIndexerBase<TSettings>' NzbDrone.Core.Indexers.IIndexer' NzbDrone.Core.Indexers.IndexerFactory' NzbDrone.Core.Indexers.IndexerRepository' NzbDrone.Core.Indexers.IndexerStatus' NzbDrone.Core.Indexers.RssSyncCommand' NzbDrone.Core.Indexers.RssSyncCompleteEvent' NzbDrone.Core.Indexers.RssSyncService' NzbDrone.Core.Indexers.ISeedConfigProvider' NzbDrone.Core.Indexers.SeedCriteriaSettings' NzbDrone.Core.Datastore.BasicRepository<TModel>' NzbDrone.Core.Datastore.IDbFactory' NzbDrone.Core.Datastore.TableMapping' NzbDrone.Core.Configuration.Config' NzbDrone.Core.Configuration.IConfigFileProvider' NzbDrone.Core.Configuration.ConfigFileProvider' NzbDrone.Core.Configuration.ConfigService,NzbDrone.Core.Indexers.Exceptions.IndexerException' NzbDrone.Core.Indexers.EzrssTorrentRssParser' NzbDrone.Core.Indexers.IFetchAndParseRss' NzbDrone.Core.Indexers.HttpIndexerBase<TSettings>' NzbDrone.Core.Indexers.IIndexer' NzbDrone.Core.Indexers.IndexerFactory' NzbDrone.Core.Indexers.IndexerRepository' NzbDrone.Core.Indexers.IndexerStatus' NzbDrone.Core.Indexers.RssSyncCommand' NzbDrone.Core.Indexers.RssSyncCompleteEvent' NzbDrone.Core.Indexers.RssSyncService' NzbDrone.Core.Indexers.ISeedConfigProvider' NzbDrone.Core.Indexers.SeedCriteriaSettings' NzbDrone.Core.Datastore.BasicRepository<TModel>' NzbDrone.Core.Datastore.IDbFactory' NzbDrone.Core.Datastore.TableMapping' NzbDrone.Core.Configuration.Config' NzbDrone.Core.Configuration.IConfigFileProvider' NzbDrone.Core.Configuration.ConfigFileProvider' NzbDrone.Core.Configuration.ConfigService
Cyclic Dependency,Sonarr.Core,NzbDrone.Core.Instrumentation.Commands,The tool detected the smell in this component because this component participates in a cyclic dependency. The participating components in the cycle are: NzbDrone.Core.Instrumentation.Commands' NzbDrone.Core.Instrumentation' NzbDrone.Core.Datastore' NzbDrone.Core.Messaging.Commands,NzbDrone.Core.Instrumentation.Commands.ClearLogCommand' NzbDrone.Core.Instrumentation.DatabaseTarget' NzbDrone.Core.Instrumentation.DeleteLogFilesService' NzbDrone.Core.Instrumentation.ReconfigureLogging' NzbDrone.Core.Datastore.BasicRepository<TModel>' NzbDrone.Core.Datastore.IDbFactory' NzbDrone.Core.Datastore.TableMapping' NzbDrone.Core.Messaging.Commands.CommandExecutor' NzbDrone.Core.Messaging.Commands.CommandModel' NzbDrone.Core.Messaging.Commands.CommandQueueManager' NzbDrone.Core.Messaging.Commands.IExecute,NzbDrone.Core.Instrumentation.Commands.ClearLogCommand' NzbDrone.Core.Instrumentation.DatabaseTarget' NzbDrone.Core.Instrumentation.DeleteLogFilesService' NzbDrone.Core.Instrumentation.ReconfigureLogging' NzbDrone.Core.Datastore.BasicRepository<TModel>' NzbDrone.Core.Datastore.IDbFactory' NzbDrone.Core.Datastore.TableMapping' NzbDrone.Core.Messaging.Commands.CommandExecutor' NzbDrone.Core.Messaging.Commands.CommandModel' NzbDrone.Core.Messaging.Commands.CommandQueueManager' NzbDrone.Core.Messaging.Commands.IExecute
Cyclic Dependency,Sonarr.Core,NzbDrone.Core.Instrumentation,The tool detected the smell in this component because this component participates in a cyclic dependency. The participating components in the cycle are: NzbDrone.Core.Instrumentation' NzbDrone.Core.Datastore,NzbDrone.Core.Instrumentation.DatabaseTarget' NzbDrone.Core.Instrumentation.DeleteLogFilesService' NzbDrone.Core.Instrumentation.ReconfigureLogging' NzbDrone.Core.Datastore.BasicRepository<TModel>' NzbDrone.Core.Datastore.IDbFactory' NzbDrone.Core.Datastore.TableMapping,NzbDrone.Core.Instrumentation.DatabaseTarget' NzbDrone.Core.Instrumentation.DeleteLogFilesService' NzbDrone.Core.Instrumentation.ReconfigureLogging' NzbDrone.Core.Datastore.BasicRepository<TModel>' NzbDrone.Core.Datastore.IDbFactory' NzbDrone.Core.Datastore.TableMapping
Cyclic Dependency,Sonarr.Core,NzbDrone.Core.Instrumentation,The tool detected the smell in this component because this component participates in a cyclic dependency. The participating components in the cycle are: NzbDrone.Core.Instrumentation' NzbDrone.Core.Datastore' NzbDrone.Core.Messaging.Commands,NzbDrone.Core.Instrumentation.DatabaseTarget' NzbDrone.Core.Instrumentation.DeleteLogFilesService' NzbDrone.Core.Instrumentation.ReconfigureLogging' NzbDrone.Core.Datastore.BasicRepository<TModel>' NzbDrone.Core.Datastore.IDbFactory' NzbDrone.Core.Datastore.TableMapping' NzbDrone.Core.Messaging.Commands.CommandExecutor' NzbDrone.Core.Messaging.Commands.CommandModel' NzbDrone.Core.Messaging.Commands.CommandQueueManager' NzbDrone.Core.Messaging.Commands.IExecute,NzbDrone.Core.Instrumentation.DatabaseTarget' NzbDrone.Core.Instrumentation.DeleteLogFilesService' NzbDrone.Core.Instrumentation.ReconfigureLogging' NzbDrone.Core.Datastore.BasicRepository<TModel>' NzbDrone.Core.Datastore.IDbFactory' NzbDrone.Core.Datastore.TableMapping' NzbDrone.Core.Messaging.Commands.CommandExecutor' NzbDrone.Core.Messaging.Commands.CommandModel' NzbDrone.Core.Messaging.Commands.CommandQueueManager' NzbDrone.Core.Messaging.Commands.IExecute
Cyclic Dependency,Sonarr.Core,NzbDrone.Core.Instrumentation,The tool detected the smell in this component because this component participates in a cyclic dependency. The participating components in the cycle are: NzbDrone.Core.Instrumentation' NzbDrone.Core.Datastore' NzbDrone.Core.Authentication' NzbDrone.Core.Datastore,NzbDrone.Core.Instrumentation.DatabaseTarget' NzbDrone.Core.Instrumentation.DeleteLogFilesService' NzbDrone.Core.Instrumentation.ReconfigureLogging' NzbDrone.Core.Datastore.BasicRepository<TModel>' NzbDrone.Core.Datastore.IDbFactory' NzbDrone.Core.Datastore.TableMapping' NzbDrone.Core.Authentication.User' NzbDrone.Core.Authentication.UserRepository' NzbDrone.Core.Authentication.UserService,NzbDrone.Core.Instrumentation.DatabaseTarget' NzbDrone.Core.Instrumentation.DeleteLogFilesService' NzbDrone.Core.Instrumentation.ReconfigureLogging' NzbDrone.Core.Datastore.BasicRepository<TModel>' NzbDrone.Core.Datastore.IDbFactory' NzbDrone.Core.Datastore.TableMapping' NzbDrone.Core.Authentication.User' NzbDrone.Core.Authentication.UserRepository' NzbDrone.Core.Authentication.UserService
Cyclic Dependency,Sonarr.Core,NzbDrone.Core.Instrumentation,The tool detected the smell in this component because this component participates in a cyclic dependency. The participating components in the cycle are: NzbDrone.Core.Instrumentation' NzbDrone.Core.Datastore' NzbDrone.Core.Messaging.Commands' NzbDrone.Core.Messaging.Events' NzbDrone.Core.Datastore,NzbDrone.Core.Instrumentation.DatabaseTarget' NzbDrone.Core.Instrumentation.DeleteLogFilesService' NzbDrone.Core.Instrumentation.ReconfigureLogging' NzbDrone.Core.Datastore.BasicRepository<TModel>' NzbDrone.Core.Datastore.IDbFactory' NzbDrone.Core.Datastore.TableMapping' NzbDrone.Core.Messaging.Commands.CommandExecutor' NzbDrone.Core.Messaging.Commands.CommandModel' NzbDrone.Core.Messaging.Commands.CommandQueueManager' NzbDrone.Core.Messaging.Commands.IExecute' NzbDrone.Core.Messaging.Events.CommandExecutedEvent' NzbDrone.Core.Messaging.Events.EventAggregator,NzbDrone.Core.Instrumentation.DatabaseTarget' NzbDrone.Core.Instrumentation.DeleteLogFilesService' NzbDrone.Core.Instrumentation.ReconfigureLogging' NzbDrone.Core.Datastore.BasicRepository<TModel>' NzbDrone.Core.Datastore.IDbFactory' NzbDrone.Core.Datastore.TableMapping' NzbDrone.Core.Messaging.Commands.CommandExecutor' NzbDrone.Core.Messaging.Commands.CommandModel' NzbDrone.Core.Messaging.Commands.CommandQueueManager' NzbDrone.Core.Messaging.Commands.IExecute' NzbDrone.Core.Messaging.Events.CommandExecutedEvent' NzbDrone.Core.Messaging.Events.EventAggregator
Cyclic Dependency,Sonarr.Core,NzbDrone.Core.Jobs,The tool detected the smell in this component because this component participates in a cyclic dependency. The participating components in the cycle are: NzbDrone.Core.Jobs' NzbDrone.Core.Datastore,NzbDrone.Core.Jobs.ScheduledTask' NzbDrone.Core.Jobs.ScheduledTaskRepository' NzbDrone.Core.Jobs.Scheduler' NzbDrone.Core.Jobs.TaskManager' NzbDrone.Core.Datastore.BasicRepository<TModel>' NzbDrone.Core.Datastore.IDbFactory' NzbDrone.Core.Datastore.TableMapping,NzbDrone.Core.Jobs.ScheduledTask' NzbDrone.Core.Jobs.ScheduledTaskRepository' NzbDrone.Core.Jobs.Scheduler' NzbDrone.Core.Jobs.TaskManager' NzbDrone.Core.Datastore.BasicRepository<TModel>' NzbDrone.Core.Datastore.IDbFactory' NzbDrone.Core.Datastore.TableMapping
Cyclic Dependency,Sonarr.Core,NzbDrone.Core.Jobs,The tool detected the smell in this component because this component participates in a cyclic dependency. The participating components in the cycle are: NzbDrone.Core.Jobs' NzbDrone.Core.Download.Pending' NzbDrone.Core.Datastore,NzbDrone.Core.Jobs.ScheduledTask' NzbDrone.Core.Jobs.ScheduledTaskRepository' NzbDrone.Core.Jobs.Scheduler' NzbDrone.Core.Jobs.TaskManager' NzbDrone.Core.Download.Pending.PendingRelease' NzbDrone.Core.Download.Pending.PendingReleaseRepository' NzbDrone.Core.Download.Pending.IPendingReleaseService' NzbDrone.Core.Download.Pending.PendingReleaseService' NzbDrone.Core.Datastore.BasicRepository<TModel>' NzbDrone.Core.Datastore.IDbFactory' NzbDrone.Core.Datastore.TableMapping,NzbDrone.Core.Jobs.ScheduledTask' NzbDrone.Core.Jobs.ScheduledTaskRepository' NzbDrone.Core.Jobs.Scheduler' NzbDrone.Core.Jobs.TaskManager' NzbDrone.Core.Download.Pending.PendingRelease' NzbDrone.Core.Download.Pending.PendingReleaseRepository' NzbDrone.Core.Download.Pending.IPendingReleaseService' NzbDrone.Core.Download.Pending.PendingReleaseService' NzbDrone.Core.Datastore.BasicRepository<TModel>' NzbDrone.Core.Datastore.IDbFactory' NzbDrone.Core.Datastore.TableMapping
Cyclic Dependency,Sonarr.Core,NzbDrone.Core.Jobs,The tool detected the smell in this component because this component participates in a cyclic dependency. The participating components in the cycle are: NzbDrone.Core.Jobs' NzbDrone.Core.Datastore' NzbDrone.Core.Authentication' NzbDrone.Core.Datastore,NzbDrone.Core.Jobs.ScheduledTask' NzbDrone.Core.Jobs.ScheduledTaskRepository' NzbDrone.Core.Jobs.Scheduler' NzbDrone.Core.Jobs.TaskManager' NzbDrone.Core.Datastore.BasicRepository<TModel>' NzbDrone.Core.Datastore.IDbFactory' NzbDrone.Core.Datastore.TableMapping' NzbDrone.Core.Authentication.User' NzbDrone.Core.Authentication.UserRepository' NzbDrone.Core.Authentication.UserService,NzbDrone.Core.Jobs.ScheduledTask' NzbDrone.Core.Jobs.ScheduledTaskRepository' NzbDrone.Core.Jobs.Scheduler' NzbDrone.Core.Jobs.TaskManager' NzbDrone.Core.Datastore.BasicRepository<TModel>' NzbDrone.Core.Datastore.IDbFactory' NzbDrone.Core.Datastore.TableMapping' NzbDrone.Core.Authentication.User' NzbDrone.Core.Authentication.UserRepository' NzbDrone.Core.Authentication.UserService
Cyclic Dependency,Sonarr.Core,NzbDrone.Core.Jobs,The tool detected the smell in this component because this component participates in a cyclic dependency. The participating components in the cycle are: NzbDrone.Core.Jobs' NzbDrone.Core.Datastore' NzbDrone.Core.Messaging.Commands' NzbDrone.Core.Messaging.Events' NzbDrone.Core.Datastore,NzbDrone.Core.Jobs.ScheduledTask' NzbDrone.Core.Jobs.ScheduledTaskRepository' NzbDrone.Core.Jobs.Scheduler' NzbDrone.Core.Jobs.TaskManager' NzbDrone.Core.Datastore.BasicRepository<TModel>' NzbDrone.Core.Datastore.IDbFactory' NzbDrone.Core.Datastore.TableMapping' NzbDrone.Core.Messaging.Commands.CommandExecutor' NzbDrone.Core.Messaging.Commands.CommandModel' NzbDrone.Core.Messaging.Commands.CommandQueueManager' NzbDrone.Core.Messaging.Commands.IExecute' NzbDrone.Core.Messaging.Events.CommandExecutedEvent' NzbDrone.Core.Messaging.Events.EventAggregator,NzbDrone.Core.Jobs.ScheduledTask' NzbDrone.Core.Jobs.ScheduledTaskRepository' NzbDrone.Core.Jobs.Scheduler' NzbDrone.Core.Jobs.TaskManager' NzbDrone.Core.Datastore.BasicRepository<TModel>' NzbDrone.Core.Datastore.IDbFactory' NzbDrone.Core.Datastore.TableMapping' NzbDrone.Core.Messaging.Commands.CommandExecutor' NzbDrone.Core.Messaging.Commands.CommandModel' NzbDrone.Core.Messaging.Commands.CommandQueueManager' NzbDrone.Core.Messaging.Commands.IExecute' NzbDrone.Core.Messaging.Events.CommandExecutedEvent' NzbDrone.Core.Messaging.Events.EventAggregator
Cyclic Dependency,Sonarr.Core,NzbDrone.Core.Languages,The tool detected the smell in this component because this component participates in a cyclic dependency. The participating components in the cycle are: NzbDrone.Core.Languages' NzbDrone.Core.Datastore,NzbDrone.Core.Languages.Language' NzbDrone.Core.Languages.LanguageComparer' NzbDrone.Core.Datastore.BasicRepository<TModel>' NzbDrone.Core.Datastore.IDbFactory' NzbDrone.Core.Datastore.TableMapping,NzbDrone.Core.Languages.Language' NzbDrone.Core.Languages.LanguageComparer' NzbDrone.Core.Datastore.BasicRepository<TModel>' NzbDrone.Core.Datastore.IDbFactory' NzbDrone.Core.Datastore.TableMapping
Cyclic Dependency,Sonarr.Core,NzbDrone.Core.Languages,The tool detected the smell in this component because this component participates in a cyclic dependency. The participating components in the cycle are: NzbDrone.Core.Languages' NzbDrone.Core.Blacklisting' NzbDrone.Core.Datastore,NzbDrone.Core.Languages.Language' NzbDrone.Core.Languages.LanguageComparer' NzbDrone.Core.Blacklisting.Blacklist' NzbDrone.Core.Blacklisting.BlacklistRepository' NzbDrone.Core.Blacklisting.IBlacklistService' NzbDrone.Core.Blacklisting.BlacklistService' NzbDrone.Core.Datastore.BasicRepository<TModel>' NzbDrone.Core.Datastore.IDbFactory' NzbDrone.Core.Datastore.TableMapping,NzbDrone.Core.Languages.Language' NzbDrone.Core.Languages.LanguageComparer' NzbDrone.Core.Blacklisting.Blacklist' NzbDrone.Core.Blacklisting.BlacklistRepository' NzbDrone.Core.Blacklisting.IBlacklistService' NzbDrone.Core.Blacklisting.BlacklistService' NzbDrone.Core.Datastore.BasicRepository<TModel>' NzbDrone.Core.Datastore.IDbFactory' NzbDrone.Core.Datastore.TableMapping
Cyclic Dependency,Sonarr.Core,NzbDrone.Core.Languages,The tool detected the smell in this component because this component participates in a cyclic dependency. The participating components in the cycle are: NzbDrone.Core.Languages' NzbDrone.Core.Datastore' NzbDrone.Core.Authentication' NzbDrone.Core.Datastore,NzbDrone.Core.Languages.Language' NzbDrone.Core.Languages.LanguageComparer' NzbDrone.Core.Datastore.BasicRepository<TModel>' NzbDrone.Core.Datastore.IDbFactory' NzbDrone.Core.Datastore.TableMapping' NzbDrone.Core.Authentication.User' NzbDrone.Core.Authentication.UserRepository' NzbDrone.Core.Authentication.UserService,NzbDrone.Core.Languages.Language' NzbDrone.Core.Languages.LanguageComparer' NzbDrone.Core.Datastore.BasicRepository<TModel>' NzbDrone.Core.Datastore.IDbFactory' NzbDrone.Core.Datastore.TableMapping' NzbDrone.Core.Authentication.User' NzbDrone.Core.Authentication.UserRepository' NzbDrone.Core.Authentication.UserService
Cyclic Dependency,Sonarr.Core,NzbDrone.Core.Languages,The tool detected the smell in this component because this component participates in a cyclic dependency. The participating components in the cycle are: NzbDrone.Core.Languages' NzbDrone.Core.Datastore' NzbDrone.Core.Messaging.Commands' NzbDrone.Core.Messaging.Events' NzbDrone.Core.Datastore,NzbDrone.Core.Languages.Language' NzbDrone.Core.Languages.LanguageComparer' NzbDrone.Core.Datastore.BasicRepository<TModel>' NzbDrone.Core.Datastore.IDbFactory' NzbDrone.Core.Datastore.TableMapping' NzbDrone.Core.Messaging.Commands.CommandExecutor' NzbDrone.Core.Messaging.Commands.CommandModel' NzbDrone.Core.Messaging.Commands.CommandQueueManager' NzbDrone.Core.Messaging.Commands.IExecute' NzbDrone.Core.Messaging.Events.CommandExecutedEvent' NzbDrone.Core.Messaging.Events.EventAggregator,NzbDrone.Core.Languages.Language' NzbDrone.Core.Languages.LanguageComparer' NzbDrone.Core.Datastore.BasicRepository<TModel>' NzbDrone.Core.Datastore.IDbFactory' NzbDrone.Core.Datastore.TableMapping' NzbDrone.Core.Messaging.Commands.CommandExecutor' NzbDrone.Core.Messaging.Commands.CommandModel' NzbDrone.Core.Messaging.Commands.CommandQueueManager' NzbDrone.Core.Messaging.Commands.IExecute' NzbDrone.Core.Messaging.Events.CommandExecutedEvent' NzbDrone.Core.Messaging.Events.EventAggregator
Cyclic Dependency,Sonarr.Core,NzbDrone.Core.Lifecycle,The tool detected the smell in this component because this component participates in a cyclic dependency. The participating components in the cycle are: NzbDrone.Core.Lifecycle' NzbDrone.Core.Messaging.Commands,NzbDrone.Core.Lifecycle.LifecycleService' NzbDrone.Core.Messaging.Commands.CommandExecutor' NzbDrone.Core.Messaging.Commands.CommandModel' NzbDrone.Core.Messaging.Commands.CommandQueueManager' NzbDrone.Core.Messaging.Commands.IExecute,NzbDrone.Core.Lifecycle.LifecycleService' NzbDrone.Core.Messaging.Commands.CommandExecutor' NzbDrone.Core.Messaging.Commands.CommandModel' NzbDrone.Core.Messaging.Commands.CommandQueueManager' NzbDrone.Core.Messaging.Commands.IExecute
Cyclic Dependency,Sonarr.Core,NzbDrone.Core.Lifecycle,The tool detected the smell in this component because this component participates in a cyclic dependency. The participating components in the cycle are: NzbDrone.Core.Lifecycle' NzbDrone.Core.Messaging.Commands' NzbDrone.Core.Lifecycle.Commands,NzbDrone.Core.Lifecycle.LifecycleService' NzbDrone.Core.Messaging.Commands.CommandExecutor' NzbDrone.Core.Messaging.Commands.CommandModel' NzbDrone.Core.Messaging.Commands.CommandQueueManager' NzbDrone.Core.Messaging.Commands.IExecute' NzbDrone.Core.Lifecycle.Commands.RestartCommand,NzbDrone.Core.Lifecycle.LifecycleService' NzbDrone.Core.Messaging.Commands.CommandExecutor' NzbDrone.Core.Messaging.Commands.CommandModel' NzbDrone.Core.Messaging.Commands.CommandQueueManager' NzbDrone.Core.Messaging.Commands.IExecute' NzbDrone.Core.Lifecycle.Commands.RestartCommand
Cyclic Dependency,Sonarr.Core,NzbDrone.Core.Lifecycle,The tool detected the smell in this component because this component participates in a cyclic dependency. The participating components in the cycle are: NzbDrone.Core.Lifecycle' NzbDrone.Core.ProgressMessaging' NzbDrone.Core.Messaging.Commands' NzbDrone.Core.Lifecycle.Commands,NzbDrone.Core.Lifecycle.LifecycleService' NzbDrone.Core.ProgressMessaging.CommandUpdatedEvent' NzbDrone.Core.ProgressMessaging.ProgressMessageTarget' NzbDrone.Core.Messaging.Commands.CommandExecutor' NzbDrone.Core.Messaging.Commands.CommandModel' NzbDrone.Core.Messaging.Commands.CommandQueueManager' NzbDrone.Core.Messaging.Commands.IExecute' NzbDrone.Core.Lifecycle.Commands.RestartCommand,NzbDrone.Core.Lifecycle.LifecycleService' NzbDrone.Core.ProgressMessaging.CommandUpdatedEvent' NzbDrone.Core.ProgressMessaging.ProgressMessageTarget' NzbDrone.Core.Messaging.Commands.CommandExecutor' NzbDrone.Core.Messaging.Commands.CommandModel' NzbDrone.Core.Messaging.Commands.CommandQueueManager' NzbDrone.Core.Messaging.Commands.IExecute' NzbDrone.Core.Lifecycle.Commands.RestartCommand
Cyclic Dependency,Sonarr.Core,NzbDrone.Core.Lifecycle,The tool detected the smell in this component because this component participates in a cyclic dependency. The participating components in the cycle are: NzbDrone.Core.Lifecycle' NzbDrone.Core.Messaging.Commands' NzbDrone.Core.Messaging.Events' NzbDrone.Core.Messaging.Commands' NzbDrone.Core.Lifecycle.Commands,NzbDrone.Core.Lifecycle.LifecycleService' NzbDrone.Core.Messaging.Commands.CommandExecutor' NzbDrone.Core.Messaging.Commands.CommandModel' NzbDrone.Core.Messaging.Commands.CommandQueueManager' NzbDrone.Core.Messaging.Commands.IExecute' NzbDrone.Core.Messaging.Events.CommandExecutedEvent' NzbDrone.Core.Messaging.Events.EventAggregator' NzbDrone.Core.Lifecycle.Commands.RestartCommand,NzbDrone.Core.Lifecycle.LifecycleService' NzbDrone.Core.Messaging.Commands.CommandExecutor' NzbDrone.Core.Messaging.Commands.CommandModel' NzbDrone.Core.Messaging.Commands.CommandQueueManager' NzbDrone.Core.Messaging.Commands.IExecute' NzbDrone.Core.Messaging.Events.CommandExecutedEvent' NzbDrone.Core.Messaging.Events.EventAggregator' NzbDrone.Core.Lifecycle.Commands.RestartCommand
Cyclic Dependency,Sonarr.Core,NzbDrone.Core.MediaCover,The tool detected the smell in this component because this component participates in a cyclic dependency. The participating components in the cycle are: NzbDrone.Core.MediaCover' NzbDrone.Core.Tv,NzbDrone.Core.MediaCover.MediaCover' NzbDrone.Core.MediaCover.MediaCoverService' NzbDrone.Core.Tv.Actor' NzbDrone.Core.Tv.AddSeriesService' NzbDrone.Core.Tv.AddSeriesValidator' NzbDrone.Core.Tv.Episode' NzbDrone.Core.Tv.EpisodeAddedService' NzbDrone.Core.Tv.EpisodeCutoffService' NzbDrone.Core.Tv.EpisodeService' NzbDrone.Core.Tv.MoveSeriesService' NzbDrone.Core.Tv.RefreshSeriesService' NzbDrone.Core.Tv.SeriesPathBuilder,NzbDrone.Core.MediaCover.MediaCover' NzbDrone.Core.MediaCover.MediaCoverService' NzbDrone.Core.Tv.Actor' NzbDrone.Core.Tv.AddSeriesService' NzbDrone.Core.Tv.AddSeriesValidator' NzbDrone.Core.Tv.Episode' NzbDrone.Core.Tv.EpisodeAddedService' NzbDrone.Core.Tv.EpisodeCutoffService' NzbDrone.Core.Tv.EpisodeService' NzbDrone.Core.Tv.MoveSeriesService' NzbDrone.Core.Tv.RefreshSeriesService' NzbDrone.Core.Tv.SeriesPathBuilder
Cyclic Dependency,Sonarr.Core,NzbDrone.Core.MediaCover,The tool detected the smell in this component because this component participates in a cyclic dependency. The participating components in the cycle are: NzbDrone.Core.MediaCover' NzbDrone.Core.Tv' NzbDrone.Core.Datastore,NzbDrone.Core.MediaCover.MediaCover' NzbDrone.Core.MediaCover.MediaCoverService' NzbDrone.Core.Tv.Actor' NzbDrone.Core.Tv.AddSeriesService' NzbDrone.Core.Tv.AddSeriesValidator' NzbDrone.Core.Tv.Episode' NzbDrone.Core.Tv.EpisodeAddedService' NzbDrone.Core.Tv.EpisodeCutoffService' NzbDrone.Core.Tv.EpisodeService' NzbDrone.Core.Tv.MoveSeriesService' NzbDrone.Core.Tv.RefreshSeriesService' NzbDrone.Core.Tv.SeriesPathBuilder' NzbDrone.Core.Datastore.BasicRepository<TModel>' NzbDrone.Core.Datastore.IDbFactory' NzbDrone.Core.Datastore.TableMapping,NzbDrone.Core.MediaCover.MediaCover' NzbDrone.Core.MediaCover.MediaCoverService' NzbDrone.Core.Tv.Actor' NzbDrone.Core.Tv.AddSeriesService' NzbDrone.Core.Tv.AddSeriesValidator' NzbDrone.Core.Tv.Episode' NzbDrone.Core.Tv.EpisodeAddedService' NzbDrone.Core.Tv.EpisodeCutoffService' NzbDrone.Core.Tv.EpisodeService' NzbDrone.Core.Tv.MoveSeriesService' NzbDrone.Core.Tv.RefreshSeriesService' NzbDrone.Core.Tv.SeriesPathBuilder' NzbDrone.Core.Datastore.BasicRepository<TModel>' NzbDrone.Core.Datastore.IDbFactory' NzbDrone.Core.Datastore.TableMapping
Cyclic Dependency,Sonarr.Core,NzbDrone.Core.MediaCover,The tool detected the smell in this component because this component participates in a cyclic dependency. The participating components in the cycle are: NzbDrone.Core.MediaCover' NzbDrone.Core.Tv' NzbDrone.Core.Blacklisting' NzbDrone.Core.Datastore,NzbDrone.Core.MediaCover.MediaCover' NzbDrone.Core.MediaCover.MediaCoverService' NzbDrone.Core.Tv.Actor' NzbDrone.Core.Tv.AddSeriesService' NzbDrone.Core.Tv.AddSeriesValidator' NzbDrone.Core.Tv.Episode' NzbDrone.Core.Tv.EpisodeAddedService' NzbDrone.Core.Tv.EpisodeCutoffService' NzbDrone.Core.Tv.EpisodeService' NzbDrone.Core.Tv.MoveSeriesService' NzbDrone.Core.Tv.RefreshSeriesService' NzbDrone.Core.Tv.SeriesPathBuilder' NzbDrone.Core.Blacklisting.Blacklist' NzbDrone.Core.Blacklisting.BlacklistRepository' NzbDrone.Core.Blacklisting.IBlacklistService' NzbDrone.Core.Blacklisting.BlacklistService' NzbDrone.Core.Datastore.BasicRepository<TModel>' NzbDrone.Core.Datastore.IDbFactory' NzbDrone.Core.Datastore.TableMapping,NzbDrone.Core.MediaCover.MediaCover' NzbDrone.Core.MediaCover.MediaCoverService' NzbDrone.Core.Tv.Actor' NzbDrone.Core.Tv.AddSeriesService' NzbDrone.Core.Tv.AddSeriesValidator' NzbDrone.Core.Tv.Episode' NzbDrone.Core.Tv.EpisodeAddedService' NzbDrone.Core.Tv.EpisodeCutoffService' NzbDrone.Core.Tv.EpisodeService' NzbDrone.Core.Tv.MoveSeriesService' NzbDrone.Core.Tv.RefreshSeriesService' NzbDrone.Core.Tv.SeriesPathBuilder' NzbDrone.Core.Blacklisting.Blacklist' NzbDrone.Core.Blacklisting.BlacklistRepository' NzbDrone.Core.Blacklisting.IBlacklistService' NzbDrone.Core.Blacklisting.BlacklistService' NzbDrone.Core.Datastore.BasicRepository<TModel>' NzbDrone.Core.Datastore.IDbFactory' NzbDrone.Core.Datastore.TableMapping
Cyclic Dependency,Sonarr.Core,NzbDrone.Core.MediaCover,The tool detected the smell in this component because this component participates in a cyclic dependency. The participating components in the cycle are: NzbDrone.Core.MediaCover' NzbDrone.Core.Tv' NzbDrone.Core.Datastore' NzbDrone.Core.Authentication' NzbDrone.Core.Datastore,NzbDrone.Core.MediaCover.MediaCover' NzbDrone.Core.MediaCover.MediaCoverService' NzbDrone.Core.Tv.Actor' NzbDrone.Core.Tv.AddSeriesService' NzbDrone.Core.Tv.AddSeriesValidator' NzbDrone.Core.Tv.Episode' NzbDrone.Core.Tv.EpisodeAddedService' NzbDrone.Core.Tv.EpisodeCutoffService' NzbDrone.Core.Tv.EpisodeService' NzbDrone.Core.Tv.MoveSeriesService' NzbDrone.Core.Tv.RefreshSeriesService' NzbDrone.Core.Tv.SeriesPathBuilder' NzbDrone.Core.Datastore.BasicRepository<TModel>' NzbDrone.Core.Datastore.IDbFactory' NzbDrone.Core.Datastore.TableMapping' NzbDrone.Core.Authentication.User' NzbDrone.Core.Authentication.UserRepository' NzbDrone.Core.Authentication.UserService,NzbDrone.Core.MediaCover.MediaCover' NzbDrone.Core.MediaCover.MediaCoverService' NzbDrone.Core.Tv.Actor' NzbDrone.Core.Tv.AddSeriesService' NzbDrone.Core.Tv.AddSeriesValidator' NzbDrone.Core.Tv.Episode' NzbDrone.Core.Tv.EpisodeAddedService' NzbDrone.Core.Tv.EpisodeCutoffService' NzbDrone.Core.Tv.EpisodeService' NzbDrone.Core.Tv.MoveSeriesService' NzbDrone.Core.Tv.RefreshSeriesService' NzbDrone.Core.Tv.SeriesPathBuilder' NzbDrone.Core.Datastore.BasicRepository<TModel>' NzbDrone.Core.Datastore.IDbFactory' NzbDrone.Core.Datastore.TableMapping' NzbDrone.Core.Authentication.User' NzbDrone.Core.Authentication.UserRepository' NzbDrone.Core.Authentication.UserService
Cyclic Dependency,Sonarr.Core,NzbDrone.Core.MediaFiles.Commands,The tool detected the smell in this component because this component participates in a cyclic dependency. The participating components in the cycle are: NzbDrone.Core.MediaFiles.Commands' NzbDrone.Core.MediaFiles' NzbDrone.Core.MediaFiles.EpisodeImport,NzbDrone.Core.MediaFiles.Commands.CleanUpRecycleBinCommand' NzbDrone.Core.MediaFiles.Commands.DownloadedEpisodesScanCommand' NzbDrone.Core.MediaFiles.IDiskScanService' NzbDrone.Core.MediaFiles.DiskScanService' NzbDrone.Core.MediaFiles.DownloadedEpisodesCommandService' NzbDrone.Core.MediaFiles.IDownloadedEpisodesImportService' NzbDrone.Core.MediaFiles.DownloadedEpisodesImportService' NzbDrone.Core.MediaFiles.EpisodeFile' NzbDrone.Core.MediaFiles.EpisodeFileMovingService' NzbDrone.Core.MediaFiles.MediaFileDeletionService' NzbDrone.Core.MediaFiles.EpisodeImport.IDetectSample' NzbDrone.Core.MediaFiles.EpisodeImport.DetectSample' NzbDrone.Core.MediaFiles.EpisodeImport.IImportDecisionEngineSpecification' NzbDrone.Core.MediaFiles.EpisodeImport.ImportApprovedEpisodes' NzbDrone.Core.MediaFiles.EpisodeImport.ImportDecisionMaker,NzbDrone.Core.MediaFiles.Commands.CleanUpRecycleBinCommand' NzbDrone.Core.MediaFiles.Commands.DownloadedEpisodesScanCommand' NzbDrone.Core.MediaFiles.IDiskScanService' NzbDrone.Core.MediaFiles.DiskScanService' NzbDrone.Core.MediaFiles.DownloadedEpisodesCommandService' NzbDrone.Core.MediaFiles.IDownloadedEpisodesImportService' NzbDrone.Core.MediaFiles.DownloadedEpisodesImportService' NzbDrone.Core.MediaFiles.EpisodeFile' NzbDrone.Core.MediaFiles.EpisodeFileMovingService' NzbDrone.Core.MediaFiles.MediaFileDeletionService' NzbDrone.Core.MediaFiles.EpisodeImport.IDetectSample' NzbDrone.Core.MediaFiles.EpisodeImport.DetectSample' NzbDrone.Core.MediaFiles.EpisodeImport.IImportDecisionEngineSpecification' NzbDrone.Core.MediaFiles.EpisodeImport.ImportApprovedEpisodes' NzbDrone.Core.MediaFiles.EpisodeImport.ImportDecisionMaker
Cyclic Dependency,Sonarr.Core,NzbDrone.Core.MediaFiles.Commands,The tool detected the smell in this component because this component participates in a cyclic dependency. The participating components in the cycle are: NzbDrone.Core.MediaFiles.Commands' NzbDrone.Core.Jobs' NzbDrone.Core.Datastore' NzbDrone.Core.Messaging.Commands,NzbDrone.Core.MediaFiles.Commands.CleanUpRecycleBinCommand' NzbDrone.Core.MediaFiles.Commands.DownloadedEpisodesScanCommand' NzbDrone.Core.Jobs.ScheduledTask' NzbDrone.Core.Jobs.ScheduledTaskRepository' NzbDrone.Core.Jobs.Scheduler' NzbDrone.Core.Jobs.TaskManager' NzbDrone.Core.Datastore.BasicRepository<TModel>' NzbDrone.Core.Datastore.IDbFactory' NzbDrone.Core.Datastore.TableMapping' NzbDrone.Core.Messaging.Commands.CommandExecutor' NzbDrone.Core.Messaging.Commands.CommandModel' NzbDrone.Core.Messaging.Commands.CommandQueueManager' NzbDrone.Core.Messaging.Commands.IExecute,NzbDrone.Core.MediaFiles.Commands.CleanUpRecycleBinCommand' NzbDrone.Core.MediaFiles.Commands.DownloadedEpisodesScanCommand' NzbDrone.Core.Jobs.ScheduledTask' NzbDrone.Core.Jobs.ScheduledTaskRepository' NzbDrone.Core.Jobs.Scheduler' NzbDrone.Core.Jobs.TaskManager' NzbDrone.Core.Datastore.BasicRepository<TModel>' NzbDrone.Core.Datastore.IDbFactory' NzbDrone.Core.Datastore.TableMapping' NzbDrone.Core.Messaging.Commands.CommandExecutor' NzbDrone.Core.Messaging.Commands.CommandModel' NzbDrone.Core.Messaging.Commands.CommandQueueManager' NzbDrone.Core.Messaging.Commands.IExecute
Cyclic Dependency,Sonarr.Core,NzbDrone.Core.MediaFiles.Commands,The tool detected the smell in this component because this component participates in a cyclic dependency. The participating components in the cycle are: NzbDrone.Core.MediaFiles.Commands' NzbDrone.Core.MediaFiles' NzbDrone.Core.Configuration' NzbDrone.Core.Datastore' NzbDrone.Core.Messaging.Commands,NzbDrone.Core.MediaFiles.Commands.CleanUpRecycleBinCommand' NzbDrone.Core.MediaFiles.Commands.DownloadedEpisodesScanCommand' NzbDrone.Core.MediaFiles.IDiskScanService' NzbDrone.Core.MediaFiles.DiskScanService' NzbDrone.Core.MediaFiles.DownloadedEpisodesCommandService' NzbDrone.Core.MediaFiles.IDownloadedEpisodesImportService' NzbDrone.Core.MediaFiles.DownloadedEpisodesImportService' NzbDrone.Core.MediaFiles.EpisodeFile' NzbDrone.Core.MediaFiles.EpisodeFileMovingService' NzbDrone.Core.MediaFiles.MediaFileDeletionService' NzbDrone.Core.Configuration.Config' NzbDrone.Core.Configuration.IConfigFileProvider' NzbDrone.Core.Configuration.ConfigFileProvider' NzbDrone.Core.Configuration.ConfigService' NzbDrone.Core.Datastore.BasicRepository<TModel>' NzbDrone.Core.Datastore.IDbFactory' NzbDrone.Core.Datastore.TableMapping' NzbDrone.Core.Messaging.Commands.CommandExecutor' NzbDrone.Core.Messaging.Commands.CommandModel' NzbDrone.Core.Messaging.Commands.CommandQueueManager' NzbDrone.Core.Messaging.Commands.IExecute,NzbDrone.Core.MediaFiles.Commands.CleanUpRecycleBinCommand' NzbDrone.Core.MediaFiles.Commands.DownloadedEpisodesScanCommand' NzbDrone.Core.MediaFiles.IDiskScanService' NzbDrone.Core.MediaFiles.DiskScanService' NzbDrone.Core.MediaFiles.DownloadedEpisodesCommandService' NzbDrone.Core.MediaFiles.IDownloadedEpisodesImportService' NzbDrone.Core.MediaFiles.DownloadedEpisodesImportService' NzbDrone.Core.MediaFiles.EpisodeFile' NzbDrone.Core.MediaFiles.EpisodeFileMovingService' NzbDrone.Core.MediaFiles.MediaFileDeletionService' NzbDrone.Core.Configuration.Config' NzbDrone.Core.Configuration.IConfigFileProvider' NzbDrone.Core.Configuration.ConfigFileProvider' NzbDrone.Core.Configuration.ConfigService' NzbDrone.Core.Datastore.BasicRepository<TModel>' NzbDrone.Core.Datastore.IDbFactory' NzbDrone.Core.Datastore.TableMapping' NzbDrone.Core.Messaging.Commands.CommandExecutor' NzbDrone.Core.Messaging.Commands.CommandModel' NzbDrone.Core.Messaging.Commands.CommandQueueManager' NzbDrone.Core.Messaging.Commands.IExecute
Cyclic Dependency,Sonarr.Core,NzbDrone.Core.MediaFiles,The tool detected the smell in this component because this component participates in a cyclic dependency. The participating components in the cycle are: NzbDrone.Core.MediaFiles' NzbDrone.Core.Tv,NzbDrone.Core.MediaFiles.IDiskScanService' NzbDrone.Core.MediaFiles.DiskScanService' NzbDrone.Core.MediaFiles.DownloadedEpisodesCommandService' NzbDrone.Core.MediaFiles.IDownloadedEpisodesImportService' NzbDrone.Core.MediaFiles.DownloadedEpisodesImportService' NzbDrone.Core.MediaFiles.EpisodeFile' NzbDrone.Core.MediaFiles.EpisodeFileMovingService' NzbDrone.Core.MediaFiles.MediaFileDeletionService' NzbDrone.Core.Tv.Actor' NzbDrone.Core.Tv.AddSeriesService' NzbDrone.Core.Tv.AddSeriesValidator' NzbDrone.Core.Tv.Episode' NzbDrone.Core.Tv.EpisodeAddedService' NzbDrone.Core.Tv.EpisodeCutoffService' NzbDrone.Core.Tv.EpisodeService' NzbDrone.Core.Tv.MoveSeriesService' NzbDrone.Core.Tv.RefreshSeriesService' NzbDrone.Core.Tv.SeriesPathBuilder,NzbDrone.Core.MediaFiles.IDiskScanService' NzbDrone.Core.MediaFiles.DiskScanService' NzbDrone.Core.MediaFiles.DownloadedEpisodesCommandService' NzbDrone.Core.MediaFiles.IDownloadedEpisodesImportService' NzbDrone.Core.MediaFiles.DownloadedEpisodesImportService' NzbDrone.Core.MediaFiles.EpisodeFile' NzbDrone.Core.MediaFiles.EpisodeFileMovingService' NzbDrone.Core.MediaFiles.MediaFileDeletionService' NzbDrone.Core.Tv.Actor' NzbDrone.Core.Tv.AddSeriesService' NzbDrone.Core.Tv.AddSeriesValidator' NzbDrone.Core.Tv.Episode' NzbDrone.Core.Tv.EpisodeAddedService' NzbDrone.Core.Tv.EpisodeCutoffService' NzbDrone.Core.Tv.EpisodeService' NzbDrone.Core.Tv.MoveSeriesService' NzbDrone.Core.Tv.RefreshSeriesService' NzbDrone.Core.Tv.SeriesPathBuilder
Cyclic Dependency,Sonarr.Core,NzbDrone.Core.MediaFiles,The tool detected the smell in this component because this component participates in a cyclic dependency. The participating components in the cycle are: NzbDrone.Core.MediaFiles' NzbDrone.Core.Datastore' NzbDrone.Core.Tv,NzbDrone.Core.MediaFiles.IDiskScanService' NzbDrone.Core.MediaFiles.DiskScanService' NzbDrone.Core.MediaFiles.DownloadedEpisodesCommandService' NzbDrone.Core.MediaFiles.IDownloadedEpisodesImportService' NzbDrone.Core.MediaFiles.DownloadedEpisodesImportService' NzbDrone.Core.MediaFiles.EpisodeFile' NzbDrone.Core.MediaFiles.EpisodeFileMovingService' NzbDrone.Core.MediaFiles.MediaFileDeletionService' NzbDrone.Core.Datastore.BasicRepository<TModel>' NzbDrone.Core.Datastore.IDbFactory' NzbDrone.Core.Datastore.TableMapping' NzbDrone.Core.Tv.Actor' NzbDrone.Core.Tv.AddSeriesService' NzbDrone.Core.Tv.AddSeriesValidator' NzbDrone.Core.Tv.Episode' NzbDrone.Core.Tv.EpisodeAddedService' NzbDrone.Core.Tv.EpisodeCutoffService' NzbDrone.Core.Tv.EpisodeService' NzbDrone.Core.Tv.MoveSeriesService' NzbDrone.Core.Tv.RefreshSeriesService' NzbDrone.Core.Tv.SeriesPathBuilder,NzbDrone.Core.MediaFiles.IDiskScanService' NzbDrone.Core.MediaFiles.DiskScanService' NzbDrone.Core.MediaFiles.DownloadedEpisodesCommandService' NzbDrone.Core.MediaFiles.IDownloadedEpisodesImportService' NzbDrone.Core.MediaFiles.DownloadedEpisodesImportService' NzbDrone.Core.MediaFiles.EpisodeFile' NzbDrone.Core.MediaFiles.EpisodeFileMovingService' NzbDrone.Core.MediaFiles.MediaFileDeletionService' NzbDrone.Core.Datastore.BasicRepository<TModel>' NzbDrone.Core.Datastore.IDbFactory' NzbDrone.Core.Datastore.TableMapping' NzbDrone.Core.Tv.Actor' NzbDrone.Core.Tv.AddSeriesService' NzbDrone.Core.Tv.AddSeriesValidator' NzbDrone.Core.Tv.Episode' NzbDrone.Core.Tv.EpisodeAddedService' NzbDrone.Core.Tv.EpisodeCutoffService' NzbDrone.Core.Tv.EpisodeService' NzbDrone.Core.Tv.MoveSeriesService' NzbDrone.Core.Tv.RefreshSeriesService' NzbDrone.Core.Tv.SeriesPathBuilder
Cyclic Dependency,Sonarr.Core,NzbDrone.Core.MediaFiles,The tool detected the smell in this component because this component participates in a cyclic dependency. The participating components in the cycle are: NzbDrone.Core.MediaFiles' NzbDrone.Core.Configuration' NzbDrone.Core.Datastore' NzbDrone.Core.Tv,NzbDrone.Core.MediaFiles.IDiskScanService' NzbDrone.Core.MediaFiles.DiskScanService' NzbDrone.Core.MediaFiles.DownloadedEpisodesCommandService' NzbDrone.Core.MediaFiles.IDownloadedEpisodesImportService' NzbDrone.Core.MediaFiles.DownloadedEpisodesImportService' NzbDrone.Core.MediaFiles.EpisodeFile' NzbDrone.Core.MediaFiles.EpisodeFileMovingService' NzbDrone.Core.MediaFiles.MediaFileDeletionService' NzbDrone.Core.Configuration.Config' NzbDrone.Core.Configuration.IConfigFileProvider' NzbDrone.Core.Configuration.ConfigFileProvider' NzbDrone.Core.Configuration.ConfigService' NzbDrone.Core.Datastore.BasicRepository<TModel>' NzbDrone.Core.Datastore.IDbFactory' NzbDrone.Core.Datastore.TableMapping' NzbDrone.Core.Tv.Actor' NzbDrone.Core.Tv.AddSeriesService' NzbDrone.Core.Tv.AddSeriesValidator' NzbDrone.Core.Tv.Episode' NzbDrone.Core.Tv.EpisodeAddedService' NzbDrone.Core.Tv.EpisodeCutoffService' NzbDrone.Core.Tv.EpisodeService' NzbDrone.Core.Tv.MoveSeriesService' NzbDrone.Core.Tv.RefreshSeriesService' NzbDrone.Core.Tv.SeriesPathBuilder,NzbDrone.Core.MediaFiles.IDiskScanService' NzbDrone.Core.MediaFiles.DiskScanService' NzbDrone.Core.MediaFiles.DownloadedEpisodesCommandService' NzbDrone.Core.MediaFiles.IDownloadedEpisodesImportService' NzbDrone.Core.MediaFiles.DownloadedEpisodesImportService' NzbDrone.Core.MediaFiles.EpisodeFile' NzbDrone.Core.MediaFiles.EpisodeFileMovingService' NzbDrone.Core.MediaFiles.MediaFileDeletionService' NzbDrone.Core.Configuration.Config' NzbDrone.Core.Configuration.IConfigFileProvider' NzbDrone.Core.Configuration.ConfigFileProvider' NzbDrone.Core.Configuration.ConfigService' NzbDrone.Core.Datastore.BasicRepository<TModel>' NzbDrone.Core.Datastore.IDbFactory' NzbDrone.Core.Datastore.TableMapping' NzbDrone.Core.Tv.Actor' NzbDrone.Core.Tv.AddSeriesService' NzbDrone.Core.Tv.AddSeriesValidator' NzbDrone.Core.Tv.Episode' NzbDrone.Core.Tv.EpisodeAddedService' NzbDrone.Core.Tv.EpisodeCutoffService' NzbDrone.Core.Tv.EpisodeService' NzbDrone.Core.Tv.MoveSeriesService' NzbDrone.Core.Tv.RefreshSeriesService' NzbDrone.Core.Tv.SeriesPathBuilder
Cyclic Dependency,Sonarr.Core,NzbDrone.Core.MediaFiles,The tool detected the smell in this component because this component participates in a cyclic dependency. The participating components in the cycle are: NzbDrone.Core.MediaFiles' NzbDrone.Core.Datastore' NzbDrone.Core.Authentication' NzbDrone.Core.Datastore' NzbDrone.Core.Tv,NzbDrone.Core.MediaFiles.IDiskScanService' NzbDrone.Core.MediaFiles.DiskScanService' NzbDrone.Core.MediaFiles.DownloadedEpisodesCommandService' NzbDrone.Core.MediaFiles.IDownloadedEpisodesImportService' NzbDrone.Core.MediaFiles.DownloadedEpisodesImportService' NzbDrone.Core.MediaFiles.EpisodeFile' NzbDrone.Core.MediaFiles.EpisodeFileMovingService' NzbDrone.Core.MediaFiles.MediaFileDeletionService' NzbDrone.Core.Datastore.BasicRepository<TModel>' NzbDrone.Core.Datastore.IDbFactory' NzbDrone.Core.Datastore.TableMapping' NzbDrone.Core.Authentication.User' NzbDrone.Core.Authentication.UserRepository' NzbDrone.Core.Authentication.UserService' NzbDrone.Core.Tv.Actor' NzbDrone.Core.Tv.AddSeriesService' NzbDrone.Core.Tv.AddSeriesValidator' NzbDrone.Core.Tv.Episode' NzbDrone.Core.Tv.EpisodeAddedService' NzbDrone.Core.Tv.EpisodeCutoffService' NzbDrone.Core.Tv.EpisodeService' NzbDrone.Core.Tv.MoveSeriesService' NzbDrone.Core.Tv.RefreshSeriesService' NzbDrone.Core.Tv.SeriesPathBuilder,NzbDrone.Core.MediaFiles.IDiskScanService' NzbDrone.Core.MediaFiles.DiskScanService' NzbDrone.Core.MediaFiles.DownloadedEpisodesCommandService' NzbDrone.Core.MediaFiles.IDownloadedEpisodesImportService' NzbDrone.Core.MediaFiles.DownloadedEpisodesImportService' NzbDrone.Core.MediaFiles.EpisodeFile' NzbDrone.Core.MediaFiles.EpisodeFileMovingService' NzbDrone.Core.MediaFiles.MediaFileDeletionService' NzbDrone.Core.Datastore.BasicRepository<TModel>' NzbDrone.Core.Datastore.IDbFactory' NzbDrone.Core.Datastore.TableMapping' NzbDrone.Core.Authentication.User' NzbDrone.Core.Authentication.UserRepository' NzbDrone.Core.Authentication.UserService' NzbDrone.Core.Tv.Actor' NzbDrone.Core.Tv.AddSeriesService' NzbDrone.Core.Tv.AddSeriesValidator' NzbDrone.Core.Tv.Episode' NzbDrone.Core.Tv.EpisodeAddedService' NzbDrone.Core.Tv.EpisodeCutoffService' NzbDrone.Core.Tv.EpisodeService' NzbDrone.Core.Tv.MoveSeriesService' NzbDrone.Core.Tv.RefreshSeriesService' NzbDrone.Core.Tv.SeriesPathBuilder
Cyclic Dependency,Sonarr.Core,NzbDrone.Core.MediaFiles.EpisodeImport.Aggregation,The tool detected the smell in this component because this component participates in a cyclic dependency. The participating components in the cycle are: NzbDrone.Core.MediaFiles.EpisodeImport.Aggregation' NzbDrone.Core.MediaFiles.EpisodeImport' NzbDrone.Core.Configuration,NzbDrone.Core.MediaFiles.EpisodeImport.Aggregation.IAggregationService' NzbDrone.Core.MediaFiles.EpisodeImport.Aggregation.AggregationService' NzbDrone.Core.MediaFiles.EpisodeImport.IDetectSample' NzbDrone.Core.MediaFiles.EpisodeImport.DetectSample' NzbDrone.Core.MediaFiles.EpisodeImport.IImportDecisionEngineSpecification' NzbDrone.Core.MediaFiles.EpisodeImport.ImportApprovedEpisodes' NzbDrone.Core.MediaFiles.EpisodeImport.ImportDecisionMaker' NzbDrone.Core.Configuration.Config' NzbDrone.Core.Configuration.IConfigFileProvider' NzbDrone.Core.Configuration.ConfigFileProvider' NzbDrone.Core.Configuration.ConfigService,NzbDrone.Core.MediaFiles.EpisodeImport.Aggregation.IAggregationService' NzbDrone.Core.MediaFiles.EpisodeImport.Aggregation.AggregationService' NzbDrone.Core.MediaFiles.EpisodeImport.IDetectSample' NzbDrone.Core.MediaFiles.EpisodeImport.DetectSample' NzbDrone.Core.MediaFiles.EpisodeImport.IImportDecisionEngineSpecification' NzbDrone.Core.MediaFiles.EpisodeImport.ImportApprovedEpisodes' NzbDrone.Core.MediaFiles.EpisodeImport.ImportDecisionMaker' NzbDrone.Core.Configuration.Config' NzbDrone.Core.Configuration.IConfigFileProvider' NzbDrone.Core.Configuration.ConfigFileProvider' NzbDrone.Core.Configuration.ConfigService
Cyclic Dependency,Sonarr.Core,NzbDrone.Core.MediaFiles.EpisodeImport.Aggregation,The tool detected the smell in this component because this component participates in a cyclic dependency. The participating components in the cycle are: NzbDrone.Core.MediaFiles.EpisodeImport.Aggregation' NzbDrone.Core.Extras.Metadata' NzbDrone.Core.Datastore' NzbDrone.Core.Configuration,NzbDrone.Core.MediaFiles.EpisodeImport.Aggregation.IAggregationService' NzbDrone.Core.MediaFiles.EpisodeImport.Aggregation.AggregationService' NzbDrone.Core.Extras.Metadata.ExistingMetadataImporter' NzbDrone.Core.Extras.Metadata.IMetadata' NzbDrone.Core.Extras.Metadata.MetadataFactory' NzbDrone.Core.Extras.Metadata.MetadataRepository' NzbDrone.Core.Extras.Metadata.MetadataService' NzbDrone.Core.Datastore.BasicRepository<TModel>' NzbDrone.Core.Datastore.IDbFactory' NzbDrone.Core.Datastore.TableMapping' NzbDrone.Core.Configuration.Config' NzbDrone.Core.Configuration.IConfigFileProvider' NzbDrone.Core.Configuration.ConfigFileProvider' NzbDrone.Core.Configuration.ConfigService,NzbDrone.Core.MediaFiles.EpisodeImport.Aggregation.IAggregationService' NzbDrone.Core.MediaFiles.EpisodeImport.Aggregation.AggregationService' NzbDrone.Core.Extras.Metadata.ExistingMetadataImporter' NzbDrone.Core.Extras.Metadata.IMetadata' NzbDrone.Core.Extras.Metadata.MetadataFactory' NzbDrone.Core.Extras.Metadata.MetadataRepository' NzbDrone.Core.Extras.Metadata.MetadataService' NzbDrone.Core.Datastore.BasicRepository<TModel>' NzbDrone.Core.Datastore.IDbFactory' NzbDrone.Core.Datastore.TableMapping' NzbDrone.Core.Configuration.Config' NzbDrone.Core.Configuration.IConfigFileProvider' NzbDrone.Core.Configuration.ConfigFileProvider' NzbDrone.Core.Configuration.ConfigService
Cyclic Dependency,Sonarr.Core,NzbDrone.Core.MediaFiles.EpisodeImport.Aggregation,The tool detected the smell in this component because this component participates in a cyclic dependency. The participating components in the cycle are: NzbDrone.Core.MediaFiles.EpisodeImport.Aggregation' NzbDrone.Core.Extras.Metadata' NzbDrone.Core.Datastore' NzbDrone.Core.Languages' NzbDrone.Core.Parser.Model,NzbDrone.Core.MediaFiles.EpisodeImport.Aggregation.IAggregationService' NzbDrone.Core.MediaFiles.EpisodeImport.Aggregation.AggregationService' NzbDrone.Core.Extras.Metadata.ExistingMetadataImporter' NzbDrone.Core.Extras.Metadata.IMetadata' NzbDrone.Core.Extras.Metadata.MetadataFactory' NzbDrone.Core.Extras.Metadata.MetadataRepository' NzbDrone.Core.Extras.Metadata.MetadataService' NzbDrone.Core.Datastore.BasicRepository<TModel>' NzbDrone.Core.Datastore.IDbFactory' NzbDrone.Core.Datastore.TableMapping' NzbDrone.Core.Languages.Language' NzbDrone.Core.Languages.LanguageComparer' NzbDrone.Core.Parser.Model.LocalEpisode' NzbDrone.Core.Parser.Model.ReleaseInfo' NzbDrone.Core.Parser.Model.RemoteEpisode,NzbDrone.Core.MediaFiles.EpisodeImport.Aggregation.IAggregationService' NzbDrone.Core.MediaFiles.EpisodeImport.Aggregation.AggregationService' NzbDrone.Core.Extras.Metadata.ExistingMetadataImporter' NzbDrone.Core.Extras.Metadata.IMetadata' NzbDrone.Core.Extras.Metadata.MetadataFactory' NzbDrone.Core.Extras.Metadata.MetadataRepository' NzbDrone.Core.Extras.Metadata.MetadataService' NzbDrone.Core.Datastore.BasicRepository<TModel>' NzbDrone.Core.Datastore.IDbFactory' NzbDrone.Core.Datastore.TableMapping' NzbDrone.Core.Languages.Language' NzbDrone.Core.Languages.LanguageComparer' NzbDrone.Core.Parser.Model.LocalEpisode' NzbDrone.Core.Parser.Model.ReleaseInfo' NzbDrone.Core.Parser.Model.RemoteEpisode
Cyclic Dependency,Sonarr.Core,NzbDrone.Core.MediaFiles.EpisodeImport.Aggregation.Aggregators,The tool detected the smell in this component because this component participates in a cyclic dependency. The participating components in the cycle are: NzbDrone.Core.MediaFiles.EpisodeImport.Aggregation.Aggregators' NzbDrone.Core.MediaFiles.EpisodeImport.Aggregation' NzbDrone.Core.MediaFiles.EpisodeImport' NzbDrone.Core.MediaFiles,NzbDrone.Core.MediaFiles.EpisodeImport.Aggregation.Aggregators.AggregateEpisodes' NzbDrone.Core.MediaFiles.EpisodeImport.Aggregation.Aggregators.AggregateLanguage' NzbDrone.Core.MediaFiles.EpisodeImport.Aggregation.Aggregators.AggregateQuality' NzbDrone.Core.MediaFiles.EpisodeImport.Aggregation.IAggregationService' NzbDrone.Core.MediaFiles.EpisodeImport.Aggregation.AggregationService' NzbDrone.Core.MediaFiles.EpisodeImport.IDetectSample' NzbDrone.Core.MediaFiles.EpisodeImport.DetectSample' NzbDrone.Core.MediaFiles.EpisodeImport.IImportDecisionEngineSpecification' NzbDrone.Core.MediaFiles.EpisodeImport.ImportApprovedEpisodes' NzbDrone.Core.MediaFiles.EpisodeImport.ImportDecisionMaker' NzbDrone.Core.MediaFiles.IDiskScanService' NzbDrone.Core.MediaFiles.DiskScanService' NzbDrone.Core.MediaFiles.DownloadedEpisodesCommandService' NzbDrone.Core.MediaFiles.IDownloadedEpisodesImportService' NzbDrone.Core.MediaFiles.DownloadedEpisodesImportService' NzbDrone.Core.MediaFiles.EpisodeFile' NzbDrone.Core.MediaFiles.EpisodeFileMovingService' NzbDrone.Core.MediaFiles.MediaFileDeletionService,NzbDrone.Core.MediaFiles.EpisodeImport.Aggregation.Aggregators.AggregateEpisodes' NzbDrone.Core.MediaFiles.EpisodeImport.Aggregation.Aggregators.AggregateLanguage' NzbDrone.Core.MediaFiles.EpisodeImport.Aggregation.Aggregators.AggregateQuality' NzbDrone.Core.MediaFiles.EpisodeImport.Aggregation.IAggregationService' NzbDrone.Core.MediaFiles.EpisodeImport.Aggregation.AggregationService' NzbDrone.Core.MediaFiles.EpisodeImport.IDetectSample' NzbDrone.Core.MediaFiles.EpisodeImport.DetectSample' NzbDrone.Core.MediaFiles.EpisodeImport.IImportDecisionEngineSpecification' NzbDrone.Core.MediaFiles.EpisodeImport.ImportApprovedEpisodes' NzbDrone.Core.MediaFiles.EpisodeImport.ImportDecisionMaker' NzbDrone.Core.MediaFiles.IDiskScanService' NzbDrone.Core.MediaFiles.DiskScanService' NzbDrone.Core.MediaFiles.DownloadedEpisodesCommandService' NzbDrone.Core.MediaFiles.IDownloadedEpisodesImportService' NzbDrone.Core.MediaFiles.DownloadedEpisodesImportService' NzbDrone.Core.MediaFiles.EpisodeFile' NzbDrone.Core.MediaFiles.EpisodeFileMovingService' NzbDrone.Core.MediaFiles.MediaFileDeletionService
Cyclic Dependency,Sonarr.Core,NzbDrone.Core.MediaFiles.EpisodeImport.Aggregation.Aggregators,The tool detected the smell in this component because this component participates in a cyclic dependency. The participating components in the cycle are: NzbDrone.Core.MediaFiles.EpisodeImport.Aggregation.Aggregators' NzbDrone.Core.MediaFiles.EpisodeImport.Aggregation' NzbDrone.Core.MediaFiles.EpisodeImport' NzbDrone.Core.Configuration' NzbDrone.Core.MediaFiles,NzbDrone.Core.MediaFiles.EpisodeImport.Aggregation.Aggregators.AggregateEpisodes' NzbDrone.Core.MediaFiles.EpisodeImport.Aggregation.Aggregators.AggregateLanguage' NzbDrone.Core.MediaFiles.EpisodeImport.Aggregation.Aggregators.AggregateQuality' NzbDrone.Core.MediaFiles.EpisodeImport.Aggregation.IAggregationService' NzbDrone.Core.MediaFiles.EpisodeImport.Aggregation.AggregationService' NzbDrone.Core.MediaFiles.EpisodeImport.IDetectSample' NzbDrone.Core.MediaFiles.EpisodeImport.DetectSample' NzbDrone.Core.MediaFiles.EpisodeImport.IImportDecisionEngineSpecification' NzbDrone.Core.MediaFiles.EpisodeImport.ImportApprovedEpisodes' NzbDrone.Core.MediaFiles.EpisodeImport.ImportDecisionMaker' NzbDrone.Core.Configuration.Config' NzbDrone.Core.Configuration.IConfigFileProvider' NzbDrone.Core.Configuration.ConfigFileProvider' NzbDrone.Core.Configuration.ConfigService' NzbDrone.Core.MediaFiles.IDiskScanService' NzbDrone.Core.MediaFiles.DiskScanService' NzbDrone.Core.MediaFiles.DownloadedEpisodesCommandService' NzbDrone.Core.MediaFiles.IDownloadedEpisodesImportService' NzbDrone.Core.MediaFiles.DownloadedEpisodesImportService' NzbDrone.Core.MediaFiles.EpisodeFile' NzbDrone.Core.MediaFiles.EpisodeFileMovingService' NzbDrone.Core.MediaFiles.MediaFileDeletionService,NzbDrone.Core.MediaFiles.EpisodeImport.Aggregation.Aggregators.AggregateEpisodes' NzbDrone.Core.MediaFiles.EpisodeImport.Aggregation.Aggregators.AggregateLanguage' NzbDrone.Core.MediaFiles.EpisodeImport.Aggregation.Aggregators.AggregateQuality' NzbDrone.Core.MediaFiles.EpisodeImport.Aggregation.IAggregationService' NzbDrone.Core.MediaFiles.EpisodeImport.Aggregation.AggregationService' NzbDrone.Core.MediaFiles.EpisodeImport.IDetectSample' NzbDrone.Core.MediaFiles.EpisodeImport.DetectSample' NzbDrone.Core.MediaFiles.EpisodeImport.IImportDecisionEngineSpecification' NzbDrone.Core.MediaFiles.EpisodeImport.ImportApprovedEpisodes' NzbDrone.Core.MediaFiles.EpisodeImport.ImportDecisionMaker' NzbDrone.Core.Configuration.Config' NzbDrone.Core.Configuration.IConfigFileProvider' NzbDrone.Core.Configuration.ConfigFileProvider' NzbDrone.Core.Configuration.ConfigService' NzbDrone.Core.MediaFiles.IDiskScanService' NzbDrone.Core.MediaFiles.DiskScanService' NzbDrone.Core.MediaFiles.DownloadedEpisodesCommandService' NzbDrone.Core.MediaFiles.IDownloadedEpisodesImportService' NzbDrone.Core.MediaFiles.DownloadedEpisodesImportService' NzbDrone.Core.MediaFiles.EpisodeFile' NzbDrone.Core.MediaFiles.EpisodeFileMovingService' NzbDrone.Core.MediaFiles.MediaFileDeletionService
Cyclic Dependency,Sonarr.Core,NzbDrone.Core.MediaFiles.EpisodeImport,The tool detected the smell in this component because this component participates in a cyclic dependency. The participating components in the cycle are: NzbDrone.Core.MediaFiles.EpisodeImport' NzbDrone.Core.Download,NzbDrone.Core.MediaFiles.EpisodeImport.IDetectSample' NzbDrone.Core.MediaFiles.EpisodeImport.DetectSample' NzbDrone.Core.MediaFiles.EpisodeImport.IImportDecisionEngineSpecification' NzbDrone.Core.MediaFiles.EpisodeImport.ImportApprovedEpisodes' NzbDrone.Core.MediaFiles.EpisodeImport.ImportDecisionMaker' NzbDrone.Core.Download.CheckForFinishedDownloadCommand' NzbDrone.Core.Download.ICompletedDownloadService' NzbDrone.Core.Download.CompletedDownloadService' NzbDrone.Core.Download.DownloadClientBase<TSettings>' NzbDrone.Core.Download.DownloadClientRepository' NzbDrone.Core.Download.DownloadClientStatus' NzbDrone.Core.Download.DownloadFailedEvent' NzbDrone.Core.Download.DownloadService' NzbDrone.Core.Download.IProcessDownloadDecisions' NzbDrone.Core.Download.ProcessDownloadDecisions' NzbDrone.Core.Download.RedownloadFailedDownloadService' NzbDrone.Core.Download.TorrentClientBase<TSettings>,NzbDrone.Core.MediaFiles.EpisodeImport.IDetectSample' NzbDrone.Core.MediaFiles.EpisodeImport.DetectSample' NzbDrone.Core.MediaFiles.EpisodeImport.IImportDecisionEngineSpecification' NzbDrone.Core.MediaFiles.EpisodeImport.ImportApprovedEpisodes' NzbDrone.Core.MediaFiles.EpisodeImport.ImportDecisionMaker' NzbDrone.Core.Download.CheckForFinishedDownloadCommand' NzbDrone.Core.Download.ICompletedDownloadService' NzbDrone.Core.Download.CompletedDownloadService' NzbDrone.Core.Download.DownloadClientBase<TSettings>' NzbDrone.Core.Download.DownloadClientRepository' NzbDrone.Core.Download.DownloadClientStatus' NzbDrone.Core.Download.DownloadFailedEvent' NzbDrone.Core.Download.DownloadService' NzbDrone.Core.Download.IProcessDownloadDecisions' NzbDrone.Core.Download.ProcessDownloadDecisions' NzbDrone.Core.Download.RedownloadFailedDownloadService' NzbDrone.Core.Download.TorrentClientBase<TSettings>
Cyclic Dependency,Sonarr.Core,NzbDrone.Core.MediaFiles.EpisodeImport,The tool detected the smell in this component because this component participates in a cyclic dependency. The participating components in the cycle are: NzbDrone.Core.MediaFiles.EpisodeImport' NzbDrone.Core.MediaFiles' NzbDrone.Core.Tv,NzbDrone.Core.MediaFiles.EpisodeImport.IDetectSample' NzbDrone.Core.MediaFiles.EpisodeImport.DetectSample' NzbDrone.Core.MediaFiles.EpisodeImport.IImportDecisionEngineSpecification' NzbDrone.Core.MediaFiles.EpisodeImport.ImportApprovedEpisodes' NzbDrone.Core.MediaFiles.EpisodeImport.ImportDecisionMaker' NzbDrone.Core.MediaFiles.IDiskScanService' NzbDrone.Core.MediaFiles.DiskScanService' NzbDrone.Core.MediaFiles.DownloadedEpisodesCommandService' NzbDrone.Core.MediaFiles.IDownloadedEpisodesImportService' NzbDrone.Core.MediaFiles.DownloadedEpisodesImportService' NzbDrone.Core.MediaFiles.EpisodeFile' NzbDrone.Core.MediaFiles.EpisodeFileMovingService' NzbDrone.Core.MediaFiles.MediaFileDeletionService' NzbDrone.Core.Tv.Actor' NzbDrone.Core.Tv.AddSeriesService' NzbDrone.Core.Tv.AddSeriesValidator' NzbDrone.Core.Tv.Episode' NzbDrone.Core.Tv.EpisodeAddedService' NzbDrone.Core.Tv.EpisodeCutoffService' NzbDrone.Core.Tv.EpisodeService' NzbDrone.Core.Tv.MoveSeriesService' NzbDrone.Core.Tv.RefreshSeriesService' NzbDrone.Core.Tv.SeriesPathBuilder,NzbDrone.Core.MediaFiles.EpisodeImport.IDetectSample' NzbDrone.Core.MediaFiles.EpisodeImport.DetectSample' NzbDrone.Core.MediaFiles.EpisodeImport.IImportDecisionEngineSpecification' NzbDrone.Core.MediaFiles.EpisodeImport.ImportApprovedEpisodes' NzbDrone.Core.MediaFiles.EpisodeImport.ImportDecisionMaker' NzbDrone.Core.MediaFiles.IDiskScanService' NzbDrone.Core.MediaFiles.DiskScanService' NzbDrone.Core.MediaFiles.DownloadedEpisodesCommandService' NzbDrone.Core.MediaFiles.IDownloadedEpisodesImportService' NzbDrone.Core.MediaFiles.DownloadedEpisodesImportService' NzbDrone.Core.MediaFiles.EpisodeFile' NzbDrone.Core.MediaFiles.EpisodeFileMovingService' NzbDrone.Core.MediaFiles.MediaFileDeletionService' NzbDrone.Core.Tv.Actor' NzbDrone.Core.Tv.AddSeriesService' NzbDrone.Core.Tv.AddSeriesValidator' NzbDrone.Core.Tv.Episode' NzbDrone.Core.Tv.EpisodeAddedService' NzbDrone.Core.Tv.EpisodeCutoffService' NzbDrone.Core.Tv.EpisodeService' NzbDrone.Core.Tv.MoveSeriesService' NzbDrone.Core.Tv.RefreshSeriesService' NzbDrone.Core.Tv.SeriesPathBuilder
Cyclic Dependency,Sonarr.Core,NzbDrone.Core.MediaFiles.EpisodeImport,The tool detected the smell in this component because this component participates in a cyclic dependency. The participating components in the cycle are: NzbDrone.Core.MediaFiles.EpisodeImport' NzbDrone.Core.Configuration' NzbDrone.Core.Datastore' NzbDrone.Core.Tv,NzbDrone.Core.MediaFiles.EpisodeImport.IDetectSample' NzbDrone.Core.MediaFiles.EpisodeImport.DetectSample' NzbDrone.Core.MediaFiles.EpisodeImport.IImportDecisionEngineSpecification' NzbDrone.Core.MediaFiles.EpisodeImport.ImportApprovedEpisodes' NzbDrone.Core.MediaFiles.EpisodeImport.ImportDecisionMaker' NzbDrone.Core.Configuration.Config' NzbDrone.Core.Configuration.IConfigFileProvider' NzbDrone.Core.Configuration.ConfigFileProvider' NzbDrone.Core.Configuration.ConfigService' NzbDrone.Core.Datastore.BasicRepository<TModel>' NzbDrone.Core.Datastore.IDbFactory' NzbDrone.Core.Datastore.TableMapping' NzbDrone.Core.Tv.Actor' NzbDrone.Core.Tv.AddSeriesService' NzbDrone.Core.Tv.AddSeriesValidator' NzbDrone.Core.Tv.Episode' NzbDrone.Core.Tv.EpisodeAddedService' NzbDrone.Core.Tv.EpisodeCutoffService' NzbDrone.Core.Tv.EpisodeService' NzbDrone.Core.Tv.MoveSeriesService' NzbDrone.Core.Tv.RefreshSeriesService' NzbDrone.Core.Tv.SeriesPathBuilder,NzbDrone.Core.MediaFiles.EpisodeImport.IDetectSample' NzbDrone.Core.MediaFiles.EpisodeImport.DetectSample' NzbDrone.Core.MediaFiles.EpisodeImport.IImportDecisionEngineSpecification' NzbDrone.Core.MediaFiles.EpisodeImport.ImportApprovedEpisodes' NzbDrone.Core.MediaFiles.EpisodeImport.ImportDecisionMaker' NzbDrone.Core.Configuration.Config' NzbDrone.Core.Configuration.IConfigFileProvider' NzbDrone.Core.Configuration.ConfigFileProvider' NzbDrone.Core.Configuration.ConfigService' NzbDrone.Core.Datastore.BasicRepository<TModel>' NzbDrone.Core.Datastore.IDbFactory' NzbDrone.Core.Datastore.TableMapping' NzbDrone.Core.Tv.Actor' NzbDrone.Core.Tv.AddSeriesService' NzbDrone.Core.Tv.AddSeriesValidator' NzbDrone.Core.Tv.Episode' NzbDrone.Core.Tv.EpisodeAddedService' NzbDrone.Core.Tv.EpisodeCutoffService' NzbDrone.Core.Tv.EpisodeService' NzbDrone.Core.Tv.MoveSeriesService' NzbDrone.Core.Tv.RefreshSeriesService' NzbDrone.Core.Tv.SeriesPathBuilder
Cyclic Dependency,Sonarr.Core,NzbDrone.Core.MediaFiles.EpisodeImport,The tool detected the smell in this component because this component participates in a cyclic dependency. The participating components in the cycle are: NzbDrone.Core.MediaFiles.EpisodeImport' NzbDrone.Core.Download' NzbDrone.Core.Blacklisting' NzbDrone.Core.Datastore' NzbDrone.Core.Tv,NzbDrone.Core.MediaFiles.EpisodeImport.IDetectSample' NzbDrone.Core.MediaFiles.EpisodeImport.DetectSample' NzbDrone.Core.MediaFiles.EpisodeImport.IImportDecisionEngineSpecification' NzbDrone.Core.MediaFiles.EpisodeImport.ImportApprovedEpisodes' NzbDrone.Core.MediaFiles.EpisodeImport.ImportDecisionMaker' NzbDrone.Core.Download.CheckForFinishedDownloadCommand' NzbDrone.Core.Download.ICompletedDownloadService' NzbDrone.Core.Download.CompletedDownloadService' NzbDrone.Core.Download.DownloadClientBase<TSettings>' NzbDrone.Core.Download.DownloadClientRepository' NzbDrone.Core.Download.DownloadClientStatus' NzbDrone.Core.Download.DownloadFailedEvent' NzbDrone.Core.Download.DownloadService' NzbDrone.Core.Download.IProcessDownloadDecisions' NzbDrone.Core.Download.ProcessDownloadDecisions' NzbDrone.Core.Download.RedownloadFailedDownloadService' NzbDrone.Core.Download.TorrentClientBase<TSettings>' NzbDrone.Core.Blacklisting.Blacklist' NzbDrone.Core.Blacklisting.BlacklistRepository' NzbDrone.Core.Blacklisting.IBlacklistService' NzbDrone.Core.Blacklisting.BlacklistService' NzbDrone.Core.Datastore.BasicRepository<TModel>' NzbDrone.Core.Datastore.IDbFactory' NzbDrone.Core.Datastore.TableMapping' NzbDrone.Core.Tv.Actor' NzbDrone.Core.Tv.AddSeriesService' NzbDrone.Core.Tv.AddSeriesValidator' NzbDrone.Core.Tv.Episode' NzbDrone.Core.Tv.EpisodeAddedService' NzbDrone.Core.Tv.EpisodeCutoffService' NzbDrone.Core.Tv.EpisodeService' NzbDrone.Core.Tv.MoveSeriesService' NzbDrone.Core.Tv.RefreshSeriesService' NzbDrone.Core.Tv.SeriesPathBuilder,NzbDrone.Core.MediaFiles.EpisodeImport.IDetectSample' NzbDrone.Core.MediaFiles.EpisodeImport.DetectSample' NzbDrone.Core.MediaFiles.EpisodeImport.IImportDecisionEngineSpecification' NzbDrone.Core.MediaFiles.EpisodeImport.ImportApprovedEpisodes' NzbDrone.Core.MediaFiles.EpisodeImport.ImportDecisionMaker' NzbDrone.Core.Download.CheckForFinishedDownloadCommand' NzbDrone.Core.Download.ICompletedDownloadService' NzbDrone.Core.Download.CompletedDownloadService' NzbDrone.Core.Download.DownloadClientBase<TSettings>' NzbDrone.Core.Download.DownloadClientRepository' NzbDrone.Core.Download.DownloadClientStatus' NzbDrone.Core.Download.DownloadFailedEvent' NzbDrone.Core.Download.DownloadService' NzbDrone.Core.Download.IProcessDownloadDecisions' NzbDrone.Core.Download.ProcessDownloadDecisions' NzbDrone.Core.Download.RedownloadFailedDownloadService' NzbDrone.Core.Download.TorrentClientBase<TSettings>' NzbDrone.Core.Blacklisting.Blacklist' NzbDrone.Core.Blacklisting.BlacklistRepository' NzbDrone.Core.Blacklisting.IBlacklistService' NzbDrone.Core.Blacklisting.BlacklistService' NzbDrone.Core.Datastore.BasicRepository<TModel>' NzbDrone.Core.Datastore.IDbFactory' NzbDrone.Core.Datastore.TableMapping' NzbDrone.Core.Tv.Actor' NzbDrone.Core.Tv.AddSeriesService' NzbDrone.Core.Tv.AddSeriesValidator' NzbDrone.Core.Tv.Episode' NzbDrone.Core.Tv.EpisodeAddedService' NzbDrone.Core.Tv.EpisodeCutoffService' NzbDrone.Core.Tv.EpisodeService' NzbDrone.Core.Tv.MoveSeriesService' NzbDrone.Core.Tv.RefreshSeriesService' NzbDrone.Core.Tv.SeriesPathBuilder
Cyclic Dependency,Sonarr.Core,NzbDrone.Core.MediaFiles.Events,The tool detected the smell in this component because this component participates in a cyclic dependency. The participating components in the cycle are: NzbDrone.Core.MediaFiles.Events' NzbDrone.Core.MediaFiles,NzbDrone.Core.MediaFiles.Events.EpisodeFileAddedEvent' NzbDrone.Core.MediaFiles.Events.EpisodeFileRenamedEvent' NzbDrone.Core.MediaFiles.Events.EpisodeImportedEvent' NzbDrone.Core.MediaFiles.IDiskScanService' NzbDrone.Core.MediaFiles.DiskScanService' NzbDrone.Core.MediaFiles.DownloadedEpisodesCommandService' NzbDrone.Core.MediaFiles.IDownloadedEpisodesImportService' NzbDrone.Core.MediaFiles.DownloadedEpisodesImportService' NzbDrone.Core.MediaFiles.EpisodeFile' NzbDrone.Core.MediaFiles.EpisodeFileMovingService' NzbDrone.Core.MediaFiles.MediaFileDeletionService,NzbDrone.Core.MediaFiles.Events.EpisodeFileAddedEvent' NzbDrone.Core.MediaFiles.Events.EpisodeFileRenamedEvent' NzbDrone.Core.MediaFiles.Events.EpisodeImportedEvent' NzbDrone.Core.MediaFiles.IDiskScanService' NzbDrone.Core.MediaFiles.DiskScanService' NzbDrone.Core.MediaFiles.DownloadedEpisodesCommandService' NzbDrone.Core.MediaFiles.IDownloadedEpisodesImportService' NzbDrone.Core.MediaFiles.DownloadedEpisodesImportService' NzbDrone.Core.MediaFiles.EpisodeFile' NzbDrone.Core.MediaFiles.EpisodeFileMovingService' NzbDrone.Core.MediaFiles.MediaFileDeletionService
Cyclic Dependency,Sonarr.Core,NzbDrone.Core.MediaFiles.Events,The tool detected the smell in this component because this component participates in a cyclic dependency. The participating components in the cycle are: NzbDrone.Core.MediaFiles.Events' NzbDrone.Core.Tv' NzbDrone.Core.MediaFiles,NzbDrone.Core.MediaFiles.Events.EpisodeFileAddedEvent' NzbDrone.Core.MediaFiles.Events.EpisodeFileRenamedEvent' NzbDrone.Core.MediaFiles.Events.EpisodeImportedEvent' NzbDrone.Core.Tv.Actor' NzbDrone.Core.Tv.AddSeriesService' NzbDrone.Core.Tv.AddSeriesValidator' NzbDrone.Core.Tv.Episode' NzbDrone.Core.Tv.EpisodeAddedService' NzbDrone.Core.Tv.EpisodeCutoffService' NzbDrone.Core.Tv.EpisodeService' NzbDrone.Core.Tv.MoveSeriesService' NzbDrone.Core.Tv.RefreshSeriesService' NzbDrone.Core.Tv.SeriesPathBuilder' NzbDrone.Core.MediaFiles.IDiskScanService' NzbDrone.Core.MediaFiles.DiskScanService' NzbDrone.Core.MediaFiles.DownloadedEpisodesCommandService' NzbDrone.Core.MediaFiles.IDownloadedEpisodesImportService' NzbDrone.Core.MediaFiles.DownloadedEpisodesImportService' NzbDrone.Core.MediaFiles.EpisodeFile' NzbDrone.Core.MediaFiles.EpisodeFileMovingService' NzbDrone.Core.MediaFiles.MediaFileDeletionService,NzbDrone.Core.MediaFiles.Events.EpisodeFileAddedEvent' NzbDrone.Core.MediaFiles.Events.EpisodeFileRenamedEvent' NzbDrone.Core.MediaFiles.Events.EpisodeImportedEvent' NzbDrone.Core.Tv.Actor' NzbDrone.Core.Tv.AddSeriesService' NzbDrone.Core.Tv.AddSeriesValidator' NzbDrone.Core.Tv.Episode' NzbDrone.Core.Tv.EpisodeAddedService' NzbDrone.Core.Tv.EpisodeCutoffService' NzbDrone.Core.Tv.EpisodeService' NzbDrone.Core.Tv.MoveSeriesService' NzbDrone.Core.Tv.RefreshSeriesService' NzbDrone.Core.Tv.SeriesPathBuilder' NzbDrone.Core.MediaFiles.IDiskScanService' NzbDrone.Core.MediaFiles.DiskScanService' NzbDrone.Core.MediaFiles.DownloadedEpisodesCommandService' NzbDrone.Core.MediaFiles.IDownloadedEpisodesImportService' NzbDrone.Core.MediaFiles.DownloadedEpisodesImportService' NzbDrone.Core.MediaFiles.EpisodeFile' NzbDrone.Core.MediaFiles.EpisodeFileMovingService' NzbDrone.Core.MediaFiles.MediaFileDeletionService
Cyclic Dependency,Sonarr.Core,NzbDrone.Core.MediaFiles.Events,The tool detected the smell in this component because this component participates in a cyclic dependency. The participating components in the cycle are: NzbDrone.Core.MediaFiles.Events' NzbDrone.Core.MediaFiles' NzbDrone.Core.Tv' NzbDrone.Core.MediaFiles,NzbDrone.Core.MediaFiles.Events.EpisodeFileAddedEvent' NzbDrone.Core.MediaFiles.Events.EpisodeFileRenamedEvent' NzbDrone.Core.MediaFiles.Events.EpisodeImportedEvent' NzbDrone.Core.MediaFiles.IDiskScanService' NzbDrone.Core.MediaFiles.DiskScanService' NzbDrone.Core.MediaFiles.DownloadedEpisodesCommandService' NzbDrone.Core.MediaFiles.IDownloadedEpisodesImportService' NzbDrone.Core.MediaFiles.DownloadedEpisodesImportService' NzbDrone.Core.MediaFiles.EpisodeFile' NzbDrone.Core.MediaFiles.EpisodeFileMovingService' NzbDrone.Core.MediaFiles.MediaFileDeletionService' NzbDrone.Core.Tv.Actor' NzbDrone.Core.Tv.AddSeriesService' NzbDrone.Core.Tv.AddSeriesValidator' NzbDrone.Core.Tv.Episode' NzbDrone.Core.Tv.EpisodeAddedService' NzbDrone.Core.Tv.EpisodeCutoffService' NzbDrone.Core.Tv.EpisodeService' NzbDrone.Core.Tv.MoveSeriesService' NzbDrone.Core.Tv.RefreshSeriesService' NzbDrone.Core.Tv.SeriesPathBuilder,NzbDrone.Core.MediaFiles.Events.EpisodeFileAddedEvent' NzbDrone.Core.MediaFiles.Events.EpisodeFileRenamedEvent' NzbDrone.Core.MediaFiles.Events.EpisodeImportedEvent' NzbDrone.Core.MediaFiles.IDiskScanService' NzbDrone.Core.MediaFiles.DiskScanService' NzbDrone.Core.MediaFiles.DownloadedEpisodesCommandService' NzbDrone.Core.MediaFiles.IDownloadedEpisodesImportService' NzbDrone.Core.MediaFiles.DownloadedEpisodesImportService' NzbDrone.Core.MediaFiles.EpisodeFile' NzbDrone.Core.MediaFiles.EpisodeFileMovingService' NzbDrone.Core.MediaFiles.MediaFileDeletionService' NzbDrone.Core.Tv.Actor' NzbDrone.Core.Tv.AddSeriesService' NzbDrone.Core.Tv.AddSeriesValidator' NzbDrone.Core.Tv.Episode' NzbDrone.Core.Tv.EpisodeAddedService' NzbDrone.Core.Tv.EpisodeCutoffService' NzbDrone.Core.Tv.EpisodeService' NzbDrone.Core.Tv.MoveSeriesService' NzbDrone.Core.Tv.RefreshSeriesService' NzbDrone.Core.Tv.SeriesPathBuilder
Cyclic Dependency,Sonarr.Core,NzbDrone.Core.MediaFiles.Events,The tool detected the smell in this component because this component participates in a cyclic dependency. The participating components in the cycle are: NzbDrone.Core.MediaFiles.Events' NzbDrone.Core.History' NzbDrone.Core.Datastore' NzbDrone.Core.Tv' NzbDrone.Core.MediaFiles,NzbDrone.Core.MediaFiles.Events.EpisodeFileAddedEvent' NzbDrone.Core.MediaFiles.Events.EpisodeFileRenamedEvent' NzbDrone.Core.MediaFiles.Events.EpisodeImportedEvent' NzbDrone.Core.History.History' NzbDrone.Core.History.HistoryRepository' NzbDrone.Core.History.HistoryService' NzbDrone.Core.Datastore.BasicRepository<TModel>' NzbDrone.Core.Datastore.IDbFactory' NzbDrone.Core.Datastore.TableMapping' NzbDrone.Core.Tv.Actor' NzbDrone.Core.Tv.AddSeriesService' NzbDrone.Core.Tv.AddSeriesValidator' NzbDrone.Core.Tv.Episode' NzbDrone.Core.Tv.EpisodeAddedService' NzbDrone.Core.Tv.EpisodeCutoffService' NzbDrone.Core.Tv.EpisodeService' NzbDrone.Core.Tv.MoveSeriesService' NzbDrone.Core.Tv.RefreshSeriesService' NzbDrone.Core.Tv.SeriesPathBuilder' NzbDrone.Core.MediaFiles.IDiskScanService' NzbDrone.Core.MediaFiles.DiskScanService' NzbDrone.Core.MediaFiles.DownloadedEpisodesCommandService' NzbDrone.Core.MediaFiles.IDownloadedEpisodesImportService' NzbDrone.Core.MediaFiles.DownloadedEpisodesImportService' NzbDrone.Core.MediaFiles.EpisodeFile' NzbDrone.Core.MediaFiles.EpisodeFileMovingService' NzbDrone.Core.MediaFiles.MediaFileDeletionService,NzbDrone.Core.MediaFiles.Events.EpisodeFileAddedEvent' NzbDrone.Core.MediaFiles.Events.EpisodeFileRenamedEvent' NzbDrone.Core.MediaFiles.Events.EpisodeImportedEvent' NzbDrone.Core.History.History' NzbDrone.Core.History.HistoryRepository' NzbDrone.Core.History.HistoryService' NzbDrone.Core.Datastore.BasicRepository<TModel>' NzbDrone.Core.Datastore.IDbFactory' NzbDrone.Core.Datastore.TableMapping' NzbDrone.Core.Tv.Actor' NzbDrone.Core.Tv.AddSeriesService' NzbDrone.Core.Tv.AddSeriesValidator' NzbDrone.Core.Tv.Episode' NzbDrone.Core.Tv.EpisodeAddedService' NzbDrone.Core.Tv.EpisodeCutoffService' NzbDrone.Core.Tv.EpisodeService' NzbDrone.Core.Tv.MoveSeriesService' NzbDrone.Core.Tv.RefreshSeriesService' NzbDrone.Core.Tv.SeriesPathBuilder' NzbDrone.Core.MediaFiles.IDiskScanService' NzbDrone.Core.MediaFiles.DiskScanService' NzbDrone.Core.MediaFiles.DownloadedEpisodesCommandService' NzbDrone.Core.MediaFiles.IDownloadedEpisodesImportService' NzbDrone.Core.MediaFiles.DownloadedEpisodesImportService' NzbDrone.Core.MediaFiles.EpisodeFile' NzbDrone.Core.MediaFiles.EpisodeFileMovingService' NzbDrone.Core.MediaFiles.MediaFileDeletionService
Cyclic Dependency,Sonarr.Core,NzbDrone.Core.MediaFiles.MediaInfo,The tool detected the smell in this component because this component participates in a cyclic dependency. The participating components in the cycle are: NzbDrone.Core.MediaFiles.MediaInfo' NzbDrone.Core.MediaFiles,NzbDrone.Core.MediaFiles.MediaInfo.MediaInfoFormatter' NzbDrone.Core.MediaFiles.MediaInfo.MediaInfoModel' NzbDrone.Core.MediaFiles.MediaInfo.IUpdateMediaInfo' NzbDrone.Core.MediaFiles.MediaInfo.UpdateMediaInfoService' NzbDrone.Core.MediaFiles.IDiskScanService' NzbDrone.Core.MediaFiles.DiskScanService' NzbDrone.Core.MediaFiles.DownloadedEpisodesCommandService' NzbDrone.Core.MediaFiles.IDownloadedEpisodesImportService' NzbDrone.Core.MediaFiles.DownloadedEpisodesImportService' NzbDrone.Core.MediaFiles.EpisodeFile' NzbDrone.Core.MediaFiles.EpisodeFileMovingService' NzbDrone.Core.MediaFiles.MediaFileDeletionService,NzbDrone.Core.MediaFiles.MediaInfo.MediaInfoFormatter' NzbDrone.Core.MediaFiles.MediaInfo.MediaInfoModel' NzbDrone.Core.MediaFiles.MediaInfo.IUpdateMediaInfo' NzbDrone.Core.MediaFiles.MediaInfo.UpdateMediaInfoService' NzbDrone.Core.MediaFiles.IDiskScanService' NzbDrone.Core.MediaFiles.DiskScanService' NzbDrone.Core.MediaFiles.DownloadedEpisodesCommandService' NzbDrone.Core.MediaFiles.IDownloadedEpisodesImportService' NzbDrone.Core.MediaFiles.DownloadedEpisodesImportService' NzbDrone.Core.MediaFiles.EpisodeFile' NzbDrone.Core.MediaFiles.EpisodeFileMovingService' NzbDrone.Core.MediaFiles.MediaFileDeletionService
Cyclic Dependency,Sonarr.Core,NzbDrone.Core.MediaFiles.MediaInfo,The tool detected the smell in this component because this component participates in a cyclic dependency. The participating components in the cycle are: NzbDrone.Core.MediaFiles.MediaInfo' NzbDrone.Core.MediaFiles' NzbDrone.Core.Parser,NzbDrone.Core.MediaFiles.MediaInfo.MediaInfoFormatter' NzbDrone.Core.MediaFiles.MediaInfo.MediaInfoModel' NzbDrone.Core.MediaFiles.MediaInfo.IUpdateMediaInfo' NzbDrone.Core.MediaFiles.MediaInfo.UpdateMediaInfoService' NzbDrone.Core.MediaFiles.IDiskScanService' NzbDrone.Core.MediaFiles.DiskScanService' NzbDrone.Core.MediaFiles.DownloadedEpisodesCommandService' NzbDrone.Core.MediaFiles.IDownloadedEpisodesImportService' NzbDrone.Core.MediaFiles.DownloadedEpisodesImportService' NzbDrone.Core.MediaFiles.EpisodeFile' NzbDrone.Core.MediaFiles.EpisodeFileMovingService' NzbDrone.Core.MediaFiles.MediaFileDeletionService' NzbDrone.Core.Parser.IsoLanguage' NzbDrone.Core.Parser.Parser' NzbDrone.Core.Parser.IParsingService' NzbDrone.Core.Parser.ParsingService,NzbDrone.Core.MediaFiles.MediaInfo.MediaInfoFormatter' NzbDrone.Core.MediaFiles.MediaInfo.MediaInfoModel' NzbDrone.Core.MediaFiles.MediaInfo.IUpdateMediaInfo' NzbDrone.Core.MediaFiles.MediaInfo.UpdateMediaInfoService' NzbDrone.Core.MediaFiles.IDiskScanService' NzbDrone.Core.MediaFiles.DiskScanService' NzbDrone.Core.MediaFiles.DownloadedEpisodesCommandService' NzbDrone.Core.MediaFiles.IDownloadedEpisodesImportService' NzbDrone.Core.MediaFiles.DownloadedEpisodesImportService' NzbDrone.Core.MediaFiles.EpisodeFile' NzbDrone.Core.MediaFiles.EpisodeFileMovingService' NzbDrone.Core.MediaFiles.MediaFileDeletionService' NzbDrone.Core.Parser.IsoLanguage' NzbDrone.Core.Parser.Parser' NzbDrone.Core.Parser.IParsingService' NzbDrone.Core.Parser.ParsingService
Cyclic Dependency,Sonarr.Core,NzbDrone.Core.MediaFiles.MediaInfo,The tool detected the smell in this component because this component participates in a cyclic dependency. The participating components in the cycle are: NzbDrone.Core.MediaFiles.MediaInfo' NzbDrone.Core.MediaFiles.EpisodeImport' NzbDrone.Core.MediaFiles' NzbDrone.Core.Parser,NzbDrone.Core.MediaFiles.MediaInfo.MediaInfoFormatter' NzbDrone.Core.MediaFiles.MediaInfo.MediaInfoModel' NzbDrone.Core.MediaFiles.MediaInfo.IUpdateMediaInfo' NzbDrone.Core.MediaFiles.MediaInfo.UpdateMediaInfoService' NzbDrone.Core.MediaFiles.EpisodeImport.IDetectSample' NzbDrone.Core.MediaFiles.EpisodeImport.DetectSample' NzbDrone.Core.MediaFiles.EpisodeImport.IImportDecisionEngineSpecification' NzbDrone.Core.MediaFiles.EpisodeImport.ImportApprovedEpisodes' NzbDrone.Core.MediaFiles.EpisodeImport.ImportDecisionMaker' NzbDrone.Core.MediaFiles.IDiskScanService' NzbDrone.Core.MediaFiles.DiskScanService' NzbDrone.Core.MediaFiles.DownloadedEpisodesCommandService' NzbDrone.Core.MediaFiles.IDownloadedEpisodesImportService' NzbDrone.Core.MediaFiles.DownloadedEpisodesImportService' NzbDrone.Core.MediaFiles.EpisodeFile' NzbDrone.Core.MediaFiles.EpisodeFileMovingService' NzbDrone.Core.MediaFiles.MediaFileDeletionService' NzbDrone.Core.Parser.IsoLanguage' NzbDrone.Core.Parser.Parser' NzbDrone.Core.Parser.IParsingService' NzbDrone.Core.Parser.ParsingService,NzbDrone.Core.MediaFiles.MediaInfo.MediaInfoFormatter' NzbDrone.Core.MediaFiles.MediaInfo.MediaInfoModel' NzbDrone.Core.MediaFiles.MediaInfo.IUpdateMediaInfo' NzbDrone.Core.MediaFiles.MediaInfo.UpdateMediaInfoService' NzbDrone.Core.MediaFiles.EpisodeImport.IDetectSample' NzbDrone.Core.MediaFiles.EpisodeImport.DetectSample' NzbDrone.Core.MediaFiles.EpisodeImport.IImportDecisionEngineSpecification' NzbDrone.Core.MediaFiles.EpisodeImport.ImportApprovedEpisodes' NzbDrone.Core.MediaFiles.EpisodeImport.ImportDecisionMaker' NzbDrone.Core.MediaFiles.IDiskScanService' NzbDrone.Core.MediaFiles.DiskScanService' NzbDrone.Core.MediaFiles.DownloadedEpisodesCommandService' NzbDrone.Core.MediaFiles.IDownloadedEpisodesImportService' NzbDrone.Core.MediaFiles.DownloadedEpisodesImportService' NzbDrone.Core.MediaFiles.EpisodeFile' NzbDrone.Core.MediaFiles.EpisodeFileMovingService' NzbDrone.Core.MediaFiles.MediaFileDeletionService' NzbDrone.Core.Parser.IsoLanguage' NzbDrone.Core.Parser.Parser' NzbDrone.Core.Parser.IParsingService' NzbDrone.Core.Parser.ParsingService
Cyclic Dependency,Sonarr.Core,NzbDrone.Core.MediaFiles.MediaInfo,The tool detected the smell in this component because this component participates in a cyclic dependency. The participating components in the cycle are: NzbDrone.Core.MediaFiles.MediaInfo' NzbDrone.Core.MediaFiles' NzbDrone.Core.Datastore' NzbDrone.Core.Languages' NzbDrone.Core.Parser,NzbDrone.Core.MediaFiles.MediaInfo.MediaInfoFormatter' NzbDrone.Core.MediaFiles.MediaInfo.MediaInfoModel' NzbDrone.Core.MediaFiles.MediaInfo.IUpdateMediaInfo' NzbDrone.Core.MediaFiles.MediaInfo.UpdateMediaInfoService' NzbDrone.Core.MediaFiles.IDiskScanService' NzbDrone.Core.MediaFiles.DiskScanService' NzbDrone.Core.MediaFiles.DownloadedEpisodesCommandService' NzbDrone.Core.MediaFiles.IDownloadedEpisodesImportService' NzbDrone.Core.MediaFiles.DownloadedEpisodesImportService' NzbDrone.Core.MediaFiles.EpisodeFile' NzbDrone.Core.MediaFiles.EpisodeFileMovingService' NzbDrone.Core.MediaFiles.MediaFileDeletionService' NzbDrone.Core.Datastore.BasicRepository<TModel>' NzbDrone.Core.Datastore.IDbFactory' NzbDrone.Core.Datastore.TableMapping' NzbDrone.Core.Languages.Language' NzbDrone.Core.Languages.LanguageComparer' NzbDrone.Core.Parser.IsoLanguage' NzbDrone.Core.Parser.Parser' NzbDrone.Core.Parser.IParsingService' NzbDrone.Core.Parser.ParsingService,NzbDrone.Core.MediaFiles.MediaInfo.MediaInfoFormatter' NzbDrone.Core.MediaFiles.MediaInfo.MediaInfoModel' NzbDrone.Core.MediaFiles.MediaInfo.IUpdateMediaInfo' NzbDrone.Core.MediaFiles.MediaInfo.UpdateMediaInfoService' NzbDrone.Core.MediaFiles.IDiskScanService' NzbDrone.Core.MediaFiles.DiskScanService' NzbDrone.Core.MediaFiles.DownloadedEpisodesCommandService' NzbDrone.Core.MediaFiles.IDownloadedEpisodesImportService' NzbDrone.Core.MediaFiles.DownloadedEpisodesImportService' NzbDrone.Core.MediaFiles.EpisodeFile' NzbDrone.Core.MediaFiles.EpisodeFileMovingService' NzbDrone.Core.MediaFiles.MediaFileDeletionService' NzbDrone.Core.Datastore.BasicRepository<TModel>' NzbDrone.Core.Datastore.IDbFactory' NzbDrone.Core.Datastore.TableMapping' NzbDrone.Core.Languages.Language' NzbDrone.Core.Languages.LanguageComparer' NzbDrone.Core.Parser.IsoLanguage' NzbDrone.Core.Parser.Parser' NzbDrone.Core.Parser.IParsingService' NzbDrone.Core.Parser.ParsingService
Cyclic Dependency,Sonarr.Core,NzbDrone.Core.Messaging.Events,The tool detected the smell in this component because this component participates in a cyclic dependency. The participating components in the cycle are: NzbDrone.Core.Messaging.Events' NzbDrone.Core.Messaging.Commands,NzbDrone.Core.Messaging.Events.CommandExecutedEvent' NzbDrone.Core.Messaging.Events.EventAggregator' NzbDrone.Core.Messaging.Commands.CommandExecutor' NzbDrone.Core.Messaging.Commands.CommandModel' NzbDrone.Core.Messaging.Commands.CommandQueueManager' NzbDrone.Core.Messaging.Commands.IExecute,NzbDrone.Core.Messaging.Events.CommandExecutedEvent' NzbDrone.Core.Messaging.Events.EventAggregator' NzbDrone.Core.Messaging.Commands.CommandExecutor' NzbDrone.Core.Messaging.Commands.CommandModel' NzbDrone.Core.Messaging.Commands.CommandQueueManager' NzbDrone.Core.Messaging.Commands.IExecute
Cyclic Dependency,Sonarr.Core,NzbDrone.Core.Messaging.Events,The tool detected the smell in this component because this component participates in a cyclic dependency. The participating components in the cycle are: NzbDrone.Core.Messaging.Events' NzbDrone.Core.Lifecycle' NzbDrone.Core.Messaging.Commands,NzbDrone.Core.Messaging.Events.CommandExecutedEvent' NzbDrone.Core.Messaging.Events.EventAggregator' NzbDrone.Core.Lifecycle.LifecycleService' NzbDrone.Core.Messaging.Commands.CommandExecutor' NzbDrone.Core.Messaging.Commands.CommandModel' NzbDrone.Core.Messaging.Commands.CommandQueueManager' NzbDrone.Core.Messaging.Commands.IExecute,NzbDrone.Core.Messaging.Events.CommandExecutedEvent' NzbDrone.Core.Messaging.Events.EventAggregator' NzbDrone.Core.Lifecycle.LifecycleService' NzbDrone.Core.Messaging.Commands.CommandExecutor' NzbDrone.Core.Messaging.Commands.CommandModel' NzbDrone.Core.Messaging.Commands.CommandQueueManager' NzbDrone.Core.Messaging.Commands.IExecute
Cyclic Dependency,Sonarr.Core,NzbDrone.Core.Messaging.Events,The tool detected the smell in this component because this component participates in a cyclic dependency. The participating components in the cycle are: NzbDrone.Core.Messaging.Events' NzbDrone.Core.Messaging.Commands' NzbDrone.Core.Lifecycle' NzbDrone.Core.Messaging.Commands,NzbDrone.Core.Messaging.Events.CommandExecutedEvent' NzbDrone.Core.Messaging.Events.EventAggregator' NzbDrone.Core.Messaging.Commands.CommandExecutor' NzbDrone.Core.Messaging.Commands.CommandModel' NzbDrone.Core.Messaging.Commands.CommandQueueManager' NzbDrone.Core.Messaging.Commands.IExecute' NzbDrone.Core.Lifecycle.LifecycleService,NzbDrone.Core.Messaging.Events.CommandExecutedEvent' NzbDrone.Core.Messaging.Events.EventAggregator' NzbDrone.Core.Messaging.Commands.CommandExecutor' NzbDrone.Core.Messaging.Commands.CommandModel' NzbDrone.Core.Messaging.Commands.CommandQueueManager' NzbDrone.Core.Messaging.Commands.IExecute' NzbDrone.Core.Lifecycle.LifecycleService
Cyclic Dependency,Sonarr.Core,NzbDrone.Core.MetadataSource,The tool detected the smell in this component because this component participates in a cyclic dependency. The participating components in the cycle are: NzbDrone.Core.MetadataSource' NzbDrone.Core.Tv,NzbDrone.Core.MetadataSource.IProvideSeriesInfo' NzbDrone.Core.Tv.Actor' NzbDrone.Core.Tv.AddSeriesService' NzbDrone.Core.Tv.AddSeriesValidator' NzbDrone.Core.Tv.Episode' NzbDrone.Core.Tv.EpisodeAddedService' NzbDrone.Core.Tv.EpisodeCutoffService' NzbDrone.Core.Tv.EpisodeService' NzbDrone.Core.Tv.MoveSeriesService' NzbDrone.Core.Tv.RefreshSeriesService' NzbDrone.Core.Tv.SeriesPathBuilder,NzbDrone.Core.MetadataSource.IProvideSeriesInfo' NzbDrone.Core.Tv.Actor' NzbDrone.Core.Tv.AddSeriesService' NzbDrone.Core.Tv.AddSeriesValidator' NzbDrone.Core.Tv.Episode' NzbDrone.Core.Tv.EpisodeAddedService' NzbDrone.Core.Tv.EpisodeCutoffService' NzbDrone.Core.Tv.EpisodeService' NzbDrone.Core.Tv.MoveSeriesService' NzbDrone.Core.Tv.RefreshSeriesService' NzbDrone.Core.Tv.SeriesPathBuilder
Cyclic Dependency,Sonarr.Core,NzbDrone.Core.MetadataSource,The tool detected the smell in this component because this component participates in a cyclic dependency. The participating components in the cycle are: NzbDrone.Core.MetadataSource' NzbDrone.Core.Tv' NzbDrone.Core.Datastore' NzbDrone.Core.Tv,NzbDrone.Core.MetadataSource.IProvideSeriesInfo' NzbDrone.Core.Tv.Actor' NzbDrone.Core.Tv.AddSeriesService' NzbDrone.Core.Tv.AddSeriesValidator' NzbDrone.Core.Tv.Episode' NzbDrone.Core.Tv.EpisodeAddedService' NzbDrone.Core.Tv.EpisodeCutoffService' NzbDrone.Core.Tv.EpisodeService' NzbDrone.Core.Tv.MoveSeriesService' NzbDrone.Core.Tv.RefreshSeriesService' NzbDrone.Core.Tv.SeriesPathBuilder' NzbDrone.Core.Datastore.BasicRepository<TModel>' NzbDrone.Core.Datastore.IDbFactory' NzbDrone.Core.Datastore.TableMapping,NzbDrone.Core.MetadataSource.IProvideSeriesInfo' NzbDrone.Core.Tv.Actor' NzbDrone.Core.Tv.AddSeriesService' NzbDrone.Core.Tv.AddSeriesValidator' NzbDrone.Core.Tv.Episode' NzbDrone.Core.Tv.EpisodeAddedService' NzbDrone.Core.Tv.EpisodeCutoffService' NzbDrone.Core.Tv.EpisodeService' NzbDrone.Core.Tv.MoveSeriesService' NzbDrone.Core.Tv.RefreshSeriesService' NzbDrone.Core.Tv.SeriesPathBuilder' NzbDrone.Core.Datastore.BasicRepository<TModel>' NzbDrone.Core.Datastore.IDbFactory' NzbDrone.Core.Datastore.TableMapping
Cyclic Dependency,Sonarr.Core,NzbDrone.Core.MetadataSource,The tool detected the smell in this component because this component participates in a cyclic dependency. The participating components in the cycle are: NzbDrone.Core.MetadataSource' NzbDrone.Core.Tv' NzbDrone.Core.Blacklisting' NzbDrone.Core.Datastore' NzbDrone.Core.Tv,NzbDrone.Core.MetadataSource.IProvideSeriesInfo' NzbDrone.Core.Tv.Actor' NzbDrone.Core.Tv.AddSeriesService' NzbDrone.Core.Tv.AddSeriesValidator' NzbDrone.Core.Tv.Episode' NzbDrone.Core.Tv.EpisodeAddedService' NzbDrone.Core.Tv.EpisodeCutoffService' NzbDrone.Core.Tv.EpisodeService' NzbDrone.Core.Tv.MoveSeriesService' NzbDrone.Core.Tv.RefreshSeriesService' NzbDrone.Core.Tv.SeriesPathBuilder' NzbDrone.Core.Blacklisting.Blacklist' NzbDrone.Core.Blacklisting.BlacklistRepository' NzbDrone.Core.Blacklisting.IBlacklistService' NzbDrone.Core.Blacklisting.BlacklistService' NzbDrone.Core.Datastore.BasicRepository<TModel>' NzbDrone.Core.Datastore.IDbFactory' NzbDrone.Core.Datastore.TableMapping,NzbDrone.Core.MetadataSource.IProvideSeriesInfo' NzbDrone.Core.Tv.Actor' NzbDrone.Core.Tv.AddSeriesService' NzbDrone.Core.Tv.AddSeriesValidator' NzbDrone.Core.Tv.Episode' NzbDrone.Core.Tv.EpisodeAddedService' NzbDrone.Core.Tv.EpisodeCutoffService' NzbDrone.Core.Tv.EpisodeService' NzbDrone.Core.Tv.MoveSeriesService' NzbDrone.Core.Tv.RefreshSeriesService' NzbDrone.Core.Tv.SeriesPathBuilder' NzbDrone.Core.Blacklisting.Blacklist' NzbDrone.Core.Blacklisting.BlacklistRepository' NzbDrone.Core.Blacklisting.IBlacklistService' NzbDrone.Core.Blacklisting.BlacklistService' NzbDrone.Core.Datastore.BasicRepository<TModel>' NzbDrone.Core.Datastore.IDbFactory' NzbDrone.Core.Datastore.TableMapping
Cyclic Dependency,Sonarr.Core,NzbDrone.Core.Notifications,The tool detected the smell in this component because this component participates in a cyclic dependency. The participating components in the cycle are: NzbDrone.Core.Notifications' NzbDrone.Core.Datastore,NzbDrone.Core.Notifications.DownloadMessage' NzbDrone.Core.Notifications.GrabMessage' NzbDrone.Core.Notifications.INotification' NzbDrone.Core.Notifications.NotificationFactory' NzbDrone.Core.Notifications.NotificationRepository' NzbDrone.Core.Notifications.NotificationService' NzbDrone.Core.Datastore.BasicRepository<TModel>' NzbDrone.Core.Datastore.IDbFactory' NzbDrone.Core.Datastore.TableMapping,NzbDrone.Core.Notifications.DownloadMessage' NzbDrone.Core.Notifications.GrabMessage' NzbDrone.Core.Notifications.INotification' NzbDrone.Core.Notifications.NotificationFactory' NzbDrone.Core.Notifications.NotificationRepository' NzbDrone.Core.Notifications.NotificationService' NzbDrone.Core.Datastore.BasicRepository<TModel>' NzbDrone.Core.Datastore.IDbFactory' NzbDrone.Core.Datastore.TableMapping
Cyclic Dependency,Sonarr.Core,NzbDrone.Core.Notifications,The tool detected the smell in this component because this component participates in a cyclic dependency. The participating components in the cycle are: NzbDrone.Core.Notifications' NzbDrone.Core.Datastore' NzbDrone.Core.MediaFiles,NzbDrone.Core.Notifications.DownloadMessage' NzbDrone.Core.Notifications.GrabMessage' NzbDrone.Core.Notifications.INotification' NzbDrone.Core.Notifications.NotificationFactory' NzbDrone.Core.Notifications.NotificationRepository' NzbDrone.Core.Notifications.NotificationService' NzbDrone.Core.Datastore.BasicRepository<TModel>' NzbDrone.Core.Datastore.IDbFactory' NzbDrone.Core.Datastore.TableMapping' NzbDrone.Core.MediaFiles.IDiskScanService' NzbDrone.Core.MediaFiles.DiskScanService' NzbDrone.Core.MediaFiles.DownloadedEpisodesCommandService' NzbDrone.Core.MediaFiles.IDownloadedEpisodesImportService' NzbDrone.Core.MediaFiles.DownloadedEpisodesImportService' NzbDrone.Core.MediaFiles.EpisodeFile' NzbDrone.Core.MediaFiles.EpisodeFileMovingService' NzbDrone.Core.MediaFiles.MediaFileDeletionService,NzbDrone.Core.Notifications.DownloadMessage' NzbDrone.Core.Notifications.GrabMessage' NzbDrone.Core.Notifications.INotification' NzbDrone.Core.Notifications.NotificationFactory' NzbDrone.Core.Notifications.NotificationRepository' NzbDrone.Core.Notifications.NotificationService' NzbDrone.Core.Datastore.BasicRepository<TModel>' NzbDrone.Core.Datastore.IDbFactory' NzbDrone.Core.Datastore.TableMapping' NzbDrone.Core.MediaFiles.IDiskScanService' NzbDrone.Core.MediaFiles.DiskScanService' NzbDrone.Core.MediaFiles.DownloadedEpisodesCommandService' NzbDrone.Core.MediaFiles.IDownloadedEpisodesImportService' NzbDrone.Core.MediaFiles.DownloadedEpisodesImportService' NzbDrone.Core.MediaFiles.EpisodeFile' NzbDrone.Core.MediaFiles.EpisodeFileMovingService' NzbDrone.Core.MediaFiles.MediaFileDeletionService
Cyclic Dependency,Sonarr.Core,NzbDrone.Core.Notifications,The tool detected the smell in this component because this component participates in a cyclic dependency. The participating components in the cycle are: NzbDrone.Core.Notifications' NzbDrone.Core.Datastore' NzbDrone.Core.Tv' NzbDrone.Core.MediaFiles,NzbDrone.Core.Notifications.DownloadMessage' NzbDrone.Core.Notifications.GrabMessage' NzbDrone.Core.Notifications.INotification' NzbDrone.Core.Notifications.NotificationFactory' NzbDrone.Core.Notifications.NotificationRepository' NzbDrone.Core.Notifications.NotificationService' NzbDrone.Core.Datastore.BasicRepository<TModel>' NzbDrone.Core.Datastore.IDbFactory' NzbDrone.Core.Datastore.TableMapping' NzbDrone.Core.Tv.Actor' NzbDrone.Core.Tv.AddSeriesService' NzbDrone.Core.Tv.AddSeriesValidator' NzbDrone.Core.Tv.Episode' NzbDrone.Core.Tv.EpisodeAddedService' NzbDrone.Core.Tv.EpisodeCutoffService' NzbDrone.Core.Tv.EpisodeService' NzbDrone.Core.Tv.MoveSeriesService' NzbDrone.Core.Tv.RefreshSeriesService' NzbDrone.Core.Tv.SeriesPathBuilder' NzbDrone.Core.MediaFiles.IDiskScanService' NzbDrone.Core.MediaFiles.DiskScanService' NzbDrone.Core.MediaFiles.DownloadedEpisodesCommandService' NzbDrone.Core.MediaFiles.IDownloadedEpisodesImportService' NzbDrone.Core.MediaFiles.DownloadedEpisodesImportService' NzbDrone.Core.MediaFiles.EpisodeFile' NzbDrone.Core.MediaFiles.EpisodeFileMovingService' NzbDrone.Core.MediaFiles.MediaFileDeletionService,NzbDrone.Core.Notifications.DownloadMessage' NzbDrone.Core.Notifications.GrabMessage' NzbDrone.Core.Notifications.INotification' NzbDrone.Core.Notifications.NotificationFactory' NzbDrone.Core.Notifications.NotificationRepository' NzbDrone.Core.Notifications.NotificationService' NzbDrone.Core.Datastore.BasicRepository<TModel>' NzbDrone.Core.Datastore.IDbFactory' NzbDrone.Core.Datastore.TableMapping' NzbDrone.Core.Tv.Actor' NzbDrone.Core.Tv.AddSeriesService' NzbDrone.Core.Tv.AddSeriesValidator' NzbDrone.Core.Tv.Episode' NzbDrone.Core.Tv.EpisodeAddedService' NzbDrone.Core.Tv.EpisodeCutoffService' NzbDrone.Core.Tv.EpisodeService' NzbDrone.Core.Tv.MoveSeriesService' NzbDrone.Core.Tv.RefreshSeriesService' NzbDrone.Core.Tv.SeriesPathBuilder' NzbDrone.Core.MediaFiles.IDiskScanService' NzbDrone.Core.MediaFiles.DiskScanService' NzbDrone.Core.MediaFiles.DownloadedEpisodesCommandService' NzbDrone.Core.MediaFiles.IDownloadedEpisodesImportService' NzbDrone.Core.MediaFiles.DownloadedEpisodesImportService' NzbDrone.Core.MediaFiles.EpisodeFile' NzbDrone.Core.MediaFiles.EpisodeFileMovingService' NzbDrone.Core.MediaFiles.MediaFileDeletionService
Cyclic Dependency,Sonarr.Core,NzbDrone.Core.Notifications,The tool detected the smell in this component because this component participates in a cyclic dependency. The participating components in the cycle are: NzbDrone.Core.Notifications' NzbDrone.Core.Tags' NzbDrone.Core.Datastore' NzbDrone.Core.Tv' NzbDrone.Core.MediaFiles,NzbDrone.Core.Notifications.DownloadMessage' NzbDrone.Core.Notifications.GrabMessage' NzbDrone.Core.Notifications.INotification' NzbDrone.Core.Notifications.NotificationFactory' NzbDrone.Core.Notifications.NotificationRepository' NzbDrone.Core.Notifications.NotificationService' NzbDrone.Core.Tags.Tag' NzbDrone.Core.Tags.TagRepository' NzbDrone.Core.Tags.TagService' NzbDrone.Core.Datastore.BasicRepository<TModel>' NzbDrone.Core.Datastore.IDbFactory' NzbDrone.Core.Datastore.TableMapping' NzbDrone.Core.Tv.Actor' NzbDrone.Core.Tv.AddSeriesService' NzbDrone.Core.Tv.AddSeriesValidator' NzbDrone.Core.Tv.Episode' NzbDrone.Core.Tv.EpisodeAddedService' NzbDrone.Core.Tv.EpisodeCutoffService' NzbDrone.Core.Tv.EpisodeService' NzbDrone.Core.Tv.MoveSeriesService' NzbDrone.Core.Tv.RefreshSeriesService' NzbDrone.Core.Tv.SeriesPathBuilder' NzbDrone.Core.MediaFiles.IDiskScanService' NzbDrone.Core.MediaFiles.DiskScanService' NzbDrone.Core.MediaFiles.DownloadedEpisodesCommandService' NzbDrone.Core.MediaFiles.IDownloadedEpisodesImportService' NzbDrone.Core.MediaFiles.DownloadedEpisodesImportService' NzbDrone.Core.MediaFiles.EpisodeFile' NzbDrone.Core.MediaFiles.EpisodeFileMovingService' NzbDrone.Core.MediaFiles.MediaFileDeletionService,NzbDrone.Core.Notifications.DownloadMessage' NzbDrone.Core.Notifications.GrabMessage' NzbDrone.Core.Notifications.INotification' NzbDrone.Core.Notifications.NotificationFactory' NzbDrone.Core.Notifications.NotificationRepository' NzbDrone.Core.Notifications.NotificationService' NzbDrone.Core.Tags.Tag' NzbDrone.Core.Tags.TagRepository' NzbDrone.Core.Tags.TagService' NzbDrone.Core.Datastore.BasicRepository<TModel>' NzbDrone.Core.Datastore.IDbFactory' NzbDrone.Core.Datastore.TableMapping' NzbDrone.Core.Tv.Actor' NzbDrone.Core.Tv.AddSeriesService' NzbDrone.Core.Tv.AddSeriesValidator' NzbDrone.Core.Tv.Episode' NzbDrone.Core.Tv.EpisodeAddedService' NzbDrone.Core.Tv.EpisodeCutoffService' NzbDrone.Core.Tv.EpisodeService' NzbDrone.Core.Tv.MoveSeriesService' NzbDrone.Core.Tv.RefreshSeriesService' NzbDrone.Core.Tv.SeriesPathBuilder' NzbDrone.Core.MediaFiles.IDiskScanService' NzbDrone.Core.MediaFiles.DiskScanService' NzbDrone.Core.MediaFiles.DownloadedEpisodesCommandService' NzbDrone.Core.MediaFiles.IDownloadedEpisodesImportService' NzbDrone.Core.MediaFiles.DownloadedEpisodesImportService' NzbDrone.Core.MediaFiles.EpisodeFile' NzbDrone.Core.MediaFiles.EpisodeFileMovingService' NzbDrone.Core.MediaFiles.MediaFileDeletionService
Cyclic Dependency,Sonarr.Core,NzbDrone.Core.Organizer,The tool detected the smell in this component because this component participates in a cyclic dependency. The participating components in the cycle are: NzbDrone.Core.Organizer' NzbDrone.Core.MediaFiles,NzbDrone.Core.Organizer.IBuildFileNames' NzbDrone.Core.Organizer.FileNameBuilder' NzbDrone.Core.Organizer.FileNameValidationService' NzbDrone.Core.Organizer.NamingConfig' NzbDrone.Core.Organizer.NamingConfigRepository' NzbDrone.Core.MediaFiles.IDiskScanService' NzbDrone.Core.MediaFiles.DiskScanService' NzbDrone.Core.MediaFiles.DownloadedEpisodesCommandService' NzbDrone.Core.MediaFiles.IDownloadedEpisodesImportService' NzbDrone.Core.MediaFiles.DownloadedEpisodesImportService' NzbDrone.Core.MediaFiles.EpisodeFile' NzbDrone.Core.MediaFiles.EpisodeFileMovingService' NzbDrone.Core.MediaFiles.MediaFileDeletionService,NzbDrone.Core.Organizer.IBuildFileNames' NzbDrone.Core.Organizer.FileNameBuilder' NzbDrone.Core.Organizer.FileNameValidationService' NzbDrone.Core.Organizer.NamingConfig' NzbDrone.Core.Organizer.NamingConfigRepository' NzbDrone.Core.MediaFiles.IDiskScanService' NzbDrone.Core.MediaFiles.DiskScanService' NzbDrone.Core.MediaFiles.DownloadedEpisodesCommandService' NzbDrone.Core.MediaFiles.IDownloadedEpisodesImportService' NzbDrone.Core.MediaFiles.DownloadedEpisodesImportService' NzbDrone.Core.MediaFiles.EpisodeFile' NzbDrone.Core.MediaFiles.EpisodeFileMovingService' NzbDrone.Core.MediaFiles.MediaFileDeletionService
Cyclic Dependency,Sonarr.Core,NzbDrone.Core.Organizer,The tool detected the smell in this component because this component participates in a cyclic dependency. The participating components in the cycle are: NzbDrone.Core.Organizer' NzbDrone.Core.Tv' NzbDrone.Core.MediaFiles,NzbDrone.Core.Organizer.IBuildFileNames' NzbDrone.Core.Organizer.FileNameBuilder' NzbDrone.Core.Organizer.FileNameValidationService' NzbDrone.Core.Organizer.NamingConfig' NzbDrone.Core.Organizer.NamingConfigRepository' NzbDrone.Core.Tv.Actor' NzbDrone.Core.Tv.AddSeriesService' NzbDrone.Core.Tv.AddSeriesValidator' NzbDrone.Core.Tv.Episode' NzbDrone.Core.Tv.EpisodeAddedService' NzbDrone.Core.Tv.EpisodeCutoffService' NzbDrone.Core.Tv.EpisodeService' NzbDrone.Core.Tv.MoveSeriesService' NzbDrone.Core.Tv.RefreshSeriesService' NzbDrone.Core.Tv.SeriesPathBuilder' NzbDrone.Core.MediaFiles.IDiskScanService' NzbDrone.Core.MediaFiles.DiskScanService' NzbDrone.Core.MediaFiles.DownloadedEpisodesCommandService' NzbDrone.Core.MediaFiles.IDownloadedEpisodesImportService' NzbDrone.Core.MediaFiles.DownloadedEpisodesImportService' NzbDrone.Core.MediaFiles.EpisodeFile' NzbDrone.Core.MediaFiles.EpisodeFileMovingService' NzbDrone.Core.MediaFiles.MediaFileDeletionService,NzbDrone.Core.Organizer.IBuildFileNames' NzbDrone.Core.Organizer.FileNameBuilder' NzbDrone.Core.Organizer.FileNameValidationService' NzbDrone.Core.Organizer.NamingConfig' NzbDrone.Core.Organizer.NamingConfigRepository' NzbDrone.Core.Tv.Actor' NzbDrone.Core.Tv.AddSeriesService' NzbDrone.Core.Tv.AddSeriesValidator' NzbDrone.Core.Tv.Episode' NzbDrone.Core.Tv.EpisodeAddedService' NzbDrone.Core.Tv.EpisodeCutoffService' NzbDrone.Core.Tv.EpisodeService' NzbDrone.Core.Tv.MoveSeriesService' NzbDrone.Core.Tv.RefreshSeriesService' NzbDrone.Core.Tv.SeriesPathBuilder' NzbDrone.Core.MediaFiles.IDiskScanService' NzbDrone.Core.MediaFiles.DiskScanService' NzbDrone.Core.MediaFiles.DownloadedEpisodesCommandService' NzbDrone.Core.MediaFiles.IDownloadedEpisodesImportService' NzbDrone.Core.MediaFiles.DownloadedEpisodesImportService' NzbDrone.Core.MediaFiles.EpisodeFile' NzbDrone.Core.MediaFiles.EpisodeFileMovingService' NzbDrone.Core.MediaFiles.MediaFileDeletionService
Cyclic Dependency,Sonarr.Core,NzbDrone.Core.Organizer,The tool detected the smell in this component because this component participates in a cyclic dependency. The participating components in the cycle are: NzbDrone.Core.Organizer' NzbDrone.Core.Datastore' NzbDrone.Core.Tv' NzbDrone.Core.MediaFiles,NzbDrone.Core.Organizer.IBuildFileNames' NzbDrone.Core.Organizer.FileNameBuilder' NzbDrone.Core.Organizer.FileNameValidationService' NzbDrone.Core.Organizer.NamingConfig' NzbDrone.Core.Organizer.NamingConfigRepository' NzbDrone.Core.Datastore.BasicRepository<TModel>' NzbDrone.Core.Datastore.IDbFactory' NzbDrone.Core.Datastore.TableMapping' NzbDrone.Core.Tv.Actor' NzbDrone.Core.Tv.AddSeriesService' NzbDrone.Core.Tv.AddSeriesValidator' NzbDrone.Core.Tv.Episode' NzbDrone.Core.Tv.EpisodeAddedService' NzbDrone.Core.Tv.EpisodeCutoffService' NzbDrone.Core.Tv.EpisodeService' NzbDrone.Core.Tv.MoveSeriesService' NzbDrone.Core.Tv.RefreshSeriesService' NzbDrone.Core.Tv.SeriesPathBuilder' NzbDrone.Core.MediaFiles.IDiskScanService' NzbDrone.Core.MediaFiles.DiskScanService' NzbDrone.Core.MediaFiles.DownloadedEpisodesCommandService' NzbDrone.Core.MediaFiles.IDownloadedEpisodesImportService' NzbDrone.Core.MediaFiles.DownloadedEpisodesImportService' NzbDrone.Core.MediaFiles.EpisodeFile' NzbDrone.Core.MediaFiles.EpisodeFileMovingService' NzbDrone.Core.MediaFiles.MediaFileDeletionService,NzbDrone.Core.Organizer.IBuildFileNames' NzbDrone.Core.Organizer.FileNameBuilder' NzbDrone.Core.Organizer.FileNameValidationService' NzbDrone.Core.Organizer.NamingConfig' NzbDrone.Core.Organizer.NamingConfigRepository' NzbDrone.Core.Datastore.BasicRepository<TModel>' NzbDrone.Core.Datastore.IDbFactory' NzbDrone.Core.Datastore.TableMapping' NzbDrone.Core.Tv.Actor' NzbDrone.Core.Tv.AddSeriesService' NzbDrone.Core.Tv.AddSeriesValidator' NzbDrone.Core.Tv.Episode' NzbDrone.Core.Tv.EpisodeAddedService' NzbDrone.Core.Tv.EpisodeCutoffService' NzbDrone.Core.Tv.EpisodeService' NzbDrone.Core.Tv.MoveSeriesService' NzbDrone.Core.Tv.RefreshSeriesService' NzbDrone.Core.Tv.SeriesPathBuilder' NzbDrone.Core.MediaFiles.IDiskScanService' NzbDrone.Core.MediaFiles.DiskScanService' NzbDrone.Core.MediaFiles.DownloadedEpisodesCommandService' NzbDrone.Core.MediaFiles.IDownloadedEpisodesImportService' NzbDrone.Core.MediaFiles.DownloadedEpisodesImportService' NzbDrone.Core.MediaFiles.EpisodeFile' NzbDrone.Core.MediaFiles.EpisodeFileMovingService' NzbDrone.Core.MediaFiles.MediaFileDeletionService
Cyclic Dependency,Sonarr.Core,NzbDrone.Core.Organizer,The tool detected the smell in this component because this component participates in a cyclic dependency. The participating components in the cycle are: NzbDrone.Core.Organizer' NzbDrone.Core.Download' NzbDrone.Core.Datastore' NzbDrone.Core.Tv' NzbDrone.Core.MediaFiles,NzbDrone.Core.Organizer.IBuildFileNames' NzbDrone.Core.Organizer.FileNameBuilder' NzbDrone.Core.Organizer.FileNameValidationService' NzbDrone.Core.Organizer.NamingConfig' NzbDrone.Core.Organizer.NamingConfigRepository' NzbDrone.Core.Download.CheckForFinishedDownloadCommand' NzbDrone.Core.Download.ICompletedDownloadService' NzbDrone.Core.Download.CompletedDownloadService' NzbDrone.Core.Download.DownloadClientBase<TSettings>' NzbDrone.Core.Download.DownloadClientRepository' NzbDrone.Core.Download.DownloadClientStatus' NzbDrone.Core.Download.DownloadFailedEvent' NzbDrone.Core.Download.DownloadService' NzbDrone.Core.Download.IProcessDownloadDecisions' NzbDrone.Core.Download.ProcessDownloadDecisions' NzbDrone.Core.Download.RedownloadFailedDownloadService' NzbDrone.Core.Download.TorrentClientBase<TSettings>' NzbDrone.Core.Datastore.BasicRepository<TModel>' NzbDrone.Core.Datastore.IDbFactory' NzbDrone.Core.Datastore.TableMapping' NzbDrone.Core.Tv.Actor' NzbDrone.Core.Tv.AddSeriesService' NzbDrone.Core.Tv.AddSeriesValidator' NzbDrone.Core.Tv.Episode' NzbDrone.Core.Tv.EpisodeAddedService' NzbDrone.Core.Tv.EpisodeCutoffService' NzbDrone.Core.Tv.EpisodeService' NzbDrone.Core.Tv.MoveSeriesService' NzbDrone.Core.Tv.RefreshSeriesService' NzbDrone.Core.Tv.SeriesPathBuilder' NzbDrone.Core.MediaFiles.IDiskScanService' NzbDrone.Core.MediaFiles.DiskScanService' NzbDrone.Core.MediaFiles.DownloadedEpisodesCommandService' NzbDrone.Core.MediaFiles.IDownloadedEpisodesImportService' NzbDrone.Core.MediaFiles.DownloadedEpisodesImportService' NzbDrone.Core.MediaFiles.EpisodeFile' NzbDrone.Core.MediaFiles.EpisodeFileMovingService' NzbDrone.Core.MediaFiles.MediaFileDeletionService,NzbDrone.Core.Organizer.IBuildFileNames' NzbDrone.Core.Organizer.FileNameBuilder' NzbDrone.Core.Organizer.FileNameValidationService' NzbDrone.Core.Organizer.NamingConfig' NzbDrone.Core.Organizer.NamingConfigRepository' NzbDrone.Core.Download.CheckForFinishedDownloadCommand' NzbDrone.Core.Download.ICompletedDownloadService' NzbDrone.Core.Download.CompletedDownloadService' NzbDrone.Core.Download.DownloadClientBase<TSettings>' NzbDrone.Core.Download.DownloadClientRepository' NzbDrone.Core.Download.DownloadClientStatus' NzbDrone.Core.Download.DownloadFailedEvent' NzbDrone.Core.Download.DownloadService' NzbDrone.Core.Download.IProcessDownloadDecisions' NzbDrone.Core.Download.ProcessDownloadDecisions' NzbDrone.Core.Download.RedownloadFailedDownloadService' NzbDrone.Core.Download.TorrentClientBase<TSettings>' NzbDrone.Core.Datastore.BasicRepository<TModel>' NzbDrone.Core.Datastore.IDbFactory' NzbDrone.Core.Datastore.TableMapping' NzbDrone.Core.Tv.Actor' NzbDrone.Core.Tv.AddSeriesService' NzbDrone.Core.Tv.AddSeriesValidator' NzbDrone.Core.Tv.Episode' NzbDrone.Core.Tv.EpisodeAddedService' NzbDrone.Core.Tv.EpisodeCutoffService' NzbDrone.Core.Tv.EpisodeService' NzbDrone.Core.Tv.MoveSeriesService' NzbDrone.Core.Tv.RefreshSeriesService' NzbDrone.Core.Tv.SeriesPathBuilder' NzbDrone.Core.MediaFiles.IDiskScanService' NzbDrone.Core.MediaFiles.DiskScanService' NzbDrone.Core.MediaFiles.DownloadedEpisodesCommandService' NzbDrone.Core.MediaFiles.IDownloadedEpisodesImportService' NzbDrone.Core.MediaFiles.DownloadedEpisodesImportService' NzbDrone.Core.MediaFiles.EpisodeFile' NzbDrone.Core.MediaFiles.EpisodeFileMovingService' NzbDrone.Core.MediaFiles.MediaFileDeletionService
Cyclic Dependency,Sonarr.Core,NzbDrone.Core.Parser,The tool detected the smell in this component because this component participates in a cyclic dependency. The participating components in the cycle are: NzbDrone.Core.Parser' NzbDrone.Core.MediaFiles,NzbDrone.Core.Parser.IsoLanguage' NzbDrone.Core.Parser.Parser' NzbDrone.Core.Parser.IParsingService' NzbDrone.Core.Parser.ParsingService' NzbDrone.Core.MediaFiles.IDiskScanService' NzbDrone.Core.MediaFiles.DiskScanService' NzbDrone.Core.MediaFiles.DownloadedEpisodesCommandService' NzbDrone.Core.MediaFiles.IDownloadedEpisodesImportService' NzbDrone.Core.MediaFiles.DownloadedEpisodesImportService' NzbDrone.Core.MediaFiles.EpisodeFile' NzbDrone.Core.MediaFiles.EpisodeFileMovingService' NzbDrone.Core.MediaFiles.MediaFileDeletionService,NzbDrone.Core.Parser.IsoLanguage' NzbDrone.Core.Parser.Parser' NzbDrone.Core.Parser.IParsingService' NzbDrone.Core.Parser.ParsingService' NzbDrone.Core.MediaFiles.IDiskScanService' NzbDrone.Core.MediaFiles.DiskScanService' NzbDrone.Core.MediaFiles.DownloadedEpisodesCommandService' NzbDrone.Core.MediaFiles.IDownloadedEpisodesImportService' NzbDrone.Core.MediaFiles.DownloadedEpisodesImportService' NzbDrone.Core.MediaFiles.EpisodeFile' NzbDrone.Core.MediaFiles.EpisodeFileMovingService' NzbDrone.Core.MediaFiles.MediaFileDeletionService
Cyclic Dependency,Sonarr.Core,NzbDrone.Core.Parser,The tool detected the smell in this component because this component participates in a cyclic dependency. The participating components in the cycle are: NzbDrone.Core.Parser' NzbDrone.Core.Tv' NzbDrone.Core.MediaFiles,NzbDrone.Core.Parser.IsoLanguage' NzbDrone.Core.Parser.Parser' NzbDrone.Core.Parser.IParsingService' NzbDrone.Core.Parser.ParsingService' NzbDrone.Core.Tv.Actor' NzbDrone.Core.Tv.AddSeriesService' NzbDrone.Core.Tv.AddSeriesValidator' NzbDrone.Core.Tv.Episode' NzbDrone.Core.Tv.EpisodeAddedService' NzbDrone.Core.Tv.EpisodeCutoffService' NzbDrone.Core.Tv.EpisodeService' NzbDrone.Core.Tv.MoveSeriesService' NzbDrone.Core.Tv.RefreshSeriesService' NzbDrone.Core.Tv.SeriesPathBuilder' NzbDrone.Core.MediaFiles.IDiskScanService' NzbDrone.Core.MediaFiles.DiskScanService' NzbDrone.Core.MediaFiles.DownloadedEpisodesCommandService' NzbDrone.Core.MediaFiles.IDownloadedEpisodesImportService' NzbDrone.Core.MediaFiles.DownloadedEpisodesImportService' NzbDrone.Core.MediaFiles.EpisodeFile' NzbDrone.Core.MediaFiles.EpisodeFileMovingService' NzbDrone.Core.MediaFiles.MediaFileDeletionService,NzbDrone.Core.Parser.IsoLanguage' NzbDrone.Core.Parser.Parser' NzbDrone.Core.Parser.IParsingService' NzbDrone.Core.Parser.ParsingService' NzbDrone.Core.Tv.Actor' NzbDrone.Core.Tv.AddSeriesService' NzbDrone.Core.Tv.AddSeriesValidator' NzbDrone.Core.Tv.Episode' NzbDrone.Core.Tv.EpisodeAddedService' NzbDrone.Core.Tv.EpisodeCutoffService' NzbDrone.Core.Tv.EpisodeService' NzbDrone.Core.Tv.MoveSeriesService' NzbDrone.Core.Tv.RefreshSeriesService' NzbDrone.Core.Tv.SeriesPathBuilder' NzbDrone.Core.MediaFiles.IDiskScanService' NzbDrone.Core.MediaFiles.DiskScanService' NzbDrone.Core.MediaFiles.DownloadedEpisodesCommandService' NzbDrone.Core.MediaFiles.IDownloadedEpisodesImportService' NzbDrone.Core.MediaFiles.DownloadedEpisodesImportService' NzbDrone.Core.MediaFiles.EpisodeFile' NzbDrone.Core.MediaFiles.EpisodeFileMovingService' NzbDrone.Core.MediaFiles.MediaFileDeletionService
Cyclic Dependency,Sonarr.Core,NzbDrone.Core.Parser,The tool detected the smell in this component because this component participates in a cyclic dependency. The participating components in the cycle are: NzbDrone.Core.Parser' NzbDrone.Core.Download' NzbDrone.Core.Datastore' NzbDrone.Core.Languages,NzbDrone.Core.Parser.IsoLanguage' NzbDrone.Core.Parser.Parser' NzbDrone.Core.Parser.IParsingService' NzbDrone.Core.Parser.ParsingService' NzbDrone.Core.Download.CheckForFinishedDownloadCommand' NzbDrone.Core.Download.ICompletedDownloadService' NzbDrone.Core.Download.CompletedDownloadService' NzbDrone.Core.Download.DownloadClientBase<TSettings>' NzbDrone.Core.Download.DownloadClientRepository' NzbDrone.Core.Download.DownloadClientStatus' NzbDrone.Core.Download.DownloadFailedEvent' NzbDrone.Core.Download.DownloadService' NzbDrone.Core.Download.IProcessDownloadDecisions' NzbDrone.Core.Download.ProcessDownloadDecisions' NzbDrone.Core.Download.RedownloadFailedDownloadService' NzbDrone.Core.Download.TorrentClientBase<TSettings>' NzbDrone.Core.Datastore.BasicRepository<TModel>' NzbDrone.Core.Datastore.IDbFactory' NzbDrone.Core.Datastore.TableMapping' NzbDrone.Core.Languages.Language' NzbDrone.Core.Languages.LanguageComparer,NzbDrone.Core.Parser.IsoLanguage' NzbDrone.Core.Parser.Parser' NzbDrone.Core.Parser.IParsingService' NzbDrone.Core.Parser.ParsingService' NzbDrone.Core.Download.CheckForFinishedDownloadCommand' NzbDrone.Core.Download.ICompletedDownloadService' NzbDrone.Core.Download.CompletedDownloadService' NzbDrone.Core.Download.DownloadClientBase<TSettings>' NzbDrone.Core.Download.DownloadClientRepository' NzbDrone.Core.Download.DownloadClientStatus' NzbDrone.Core.Download.DownloadFailedEvent' NzbDrone.Core.Download.DownloadService' NzbDrone.Core.Download.IProcessDownloadDecisions' NzbDrone.Core.Download.ProcessDownloadDecisions' NzbDrone.Core.Download.RedownloadFailedDownloadService' NzbDrone.Core.Download.TorrentClientBase<TSettings>' NzbDrone.Core.Datastore.BasicRepository<TModel>' NzbDrone.Core.Datastore.IDbFactory' NzbDrone.Core.Datastore.TableMapping' NzbDrone.Core.Languages.Language' NzbDrone.Core.Languages.LanguageComparer
Cyclic Dependency,Sonarr.Core,NzbDrone.Core.Parser,The tool detected the smell in this component because this component participates in a cyclic dependency. The participating components in the cycle are: NzbDrone.Core.Parser' NzbDrone.Core.Indexers' NzbDrone.Core.Blacklisting' NzbDrone.Core.Datastore' NzbDrone.Core.Languages,NzbDrone.Core.Parser.IsoLanguage' NzbDrone.Core.Parser.Parser' NzbDrone.Core.Parser.IParsingService' NzbDrone.Core.Parser.ParsingService' NzbDrone.Core.Indexers.EzrssTorrentRssParser' NzbDrone.Core.Indexers.IFetchAndParseRss' NzbDrone.Core.Indexers.HttpIndexerBase<TSettings>' NzbDrone.Core.Indexers.IIndexer' NzbDrone.Core.Indexers.IndexerFactory' NzbDrone.Core.Indexers.IndexerRepository' NzbDrone.Core.Indexers.IndexerStatus' NzbDrone.Core.Indexers.RssSyncCommand' NzbDrone.Core.Indexers.RssSyncCompleteEvent' NzbDrone.Core.Indexers.RssSyncService' NzbDrone.Core.Indexers.ISeedConfigProvider' NzbDrone.Core.Indexers.SeedCriteriaSettings' NzbDrone.Core.Blacklisting.Blacklist' NzbDrone.Core.Blacklisting.BlacklistRepository' NzbDrone.Core.Blacklisting.IBlacklistService' NzbDrone.Core.Blacklisting.BlacklistService' NzbDrone.Core.Datastore.BasicRepository<TModel>' NzbDrone.Core.Datastore.IDbFactory' NzbDrone.Core.Datastore.TableMapping' NzbDrone.Core.Languages.Language' NzbDrone.Core.Languages.LanguageComparer,NzbDrone.Core.Parser.IsoLanguage' NzbDrone.Core.Parser.Parser' NzbDrone.Core.Parser.IParsingService' NzbDrone.Core.Parser.ParsingService' NzbDrone.Core.Indexers.EzrssTorrentRssParser' NzbDrone.Core.Indexers.IFetchAndParseRss' NzbDrone.Core.Indexers.HttpIndexerBase<TSettings>' NzbDrone.Core.Indexers.IIndexer' NzbDrone.Core.Indexers.IndexerFactory' NzbDrone.Core.Indexers.IndexerRepository' NzbDrone.Core.Indexers.IndexerStatus' NzbDrone.Core.Indexers.RssSyncCommand' NzbDrone.Core.Indexers.RssSyncCompleteEvent' NzbDrone.Core.Indexers.RssSyncService' NzbDrone.Core.Indexers.ISeedConfigProvider' NzbDrone.Core.Indexers.SeedCriteriaSettings' NzbDrone.Core.Blacklisting.Blacklist' NzbDrone.Core.Blacklisting.BlacklistRepository' NzbDrone.Core.Blacklisting.IBlacklistService' NzbDrone.Core.Blacklisting.BlacklistService' NzbDrone.Core.Datastore.BasicRepository<TModel>' NzbDrone.Core.Datastore.IDbFactory' NzbDrone.Core.Datastore.TableMapping' NzbDrone.Core.Languages.Language' NzbDrone.Core.Languages.LanguageComparer
Cyclic Dependency,Sonarr.Core,NzbDrone.Core.Parser.Model,The tool detected the smell in this component because this component participates in a cyclic dependency. The participating components in the cycle are: NzbDrone.Core.Parser.Model' NzbDrone.Core.Parser,NzbDrone.Core.Parser.Model.LocalEpisode' NzbDrone.Core.Parser.Model.ReleaseInfo' NzbDrone.Core.Parser.Model.RemoteEpisode' NzbDrone.Core.Parser.IsoLanguage' NzbDrone.Core.Parser.Parser' NzbDrone.Core.Parser.IParsingService' NzbDrone.Core.Parser.ParsingService,NzbDrone.Core.Parser.Model.LocalEpisode' NzbDrone.Core.Parser.Model.ReleaseInfo' NzbDrone.Core.Parser.Model.RemoteEpisode' NzbDrone.Core.Parser.IsoLanguage' NzbDrone.Core.Parser.Parser' NzbDrone.Core.Parser.IParsingService' NzbDrone.Core.Parser.ParsingService
Cyclic Dependency,Sonarr.Core,NzbDrone.Core.Parser.Model,The tool detected the smell in this component because this component participates in a cyclic dependency. The participating components in the cycle are: NzbDrone.Core.Parser.Model' NzbDrone.Core.Datastore' NzbDrone.Core.Languages,NzbDrone.Core.Parser.Model.LocalEpisode' NzbDrone.Core.Parser.Model.ReleaseInfo' NzbDrone.Core.Parser.Model.RemoteEpisode' NzbDrone.Core.Datastore.BasicRepository<TModel>' NzbDrone.Core.Datastore.IDbFactory' NzbDrone.Core.Datastore.TableMapping' NzbDrone.Core.Languages.Language' NzbDrone.Core.Languages.LanguageComparer,NzbDrone.Core.Parser.Model.LocalEpisode' NzbDrone.Core.Parser.Model.ReleaseInfo' NzbDrone.Core.Parser.Model.RemoteEpisode' NzbDrone.Core.Datastore.BasicRepository<TModel>' NzbDrone.Core.Datastore.IDbFactory' NzbDrone.Core.Datastore.TableMapping' NzbDrone.Core.Languages.Language' NzbDrone.Core.Languages.LanguageComparer
Cyclic Dependency,Sonarr.Core,NzbDrone.Core.Parser.Model,The tool detected the smell in this component because this component participates in a cyclic dependency. The participating components in the cycle are: NzbDrone.Core.Parser.Model' NzbDrone.Core.Blacklisting' NzbDrone.Core.Datastore' NzbDrone.Core.Languages,NzbDrone.Core.Parser.Model.LocalEpisode' NzbDrone.Core.Parser.Model.ReleaseInfo' NzbDrone.Core.Parser.Model.RemoteEpisode' NzbDrone.Core.Blacklisting.Blacklist' NzbDrone.Core.Blacklisting.BlacklistRepository' NzbDrone.Core.Blacklisting.IBlacklistService' NzbDrone.Core.Blacklisting.BlacklistService' NzbDrone.Core.Datastore.BasicRepository<TModel>' NzbDrone.Core.Datastore.IDbFactory' NzbDrone.Core.Datastore.TableMapping' NzbDrone.Core.Languages.Language' NzbDrone.Core.Languages.LanguageComparer,NzbDrone.Core.Parser.Model.LocalEpisode' NzbDrone.Core.Parser.Model.ReleaseInfo' NzbDrone.Core.Parser.Model.RemoteEpisode' NzbDrone.Core.Blacklisting.Blacklist' NzbDrone.Core.Blacklisting.BlacklistRepository' NzbDrone.Core.Blacklisting.IBlacklistService' NzbDrone.Core.Blacklisting.BlacklistService' NzbDrone.Core.Datastore.BasicRepository<TModel>' NzbDrone.Core.Datastore.IDbFactory' NzbDrone.Core.Datastore.TableMapping' NzbDrone.Core.Languages.Language' NzbDrone.Core.Languages.LanguageComparer
Cyclic Dependency,Sonarr.Core,NzbDrone.Core.Parser.Model,The tool detected the smell in this component because this component participates in a cyclic dependency. The participating components in the cycle are: NzbDrone.Core.Parser.Model' NzbDrone.Core.Datastore' NzbDrone.Core.Authentication' NzbDrone.Core.Datastore' NzbDrone.Core.Languages,NzbDrone.Core.Parser.Model.LocalEpisode' NzbDrone.Core.Parser.Model.ReleaseInfo' NzbDrone.Core.Parser.Model.RemoteEpisode' NzbDrone.Core.Datastore.BasicRepository<TModel>' NzbDrone.Core.Datastore.IDbFactory' NzbDrone.Core.Datastore.TableMapping' NzbDrone.Core.Authentication.User' NzbDrone.Core.Authentication.UserRepository' NzbDrone.Core.Authentication.UserService' NzbDrone.Core.Languages.Language' NzbDrone.Core.Languages.LanguageComparer,NzbDrone.Core.Parser.Model.LocalEpisode' NzbDrone.Core.Parser.Model.ReleaseInfo' NzbDrone.Core.Parser.Model.RemoteEpisode' NzbDrone.Core.Datastore.BasicRepository<TModel>' NzbDrone.Core.Datastore.IDbFactory' NzbDrone.Core.Datastore.TableMapping' NzbDrone.Core.Authentication.User' NzbDrone.Core.Authentication.UserRepository' NzbDrone.Core.Authentication.UserService' NzbDrone.Core.Languages.Language' NzbDrone.Core.Languages.LanguageComparer
Cyclic Dependency,Sonarr.Core,NzbDrone.Core.Profiles.Delay,The tool detected the smell in this component because this component participates in a cyclic dependency. The participating components in the cycle are: NzbDrone.Core.Profiles.Delay' NzbDrone.Core.Datastore,NzbDrone.Core.Profiles.Delay.DelayProfile' NzbDrone.Core.Profiles.Delay.DelayProfileRepository' NzbDrone.Core.Datastore.BasicRepository<TModel>' NzbDrone.Core.Datastore.IDbFactory' NzbDrone.Core.Datastore.TableMapping,NzbDrone.Core.Profiles.Delay.DelayProfile' NzbDrone.Core.Profiles.Delay.DelayProfileRepository' NzbDrone.Core.Datastore.BasicRepository<TModel>' NzbDrone.Core.Datastore.IDbFactory' NzbDrone.Core.Datastore.TableMapping
Cyclic Dependency,Sonarr.Core,NzbDrone.Core.Profiles.Delay,The tool detected the smell in this component because this component participates in a cyclic dependency. The participating components in the cycle are: NzbDrone.Core.Profiles.Delay' NzbDrone.Core.Download.Pending' NzbDrone.Core.Datastore,NzbDrone.Core.Profiles.Delay.DelayProfile' NzbDrone.Core.Profiles.Delay.DelayProfileRepository' NzbDrone.Core.Download.Pending.PendingRelease' NzbDrone.Core.Download.Pending.PendingReleaseRepository' NzbDrone.Core.Download.Pending.IPendingReleaseService' NzbDrone.Core.Download.Pending.PendingReleaseService' NzbDrone.Core.Datastore.BasicRepository<TModel>' NzbDrone.Core.Datastore.IDbFactory' NzbDrone.Core.Datastore.TableMapping,NzbDrone.Core.Profiles.Delay.DelayProfile' NzbDrone.Core.Profiles.Delay.DelayProfileRepository' NzbDrone.Core.Download.Pending.PendingRelease' NzbDrone.Core.Download.Pending.PendingReleaseRepository' NzbDrone.Core.Download.Pending.IPendingReleaseService' NzbDrone.Core.Download.Pending.PendingReleaseService' NzbDrone.Core.Datastore.BasicRepository<TModel>' NzbDrone.Core.Datastore.IDbFactory' NzbDrone.Core.Datastore.TableMapping
Cyclic Dependency,Sonarr.Core,NzbDrone.Core.Profiles.Delay,The tool detected the smell in this component because this component participates in a cyclic dependency. The participating components in the cycle are: NzbDrone.Core.Profiles.Delay' NzbDrone.Core.Datastore' NzbDrone.Core.Authentication' NzbDrone.Core.Datastore,NzbDrone.Core.Profiles.Delay.DelayProfile' NzbDrone.Core.Profiles.Delay.DelayProfileRepository' NzbDrone.Core.Datastore.BasicRepository<TModel>' NzbDrone.Core.Datastore.IDbFactory' NzbDrone.Core.Datastore.TableMapping' NzbDrone.Core.Authentication.User' NzbDrone.Core.Authentication.UserRepository' NzbDrone.Core.Authentication.UserService,NzbDrone.Core.Profiles.Delay.DelayProfile' NzbDrone.Core.Profiles.Delay.DelayProfileRepository' NzbDrone.Core.Datastore.BasicRepository<TModel>' NzbDrone.Core.Datastore.IDbFactory' NzbDrone.Core.Datastore.TableMapping' NzbDrone.Core.Authentication.User' NzbDrone.Core.Authentication.UserRepository' NzbDrone.Core.Authentication.UserService
Cyclic Dependency,Sonarr.Core,NzbDrone.Core.Profiles.Delay,The tool detected the smell in this component because this component participates in a cyclic dependency. The participating components in the cycle are: NzbDrone.Core.Profiles.Delay' NzbDrone.Core.Datastore' NzbDrone.Core.Messaging.Commands' NzbDrone.Core.Messaging.Events' NzbDrone.Core.Datastore,NzbDrone.Core.Profiles.Delay.DelayProfile' NzbDrone.Core.Profiles.Delay.DelayProfileRepository' NzbDrone.Core.Datastore.BasicRepository<TModel>' NzbDrone.Core.Datastore.IDbFactory' NzbDrone.Core.Datastore.TableMapping' NzbDrone.Core.Messaging.Commands.CommandExecutor' NzbDrone.Core.Messaging.Commands.CommandModel' NzbDrone.Core.Messaging.Commands.CommandQueueManager' NzbDrone.Core.Messaging.Commands.IExecute' NzbDrone.Core.Messaging.Events.CommandExecutedEvent' NzbDrone.Core.Messaging.Events.EventAggregator,NzbDrone.Core.Profiles.Delay.DelayProfile' NzbDrone.Core.Profiles.Delay.DelayProfileRepository' NzbDrone.Core.Datastore.BasicRepository<TModel>' NzbDrone.Core.Datastore.IDbFactory' NzbDrone.Core.Datastore.TableMapping' NzbDrone.Core.Messaging.Commands.CommandExecutor' NzbDrone.Core.Messaging.Commands.CommandModel' NzbDrone.Core.Messaging.Commands.CommandQueueManager' NzbDrone.Core.Messaging.Commands.IExecute' NzbDrone.Core.Messaging.Events.CommandExecutedEvent' NzbDrone.Core.Messaging.Events.EventAggregator
Cyclic Dependency,Sonarr.Core,NzbDrone.Core.Profiles.Languages,The tool detected the smell in this component because this component participates in a cyclic dependency. The participating components in the cycle are: NzbDrone.Core.Profiles.Languages' NzbDrone.Core.Datastore,NzbDrone.Core.Profiles.Languages.LanguageProfile' NzbDrone.Core.Profiles.Languages.LanguageProfileRepository' NzbDrone.Core.Profiles.Languages.LanguageProfileService' NzbDrone.Core.Datastore.BasicRepository<TModel>' NzbDrone.Core.Datastore.IDbFactory' NzbDrone.Core.Datastore.TableMapping,NzbDrone.Core.Profiles.Languages.LanguageProfile' NzbDrone.Core.Profiles.Languages.LanguageProfileRepository' NzbDrone.Core.Profiles.Languages.LanguageProfileService' NzbDrone.Core.Datastore.BasicRepository<TModel>' NzbDrone.Core.Datastore.IDbFactory' NzbDrone.Core.Datastore.TableMapping
Cyclic Dependency,Sonarr.Core,NzbDrone.Core.Profiles.Languages,The tool detected the smell in this component because this component participates in a cyclic dependency. The participating components in the cycle are: NzbDrone.Core.Profiles.Languages' NzbDrone.Core.Languages' NzbDrone.Core.Datastore,NzbDrone.Core.Profiles.Languages.LanguageProfile' NzbDrone.Core.Profiles.Languages.LanguageProfileRepository' NzbDrone.Core.Profiles.Languages.LanguageProfileService' NzbDrone.Core.Languages.Language' NzbDrone.Core.Languages.LanguageComparer' NzbDrone.Core.Datastore.BasicRepository<TModel>' NzbDrone.Core.Datastore.IDbFactory' NzbDrone.Core.Datastore.TableMapping,NzbDrone.Core.Profiles.Languages.LanguageProfile' NzbDrone.Core.Profiles.Languages.LanguageProfileRepository' NzbDrone.Core.Profiles.Languages.LanguageProfileService' NzbDrone.Core.Languages.Language' NzbDrone.Core.Languages.LanguageComparer' NzbDrone.Core.Datastore.BasicRepository<TModel>' NzbDrone.Core.Datastore.IDbFactory' NzbDrone.Core.Datastore.TableMapping
Cyclic Dependency,Sonarr.Core,NzbDrone.Core.Profiles.Languages,The tool detected the smell in this component because this component participates in a cyclic dependency. The participating components in the cycle are: NzbDrone.Core.Profiles.Languages' NzbDrone.Core.Datastore' NzbDrone.Core.Authentication' NzbDrone.Core.Datastore,NzbDrone.Core.Profiles.Languages.LanguageProfile' NzbDrone.Core.Profiles.Languages.LanguageProfileRepository' NzbDrone.Core.Profiles.Languages.LanguageProfileService' NzbDrone.Core.Datastore.BasicRepository<TModel>' NzbDrone.Core.Datastore.IDbFactory' NzbDrone.Core.Datastore.TableMapping' NzbDrone.Core.Authentication.User' NzbDrone.Core.Authentication.UserRepository' NzbDrone.Core.Authentication.UserService,NzbDrone.Core.Profiles.Languages.LanguageProfile' NzbDrone.Core.Profiles.Languages.LanguageProfileRepository' NzbDrone.Core.Profiles.Languages.LanguageProfileService' NzbDrone.Core.Datastore.BasicRepository<TModel>' NzbDrone.Core.Datastore.IDbFactory' NzbDrone.Core.Datastore.TableMapping' NzbDrone.Core.Authentication.User' NzbDrone.Core.Authentication.UserRepository' NzbDrone.Core.Authentication.UserService
Cyclic Dependency,Sonarr.Core,NzbDrone.Core.Profiles.Languages,The tool detected the smell in this component because this component participates in a cyclic dependency. The participating components in the cycle are: NzbDrone.Core.Profiles.Languages' NzbDrone.Core.Datastore' NzbDrone.Core.Messaging.Commands' NzbDrone.Core.Messaging.Events' NzbDrone.Core.Datastore,NzbDrone.Core.Profiles.Languages.LanguageProfile' NzbDrone.Core.Profiles.Languages.LanguageProfileRepository' NzbDrone.Core.Profiles.Languages.LanguageProfileService' NzbDrone.Core.Datastore.BasicRepository<TModel>' NzbDrone.Core.Datastore.IDbFactory' NzbDrone.Core.Datastore.TableMapping' NzbDrone.Core.Messaging.Commands.CommandExecutor' NzbDrone.Core.Messaging.Commands.CommandModel' NzbDrone.Core.Messaging.Commands.CommandQueueManager' NzbDrone.Core.Messaging.Commands.IExecute' NzbDrone.Core.Messaging.Events.CommandExecutedEvent' NzbDrone.Core.Messaging.Events.EventAggregator,NzbDrone.Core.Profiles.Languages.LanguageProfile' NzbDrone.Core.Profiles.Languages.LanguageProfileRepository' NzbDrone.Core.Profiles.Languages.LanguageProfileService' NzbDrone.Core.Datastore.BasicRepository<TModel>' NzbDrone.Core.Datastore.IDbFactory' NzbDrone.Core.Datastore.TableMapping' NzbDrone.Core.Messaging.Commands.CommandExecutor' NzbDrone.Core.Messaging.Commands.CommandModel' NzbDrone.Core.Messaging.Commands.CommandQueueManager' NzbDrone.Core.Messaging.Commands.IExecute' NzbDrone.Core.Messaging.Events.CommandExecutedEvent' NzbDrone.Core.Messaging.Events.EventAggregator
Cyclic Dependency,Sonarr.Core,NzbDrone.Core.Profiles.Qualities,The tool detected the smell in this component because this component participates in a cyclic dependency. The participating components in the cycle are: NzbDrone.Core.Profiles.Qualities' NzbDrone.Core.Datastore,NzbDrone.Core.Profiles.Qualities.QualityProfile' NzbDrone.Core.Profiles.Qualities.QualityProfileInUseException' NzbDrone.Core.Profiles.Qualities.QualityProfileRepository' NzbDrone.Core.Profiles.Qualities.QualityProfileService' NzbDrone.Core.Datastore.BasicRepository<TModel>' NzbDrone.Core.Datastore.IDbFactory' NzbDrone.Core.Datastore.TableMapping,NzbDrone.Core.Profiles.Qualities.QualityProfile' NzbDrone.Core.Profiles.Qualities.QualityProfileInUseException' NzbDrone.Core.Profiles.Qualities.QualityProfileRepository' NzbDrone.Core.Profiles.Qualities.QualityProfileService' NzbDrone.Core.Datastore.BasicRepository<TModel>' NzbDrone.Core.Datastore.IDbFactory' NzbDrone.Core.Datastore.TableMapping
Cyclic Dependency,Sonarr.Core,NzbDrone.Core.Profiles.Qualities,The tool detected the smell in this component because this component participates in a cyclic dependency. The participating components in the cycle are: NzbDrone.Core.Profiles.Qualities' NzbDrone.Core.Qualities' NzbDrone.Core.Datastore,NzbDrone.Core.Profiles.Qualities.QualityProfile' NzbDrone.Core.Profiles.Qualities.QualityProfileInUseException' NzbDrone.Core.Profiles.Qualities.QualityProfileRepository' NzbDrone.Core.Profiles.Qualities.QualityProfileService' NzbDrone.Core.Qualities.Quality' NzbDrone.Core.Qualities.QualityDefinitionRepository' NzbDrone.Core.Qualities.QualityDefinitionService' NzbDrone.Core.Qualities.QualityModelComparer' NzbDrone.Core.Datastore.BasicRepository<TModel>' NzbDrone.Core.Datastore.IDbFactory' NzbDrone.Core.Datastore.TableMapping,NzbDrone.Core.Profiles.Qualities.QualityProfile' NzbDrone.Core.Profiles.Qualities.QualityProfileInUseException' NzbDrone.Core.Profiles.Qualities.QualityProfileRepository' NzbDrone.Core.Profiles.Qualities.QualityProfileService' NzbDrone.Core.Qualities.Quality' NzbDrone.Core.Qualities.QualityDefinitionRepository' NzbDrone.Core.Qualities.QualityDefinitionService' NzbDrone.Core.Qualities.QualityModelComparer' NzbDrone.Core.Datastore.BasicRepository<TModel>' NzbDrone.Core.Datastore.IDbFactory' NzbDrone.Core.Datastore.TableMapping
Cyclic Dependency,Sonarr.Core,NzbDrone.Core.Profiles.Qualities,The tool detected the smell in this component because this component participates in a cyclic dependency. The participating components in the cycle are: NzbDrone.Core.Profiles.Qualities' NzbDrone.Core.Datastore' NzbDrone.Core.Authentication' NzbDrone.Core.Datastore,NzbDrone.Core.Profiles.Qualities.QualityProfile' NzbDrone.Core.Profiles.Qualities.QualityProfileInUseException' NzbDrone.Core.Profiles.Qualities.QualityProfileRepository' NzbDrone.Core.Profiles.Qualities.QualityProfileService' NzbDrone.Core.Datastore.BasicRepository<TModel>' NzbDrone.Core.Datastore.IDbFactory' NzbDrone.Core.Datastore.TableMapping' NzbDrone.Core.Authentication.User' NzbDrone.Core.Authentication.UserRepository' NzbDrone.Core.Authentication.UserService,NzbDrone.Core.Profiles.Qualities.QualityProfile' NzbDrone.Core.Profiles.Qualities.QualityProfileInUseException' NzbDrone.Core.Profiles.Qualities.QualityProfileRepository' NzbDrone.Core.Profiles.Qualities.QualityProfileService' NzbDrone.Core.Datastore.BasicRepository<TModel>' NzbDrone.Core.Datastore.IDbFactory' NzbDrone.Core.Datastore.TableMapping' NzbDrone.Core.Authentication.User' NzbDrone.Core.Authentication.UserRepository' NzbDrone.Core.Authentication.UserService
Cyclic Dependency,Sonarr.Core,NzbDrone.Core.Profiles.Qualities,The tool detected the smell in this component because this component participates in a cyclic dependency. The participating components in the cycle are: NzbDrone.Core.Profiles.Qualities' NzbDrone.Core.Datastore' NzbDrone.Core.Messaging.Commands' NzbDrone.Core.Messaging.Events' NzbDrone.Core.Datastore,NzbDrone.Core.Profiles.Qualities.QualityProfile' NzbDrone.Core.Profiles.Qualities.QualityProfileInUseException' NzbDrone.Core.Profiles.Qualities.QualityProfileRepository' NzbDrone.Core.Profiles.Qualities.QualityProfileService' NzbDrone.Core.Datastore.BasicRepository<TModel>' NzbDrone.Core.Datastore.IDbFactory' NzbDrone.Core.Datastore.TableMapping' NzbDrone.Core.Messaging.Commands.CommandExecutor' NzbDrone.Core.Messaging.Commands.CommandModel' NzbDrone.Core.Messaging.Commands.CommandQueueManager' NzbDrone.Core.Messaging.Commands.IExecute' NzbDrone.Core.Messaging.Events.CommandExecutedEvent' NzbDrone.Core.Messaging.Events.EventAggregator,NzbDrone.Core.Profiles.Qualities.QualityProfile' NzbDrone.Core.Profiles.Qualities.QualityProfileInUseException' NzbDrone.Core.Profiles.Qualities.QualityProfileRepository' NzbDrone.Core.Profiles.Qualities.QualityProfileService' NzbDrone.Core.Datastore.BasicRepository<TModel>' NzbDrone.Core.Datastore.IDbFactory' NzbDrone.Core.Datastore.TableMapping' NzbDrone.Core.Messaging.Commands.CommandExecutor' NzbDrone.Core.Messaging.Commands.CommandModel' NzbDrone.Core.Messaging.Commands.CommandQueueManager' NzbDrone.Core.Messaging.Commands.IExecute' NzbDrone.Core.Messaging.Events.CommandExecutedEvent' NzbDrone.Core.Messaging.Events.EventAggregator
Cyclic Dependency,Sonarr.Core,NzbDrone.Core.Profiles.Releases,The tool detected the smell in this component because this component participates in a cyclic dependency. The participating components in the cycle are: NzbDrone.Core.Profiles.Releases' NzbDrone.Core.Datastore,NzbDrone.Core.Profiles.Releases.IPreferredWordService' NzbDrone.Core.Profiles.Releases.ReleaseProfile' NzbDrone.Core.Profiles.Releases.ReleaseProfileRepository' NzbDrone.Core.Profiles.Releases.TermMatcherService' NzbDrone.Core.Datastore.BasicRepository<TModel>' NzbDrone.Core.Datastore.IDbFactory' NzbDrone.Core.Datastore.TableMapping,NzbDrone.Core.Profiles.Releases.IPreferredWordService' NzbDrone.Core.Profiles.Releases.ReleaseProfile' NzbDrone.Core.Profiles.Releases.ReleaseProfileRepository' NzbDrone.Core.Profiles.Releases.TermMatcherService' NzbDrone.Core.Datastore.BasicRepository<TModel>' NzbDrone.Core.Datastore.IDbFactory' NzbDrone.Core.Datastore.TableMapping
Cyclic Dependency,Sonarr.Core,NzbDrone.Core.Profiles.Releases,The tool detected the smell in this component because this component participates in a cyclic dependency. The participating components in the cycle are: NzbDrone.Core.Profiles.Releases' NzbDrone.Core.Datastore' NzbDrone.Core.Tv,NzbDrone.Core.Profiles.Releases.IPreferredWordService' NzbDrone.Core.Profiles.Releases.ReleaseProfile' NzbDrone.Core.Profiles.Releases.ReleaseProfileRepository' NzbDrone.Core.Profiles.Releases.TermMatcherService' NzbDrone.Core.Datastore.BasicRepository<TModel>' NzbDrone.Core.Datastore.IDbFactory' NzbDrone.Core.Datastore.TableMapping' NzbDrone.Core.Tv.Actor' NzbDrone.Core.Tv.AddSeriesService' NzbDrone.Core.Tv.AddSeriesValidator' NzbDrone.Core.Tv.Episode' NzbDrone.Core.Tv.EpisodeAddedService' NzbDrone.Core.Tv.EpisodeCutoffService' NzbDrone.Core.Tv.EpisodeService' NzbDrone.Core.Tv.MoveSeriesService' NzbDrone.Core.Tv.RefreshSeriesService' NzbDrone.Core.Tv.SeriesPathBuilder,NzbDrone.Core.Profiles.Releases.IPreferredWordService' NzbDrone.Core.Profiles.Releases.ReleaseProfile' NzbDrone.Core.Profiles.Releases.ReleaseProfileRepository' NzbDrone.Core.Profiles.Releases.TermMatcherService' NzbDrone.Core.Datastore.BasicRepository<TModel>' NzbDrone.Core.Datastore.IDbFactory' NzbDrone.Core.Datastore.TableMapping' NzbDrone.Core.Tv.Actor' NzbDrone.Core.Tv.AddSeriesService' NzbDrone.Core.Tv.AddSeriesValidator' NzbDrone.Core.Tv.Episode' NzbDrone.Core.Tv.EpisodeAddedService' NzbDrone.Core.Tv.EpisodeCutoffService' NzbDrone.Core.Tv.EpisodeService' NzbDrone.Core.Tv.MoveSeriesService' NzbDrone.Core.Tv.RefreshSeriesService' NzbDrone.Core.Tv.SeriesPathBuilder
Cyclic Dependency,Sonarr.Core,NzbDrone.Core.Profiles.Releases,The tool detected the smell in this component because this component participates in a cyclic dependency. The participating components in the cycle are: NzbDrone.Core.Profiles.Releases' NzbDrone.Core.Organizer' NzbDrone.Core.Datastore' NzbDrone.Core.Tv,NzbDrone.Core.Profiles.Releases.IPreferredWordService' NzbDrone.Core.Profiles.Releases.ReleaseProfile' NzbDrone.Core.Profiles.Releases.ReleaseProfileRepository' NzbDrone.Core.Profiles.Releases.TermMatcherService' NzbDrone.Core.Organizer.IBuildFileNames' NzbDrone.Core.Organizer.FileNameBuilder' NzbDrone.Core.Organizer.FileNameValidationService' NzbDrone.Core.Organizer.NamingConfig' NzbDrone.Core.Organizer.NamingConfigRepository' NzbDrone.Core.Datastore.BasicRepository<TModel>' NzbDrone.Core.Datastore.IDbFactory' NzbDrone.Core.Datastore.TableMapping' NzbDrone.Core.Tv.Actor' NzbDrone.Core.Tv.AddSeriesService' NzbDrone.Core.Tv.AddSeriesValidator' NzbDrone.Core.Tv.Episode' NzbDrone.Core.Tv.EpisodeAddedService' NzbDrone.Core.Tv.EpisodeCutoffService' NzbDrone.Core.Tv.EpisodeService' NzbDrone.Core.Tv.MoveSeriesService' NzbDrone.Core.Tv.RefreshSeriesService' NzbDrone.Core.Tv.SeriesPathBuilder,NzbDrone.Core.Profiles.Releases.IPreferredWordService' NzbDrone.Core.Profiles.Releases.ReleaseProfile' NzbDrone.Core.Profiles.Releases.ReleaseProfileRepository' NzbDrone.Core.Profiles.Releases.TermMatcherService' NzbDrone.Core.Organizer.IBuildFileNames' NzbDrone.Core.Organizer.FileNameBuilder' NzbDrone.Core.Organizer.FileNameValidationService' NzbDrone.Core.Organizer.NamingConfig' NzbDrone.Core.Organizer.NamingConfigRepository' NzbDrone.Core.Datastore.BasicRepository<TModel>' NzbDrone.Core.Datastore.IDbFactory' NzbDrone.Core.Datastore.TableMapping' NzbDrone.Core.Tv.Actor' NzbDrone.Core.Tv.AddSeriesService' NzbDrone.Core.Tv.AddSeriesValidator' NzbDrone.Core.Tv.Episode' NzbDrone.Core.Tv.EpisodeAddedService' NzbDrone.Core.Tv.EpisodeCutoffService' NzbDrone.Core.Tv.EpisodeService' NzbDrone.Core.Tv.MoveSeriesService' NzbDrone.Core.Tv.RefreshSeriesService' NzbDrone.Core.Tv.SeriesPathBuilder
Cyclic Dependency,Sonarr.Core,NzbDrone.Core.Profiles.Releases,The tool detected the smell in this component because this component participates in a cyclic dependency. The participating components in the cycle are: NzbDrone.Core.Profiles.Releases' NzbDrone.Core.Datastore' NzbDrone.Core.Authentication' NzbDrone.Core.Datastore' NzbDrone.Core.Tv,NzbDrone.Core.Profiles.Releases.IPreferredWordService' NzbDrone.Core.Profiles.Releases.ReleaseProfile' NzbDrone.Core.Profiles.Releases.ReleaseProfileRepository' NzbDrone.Core.Profiles.Releases.TermMatcherService' NzbDrone.Core.Datastore.BasicRepository<TModel>' NzbDrone.Core.Datastore.IDbFactory' NzbDrone.Core.Datastore.TableMapping' NzbDrone.Core.Authentication.User' NzbDrone.Core.Authentication.UserRepository' NzbDrone.Core.Authentication.UserService' NzbDrone.Core.Tv.Actor' NzbDrone.Core.Tv.AddSeriesService' NzbDrone.Core.Tv.AddSeriesValidator' NzbDrone.Core.Tv.Episode' NzbDrone.Core.Tv.EpisodeAddedService' NzbDrone.Core.Tv.EpisodeCutoffService' NzbDrone.Core.Tv.EpisodeService' NzbDrone.Core.Tv.MoveSeriesService' NzbDrone.Core.Tv.RefreshSeriesService' NzbDrone.Core.Tv.SeriesPathBuilder,NzbDrone.Core.Profiles.Releases.IPreferredWordService' NzbDrone.Core.Profiles.Releases.ReleaseProfile' NzbDrone.Core.Profiles.Releases.ReleaseProfileRepository' NzbDrone.Core.Profiles.Releases.TermMatcherService' NzbDrone.Core.Datastore.BasicRepository<TModel>' NzbDrone.Core.Datastore.IDbFactory' NzbDrone.Core.Datastore.TableMapping' NzbDrone.Core.Authentication.User' NzbDrone.Core.Authentication.UserRepository' NzbDrone.Core.Authentication.UserService' NzbDrone.Core.Tv.Actor' NzbDrone.Core.Tv.AddSeriesService' NzbDrone.Core.Tv.AddSeriesValidator' NzbDrone.Core.Tv.Episode' NzbDrone.Core.Tv.EpisodeAddedService' NzbDrone.Core.Tv.EpisodeCutoffService' NzbDrone.Core.Tv.EpisodeService' NzbDrone.Core.Tv.MoveSeriesService' NzbDrone.Core.Tv.RefreshSeriesService' NzbDrone.Core.Tv.SeriesPathBuilder
Cyclic Dependency,Sonarr.Core,NzbDrone.Core.ProgressMessaging,The tool detected the smell in this component because this component participates in a cyclic dependency. The participating components in the cycle are: NzbDrone.Core.ProgressMessaging' NzbDrone.Core.Messaging.Commands,NzbDrone.Core.ProgressMessaging.CommandUpdatedEvent' NzbDrone.Core.ProgressMessaging.ProgressMessageTarget' NzbDrone.Core.Messaging.Commands.CommandExecutor' NzbDrone.Core.Messaging.Commands.CommandModel' NzbDrone.Core.Messaging.Commands.CommandQueueManager' NzbDrone.Core.Messaging.Commands.IExecute,NzbDrone.Core.ProgressMessaging.CommandUpdatedEvent' NzbDrone.Core.ProgressMessaging.ProgressMessageTarget' NzbDrone.Core.Messaging.Commands.CommandExecutor' NzbDrone.Core.Messaging.Commands.CommandModel' NzbDrone.Core.Messaging.Commands.CommandQueueManager' NzbDrone.Core.Messaging.Commands.IExecute
Cyclic Dependency,Sonarr.Core,NzbDrone.Core.ProgressMessaging,The tool detected the smell in this component because this component participates in a cyclic dependency. The participating components in the cycle are: NzbDrone.Core.ProgressMessaging' NzbDrone.Core.Messaging.Commands' NzbDrone.Core.Lifecycle,NzbDrone.Core.ProgressMessaging.CommandUpdatedEvent' NzbDrone.Core.ProgressMessaging.ProgressMessageTarget' NzbDrone.Core.Messaging.Commands.CommandExecutor' NzbDrone.Core.Messaging.Commands.CommandModel' NzbDrone.Core.Messaging.Commands.CommandQueueManager' NzbDrone.Core.Messaging.Commands.IExecute' NzbDrone.Core.Lifecycle.LifecycleService,NzbDrone.Core.ProgressMessaging.CommandUpdatedEvent' NzbDrone.Core.ProgressMessaging.ProgressMessageTarget' NzbDrone.Core.Messaging.Commands.CommandExecutor' NzbDrone.Core.Messaging.Commands.CommandModel' NzbDrone.Core.Messaging.Commands.CommandQueueManager' NzbDrone.Core.Messaging.Commands.IExecute' NzbDrone.Core.Lifecycle.LifecycleService
Cyclic Dependency,Sonarr.Core,NzbDrone.Core.ProgressMessaging,The tool detected the smell in this component because this component participates in a cyclic dependency. The participating components in the cycle are: NzbDrone.Core.ProgressMessaging' NzbDrone.Core.Messaging.Commands' NzbDrone.Core.Lifecycle.Commands' NzbDrone.Core.Lifecycle' NzbDrone.Core.Messaging.Commands,NzbDrone.Core.ProgressMessaging.CommandUpdatedEvent' NzbDrone.Core.ProgressMessaging.ProgressMessageTarget' NzbDrone.Core.Messaging.Commands.CommandExecutor' NzbDrone.Core.Messaging.Commands.CommandModel' NzbDrone.Core.Messaging.Commands.CommandQueueManager' NzbDrone.Core.Messaging.Commands.IExecute' NzbDrone.Core.Lifecycle.Commands.RestartCommand' NzbDrone.Core.Lifecycle.LifecycleService,NzbDrone.Core.ProgressMessaging.CommandUpdatedEvent' NzbDrone.Core.ProgressMessaging.ProgressMessageTarget' NzbDrone.Core.Messaging.Commands.CommandExecutor' NzbDrone.Core.Messaging.Commands.CommandModel' NzbDrone.Core.Messaging.Commands.CommandQueueManager' NzbDrone.Core.Messaging.Commands.IExecute' NzbDrone.Core.Lifecycle.Commands.RestartCommand' NzbDrone.Core.Lifecycle.LifecycleService
Cyclic Dependency,Sonarr.Core,NzbDrone.Core.Qualities,The tool detected the smell in this component because this component participates in a cyclic dependency. The participating components in the cycle are: NzbDrone.Core.Qualities' NzbDrone.Core.Datastore,NzbDrone.Core.Qualities.Quality' NzbDrone.Core.Qualities.QualityDefinitionRepository' NzbDrone.Core.Qualities.QualityDefinitionService' NzbDrone.Core.Qualities.QualityModelComparer' NzbDrone.Core.Datastore.BasicRepository<TModel>' NzbDrone.Core.Datastore.IDbFactory' NzbDrone.Core.Datastore.TableMapping,NzbDrone.Core.Qualities.Quality' NzbDrone.Core.Qualities.QualityDefinitionRepository' NzbDrone.Core.Qualities.QualityDefinitionService' NzbDrone.Core.Qualities.QualityModelComparer' NzbDrone.Core.Datastore.BasicRepository<TModel>' NzbDrone.Core.Datastore.IDbFactory' NzbDrone.Core.Datastore.TableMapping
Cyclic Dependency,Sonarr.Core,NzbDrone.Core.Qualities,The tool detected the smell in this component because this component participates in a cyclic dependency. The participating components in the cycle are: NzbDrone.Core.Qualities' NzbDrone.Core.Blacklisting' NzbDrone.Core.Datastore,NzbDrone.Core.Qualities.Quality' NzbDrone.Core.Qualities.QualityDefinitionRepository' NzbDrone.Core.Qualities.QualityDefinitionService' NzbDrone.Core.Qualities.QualityModelComparer' NzbDrone.Core.Blacklisting.Blacklist' NzbDrone.Core.Blacklisting.BlacklistRepository' NzbDrone.Core.Blacklisting.IBlacklistService' NzbDrone.Core.Blacklisting.BlacklistService' NzbDrone.Core.Datastore.BasicRepository<TModel>' NzbDrone.Core.Datastore.IDbFactory' NzbDrone.Core.Datastore.TableMapping,NzbDrone.Core.Qualities.Quality' NzbDrone.Core.Qualities.QualityDefinitionRepository' NzbDrone.Core.Qualities.QualityDefinitionService' NzbDrone.Core.Qualities.QualityModelComparer' NzbDrone.Core.Blacklisting.Blacklist' NzbDrone.Core.Blacklisting.BlacklistRepository' NzbDrone.Core.Blacklisting.IBlacklistService' NzbDrone.Core.Blacklisting.BlacklistService' NzbDrone.Core.Datastore.BasicRepository<TModel>' NzbDrone.Core.Datastore.IDbFactory' NzbDrone.Core.Datastore.TableMapping
Cyclic Dependency,Sonarr.Core,NzbDrone.Core.Qualities,The tool detected the smell in this component because this component participates in a cyclic dependency. The participating components in the cycle are: NzbDrone.Core.Qualities' NzbDrone.Core.Datastore' NzbDrone.Core.Authentication' NzbDrone.Core.Datastore,NzbDrone.Core.Qualities.Quality' NzbDrone.Core.Qualities.QualityDefinitionRepository' NzbDrone.Core.Qualities.QualityDefinitionService' NzbDrone.Core.Qualities.QualityModelComparer' NzbDrone.Core.Datastore.BasicRepository<TModel>' NzbDrone.Core.Datastore.IDbFactory' NzbDrone.Core.Datastore.TableMapping' NzbDrone.Core.Authentication.User' NzbDrone.Core.Authentication.UserRepository' NzbDrone.Core.Authentication.UserService,NzbDrone.Core.Qualities.Quality' NzbDrone.Core.Qualities.QualityDefinitionRepository' NzbDrone.Core.Qualities.QualityDefinitionService' NzbDrone.Core.Qualities.QualityModelComparer' NzbDrone.Core.Datastore.BasicRepository<TModel>' NzbDrone.Core.Datastore.IDbFactory' NzbDrone.Core.Datastore.TableMapping' NzbDrone.Core.Authentication.User' NzbDrone.Core.Authentication.UserRepository' NzbDrone.Core.Authentication.UserService
Cyclic Dependency,Sonarr.Core,NzbDrone.Core.Qualities,The tool detected the smell in this component because this component participates in a cyclic dependency. The participating components in the cycle are: NzbDrone.Core.Qualities' NzbDrone.Core.Datastore' NzbDrone.Core.Messaging.Commands' NzbDrone.Core.Messaging.Events' NzbDrone.Core.Datastore,NzbDrone.Core.Qualities.Quality' NzbDrone.Core.Qualities.QualityDefinitionRepository' NzbDrone.Core.Qualities.QualityDefinitionService' NzbDrone.Core.Qualities.QualityModelComparer' NzbDrone.Core.Datastore.BasicRepository<TModel>' NzbDrone.Core.Datastore.IDbFactory' NzbDrone.Core.Datastore.TableMapping' NzbDrone.Core.Messaging.Commands.CommandExecutor' NzbDrone.Core.Messaging.Commands.CommandModel' NzbDrone.Core.Messaging.Commands.CommandQueueManager' NzbDrone.Core.Messaging.Commands.IExecute' NzbDrone.Core.Messaging.Events.CommandExecutedEvent' NzbDrone.Core.Messaging.Events.EventAggregator,NzbDrone.Core.Qualities.Quality' NzbDrone.Core.Qualities.QualityDefinitionRepository' NzbDrone.Core.Qualities.QualityDefinitionService' NzbDrone.Core.Qualities.QualityModelComparer' NzbDrone.Core.Datastore.BasicRepository<TModel>' NzbDrone.Core.Datastore.IDbFactory' NzbDrone.Core.Datastore.TableMapping' NzbDrone.Core.Messaging.Commands.CommandExecutor' NzbDrone.Core.Messaging.Commands.CommandModel' NzbDrone.Core.Messaging.Commands.CommandQueueManager' NzbDrone.Core.Messaging.Commands.IExecute' NzbDrone.Core.Messaging.Events.CommandExecutedEvent' NzbDrone.Core.Messaging.Events.EventAggregator
Cyclic Dependency,Sonarr.Core,NzbDrone.Core.Queue,The tool detected the smell in this component because this component participates in a cyclic dependency. The participating components in the cycle are: NzbDrone.Core.Queue' NzbDrone.Core.Download.Pending' NzbDrone.Core.Datastore,NzbDrone.Core.Queue.Queue' NzbDrone.Core.Queue.QueueService' NzbDrone.Core.Download.Pending.PendingRelease' NzbDrone.Core.Download.Pending.PendingReleaseRepository' NzbDrone.Core.Download.Pending.IPendingReleaseService' NzbDrone.Core.Download.Pending.PendingReleaseService' NzbDrone.Core.Datastore.BasicRepository<TModel>' NzbDrone.Core.Datastore.IDbFactory' NzbDrone.Core.Datastore.TableMapping,NzbDrone.Core.Queue.Queue' NzbDrone.Core.Queue.QueueService' NzbDrone.Core.Download.Pending.PendingRelease' NzbDrone.Core.Download.Pending.PendingReleaseRepository' NzbDrone.Core.Download.Pending.IPendingReleaseService' NzbDrone.Core.Download.Pending.PendingReleaseService' NzbDrone.Core.Datastore.BasicRepository<TModel>' NzbDrone.Core.Datastore.IDbFactory' NzbDrone.Core.Datastore.TableMapping
Cyclic Dependency,Sonarr.Core,NzbDrone.Core.Queue,The tool detected the smell in this component because this component participates in a cyclic dependency. The participating components in the cycle are: NzbDrone.Core.Queue' NzbDrone.Core.Download.Pending' NzbDrone.Core.Download' NzbDrone.Core.Datastore,NzbDrone.Core.Queue.Queue' NzbDrone.Core.Queue.QueueService' NzbDrone.Core.Download.Pending.PendingRelease' NzbDrone.Core.Download.Pending.PendingReleaseRepository' NzbDrone.Core.Download.Pending.IPendingReleaseService' NzbDrone.Core.Download.Pending.PendingReleaseService' NzbDrone.Core.Download.CheckForFinishedDownloadCommand' NzbDrone.Core.Download.ICompletedDownloadService' NzbDrone.Core.Download.CompletedDownloadService' NzbDrone.Core.Download.DownloadClientBase<TSettings>' NzbDrone.Core.Download.DownloadClientRepository' NzbDrone.Core.Download.DownloadClientStatus' NzbDrone.Core.Download.DownloadFailedEvent' NzbDrone.Core.Download.DownloadService' NzbDrone.Core.Download.IProcessDownloadDecisions' NzbDrone.Core.Download.ProcessDownloadDecisions' NzbDrone.Core.Download.RedownloadFailedDownloadService' NzbDrone.Core.Download.TorrentClientBase<TSettings>' NzbDrone.Core.Datastore.BasicRepository<TModel>' NzbDrone.Core.Datastore.IDbFactory' NzbDrone.Core.Datastore.TableMapping,NzbDrone.Core.Queue.Queue' NzbDrone.Core.Queue.QueueService' NzbDrone.Core.Download.Pending.PendingRelease' NzbDrone.Core.Download.Pending.PendingReleaseRepository' NzbDrone.Core.Download.Pending.IPendingReleaseService' NzbDrone.Core.Download.Pending.PendingReleaseService' NzbDrone.Core.Download.CheckForFinishedDownloadCommand' NzbDrone.Core.Download.ICompletedDownloadService' NzbDrone.Core.Download.CompletedDownloadService' NzbDrone.Core.Download.DownloadClientBase<TSettings>' NzbDrone.Core.Download.DownloadClientRepository' NzbDrone.Core.Download.DownloadClientStatus' NzbDrone.Core.Download.DownloadFailedEvent' NzbDrone.Core.Download.DownloadService' NzbDrone.Core.Download.IProcessDownloadDecisions' NzbDrone.Core.Download.ProcessDownloadDecisions' NzbDrone.Core.Download.RedownloadFailedDownloadService' NzbDrone.Core.Download.TorrentClientBase<TSettings>' NzbDrone.Core.Datastore.BasicRepository<TModel>' NzbDrone.Core.Datastore.IDbFactory' NzbDrone.Core.Datastore.TableMapping
Cyclic Dependency,Sonarr.Core,NzbDrone.Core.Queue,The tool detected the smell in this component because this component participates in a cyclic dependency. The participating components in the cycle are: NzbDrone.Core.Queue' NzbDrone.Core.Download.Pending' NzbDrone.Core.Datastore' NzbDrone.Core.Authentication' NzbDrone.Core.Datastore,NzbDrone.Core.Queue.Queue' NzbDrone.Core.Queue.QueueService' NzbDrone.Core.Download.Pending.PendingRelease' NzbDrone.Core.Download.Pending.PendingReleaseRepository' NzbDrone.Core.Download.Pending.IPendingReleaseService' NzbDrone.Core.Download.Pending.PendingReleaseService' NzbDrone.Core.Datastore.BasicRepository<TModel>' NzbDrone.Core.Datastore.IDbFactory' NzbDrone.Core.Datastore.TableMapping' NzbDrone.Core.Authentication.User' NzbDrone.Core.Authentication.UserRepository' NzbDrone.Core.Authentication.UserService,NzbDrone.Core.Queue.Queue' NzbDrone.Core.Queue.QueueService' NzbDrone.Core.Download.Pending.PendingRelease' NzbDrone.Core.Download.Pending.PendingReleaseRepository' NzbDrone.Core.Download.Pending.IPendingReleaseService' NzbDrone.Core.Download.Pending.PendingReleaseService' NzbDrone.Core.Datastore.BasicRepository<TModel>' NzbDrone.Core.Datastore.IDbFactory' NzbDrone.Core.Datastore.TableMapping' NzbDrone.Core.Authentication.User' NzbDrone.Core.Authentication.UserRepository' NzbDrone.Core.Authentication.UserService
Cyclic Dependency,Sonarr.Core,NzbDrone.Core.RemotePathMappings,The tool detected the smell in this component because this component participates in a cyclic dependency. The participating components in the cycle are: NzbDrone.Core.RemotePathMappings' NzbDrone.Core.Datastore,NzbDrone.Core.RemotePathMappings.RemotePathMapping' NzbDrone.Core.RemotePathMappings.RemotePathMappingRepository' NzbDrone.Core.RemotePathMappings.RemotePathMappingService' NzbDrone.Core.Datastore.BasicRepository<TModel>' NzbDrone.Core.Datastore.IDbFactory' NzbDrone.Core.Datastore.TableMapping,NzbDrone.Core.RemotePathMappings.RemotePathMapping' NzbDrone.Core.RemotePathMappings.RemotePathMappingRepository' NzbDrone.Core.RemotePathMappings.RemotePathMappingService' NzbDrone.Core.Datastore.BasicRepository<TModel>' NzbDrone.Core.Datastore.IDbFactory' NzbDrone.Core.Datastore.TableMapping
Cyclic Dependency,Sonarr.Core,NzbDrone.Core.RemotePathMappings,The tool detected the smell in this component because this component participates in a cyclic dependency. The participating components in the cycle are: NzbDrone.Core.RemotePathMappings' NzbDrone.Core.Download' NzbDrone.Core.Datastore,NzbDrone.Core.RemotePathMappings.RemotePathMapping' NzbDrone.Core.RemotePathMappings.RemotePathMappingRepository' NzbDrone.Core.RemotePathMappings.RemotePathMappingService' NzbDrone.Core.Download.CheckForFinishedDownloadCommand' NzbDrone.Core.Download.ICompletedDownloadService' NzbDrone.Core.Download.CompletedDownloadService' NzbDrone.Core.Download.DownloadClientBase<TSettings>' NzbDrone.Core.Download.DownloadClientRepository' NzbDrone.Core.Download.DownloadClientStatus' NzbDrone.Core.Download.DownloadFailedEvent' NzbDrone.Core.Download.DownloadService' NzbDrone.Core.Download.IProcessDownloadDecisions' NzbDrone.Core.Download.ProcessDownloadDecisions' NzbDrone.Core.Download.RedownloadFailedDownloadService' NzbDrone.Core.Download.TorrentClientBase<TSettings>' NzbDrone.Core.Datastore.BasicRepository<TModel>' NzbDrone.Core.Datastore.IDbFactory' NzbDrone.Core.Datastore.TableMapping,NzbDrone.Core.RemotePathMappings.RemotePathMapping' NzbDrone.Core.RemotePathMappings.RemotePathMappingRepository' NzbDrone.Core.RemotePathMappings.RemotePathMappingService' NzbDrone.Core.Download.CheckForFinishedDownloadCommand' NzbDrone.Core.Download.ICompletedDownloadService' NzbDrone.Core.Download.CompletedDownloadService' NzbDrone.Core.Download.DownloadClientBase<TSettings>' NzbDrone.Core.Download.DownloadClientRepository' NzbDrone.Core.Download.DownloadClientStatus' NzbDrone.Core.Download.DownloadFailedEvent' NzbDrone.Core.Download.DownloadService' NzbDrone.Core.Download.IProcessDownloadDecisions' NzbDrone.Core.Download.ProcessDownloadDecisions' NzbDrone.Core.Download.RedownloadFailedDownloadService' NzbDrone.Core.Download.TorrentClientBase<TSettings>' NzbDrone.Core.Datastore.BasicRepository<TModel>' NzbDrone.Core.Datastore.IDbFactory' NzbDrone.Core.Datastore.TableMapping
Cyclic Dependency,Sonarr.Core,NzbDrone.Core.RemotePathMappings,The tool detected the smell in this component because this component participates in a cyclic dependency. The participating components in the cycle are: NzbDrone.Core.RemotePathMappings' NzbDrone.Core.Datastore' NzbDrone.Core.Authentication' NzbDrone.Core.Datastore,NzbDrone.Core.RemotePathMappings.RemotePathMapping' NzbDrone.Core.RemotePathMappings.RemotePathMappingRepository' NzbDrone.Core.RemotePathMappings.RemotePathMappingService' NzbDrone.Core.Datastore.BasicRepository<TModel>' NzbDrone.Core.Datastore.IDbFactory' NzbDrone.Core.Datastore.TableMapping' NzbDrone.Core.Authentication.User' NzbDrone.Core.Authentication.UserRepository' NzbDrone.Core.Authentication.UserService,NzbDrone.Core.RemotePathMappings.RemotePathMapping' NzbDrone.Core.RemotePathMappings.RemotePathMappingRepository' NzbDrone.Core.RemotePathMappings.RemotePathMappingService' NzbDrone.Core.Datastore.BasicRepository<TModel>' NzbDrone.Core.Datastore.IDbFactory' NzbDrone.Core.Datastore.TableMapping' NzbDrone.Core.Authentication.User' NzbDrone.Core.Authentication.UserRepository' NzbDrone.Core.Authentication.UserService
Cyclic Dependency,Sonarr.Core,NzbDrone.Core.RemotePathMappings,The tool detected the smell in this component because this component participates in a cyclic dependency. The participating components in the cycle are: NzbDrone.Core.RemotePathMappings' NzbDrone.Core.Datastore' NzbDrone.Core.Messaging.Commands' NzbDrone.Core.Messaging.Events' NzbDrone.Core.Datastore,NzbDrone.Core.RemotePathMappings.RemotePathMapping' NzbDrone.Core.RemotePathMappings.RemotePathMappingRepository' NzbDrone.Core.RemotePathMappings.RemotePathMappingService' NzbDrone.Core.Datastore.BasicRepository<TModel>' NzbDrone.Core.Datastore.IDbFactory' NzbDrone.Core.Datastore.TableMapping' NzbDrone.Core.Messaging.Commands.CommandExecutor' NzbDrone.Core.Messaging.Commands.CommandModel' NzbDrone.Core.Messaging.Commands.CommandQueueManager' NzbDrone.Core.Messaging.Commands.IExecute' NzbDrone.Core.Messaging.Events.CommandExecutedEvent' NzbDrone.Core.Messaging.Events.EventAggregator,NzbDrone.Core.RemotePathMappings.RemotePathMapping' NzbDrone.Core.RemotePathMappings.RemotePathMappingRepository' NzbDrone.Core.RemotePathMappings.RemotePathMappingService' NzbDrone.Core.Datastore.BasicRepository<TModel>' NzbDrone.Core.Datastore.IDbFactory' NzbDrone.Core.Datastore.TableMapping' NzbDrone.Core.Messaging.Commands.CommandExecutor' NzbDrone.Core.Messaging.Commands.CommandModel' NzbDrone.Core.Messaging.Commands.CommandQueueManager' NzbDrone.Core.Messaging.Commands.IExecute' NzbDrone.Core.Messaging.Events.CommandExecutedEvent' NzbDrone.Core.Messaging.Events.EventAggregator
Cyclic Dependency,Sonarr.Core,NzbDrone.Core.RootFolders,The tool detected the smell in this component because this component participates in a cyclic dependency. The participating components in the cycle are: NzbDrone.Core.RootFolders' NzbDrone.Core.Datastore,NzbDrone.Core.RootFolders.RootFolder' NzbDrone.Core.RootFolders.RootFolderRepository' NzbDrone.Core.RootFolders.RootFolderService' NzbDrone.Core.Datastore.BasicRepository<TModel>' NzbDrone.Core.Datastore.IDbFactory' NzbDrone.Core.Datastore.TableMapping,NzbDrone.Core.RootFolders.RootFolder' NzbDrone.Core.RootFolders.RootFolderRepository' NzbDrone.Core.RootFolders.RootFolderService' NzbDrone.Core.Datastore.BasicRepository<TModel>' NzbDrone.Core.Datastore.IDbFactory' NzbDrone.Core.Datastore.TableMapping
Cyclic Dependency,Sonarr.Core,NzbDrone.Core.RootFolders,The tool detected the smell in this component because this component participates in a cyclic dependency. The participating components in the cycle are: NzbDrone.Core.RootFolders' NzbDrone.Core.MediaFiles' NzbDrone.Core.Datastore,NzbDrone.Core.RootFolders.RootFolder' NzbDrone.Core.RootFolders.RootFolderRepository' NzbDrone.Core.RootFolders.RootFolderService' NzbDrone.Core.MediaFiles.IDiskScanService' NzbDrone.Core.MediaFiles.DiskScanService' NzbDrone.Core.MediaFiles.DownloadedEpisodesCommandService' NzbDrone.Core.MediaFiles.IDownloadedEpisodesImportService' NzbDrone.Core.MediaFiles.DownloadedEpisodesImportService' NzbDrone.Core.MediaFiles.EpisodeFile' NzbDrone.Core.MediaFiles.EpisodeFileMovingService' NzbDrone.Core.MediaFiles.MediaFileDeletionService' NzbDrone.Core.Datastore.BasicRepository<TModel>' NzbDrone.Core.Datastore.IDbFactory' NzbDrone.Core.Datastore.TableMapping,NzbDrone.Core.RootFolders.RootFolder' NzbDrone.Core.RootFolders.RootFolderRepository' NzbDrone.Core.RootFolders.RootFolderService' NzbDrone.Core.MediaFiles.IDiskScanService' NzbDrone.Core.MediaFiles.DiskScanService' NzbDrone.Core.MediaFiles.DownloadedEpisodesCommandService' NzbDrone.Core.MediaFiles.IDownloadedEpisodesImportService' NzbDrone.Core.MediaFiles.DownloadedEpisodesImportService' NzbDrone.Core.MediaFiles.EpisodeFile' NzbDrone.Core.MediaFiles.EpisodeFileMovingService' NzbDrone.Core.MediaFiles.MediaFileDeletionService' NzbDrone.Core.Datastore.BasicRepository<TModel>' NzbDrone.Core.Datastore.IDbFactory' NzbDrone.Core.Datastore.TableMapping
Cyclic Dependency,Sonarr.Core,NzbDrone.Core.RootFolders,The tool detected the smell in this component because this component participates in a cyclic dependency. The participating components in the cycle are: NzbDrone.Core.RootFolders' NzbDrone.Core.Datastore' NzbDrone.Core.Authentication' NzbDrone.Core.Datastore,NzbDrone.Core.RootFolders.RootFolder' NzbDrone.Core.RootFolders.RootFolderRepository' NzbDrone.Core.RootFolders.RootFolderService' NzbDrone.Core.Datastore.BasicRepository<TModel>' NzbDrone.Core.Datastore.IDbFactory' NzbDrone.Core.Datastore.TableMapping' NzbDrone.Core.Authentication.User' NzbDrone.Core.Authentication.UserRepository' NzbDrone.Core.Authentication.UserService,NzbDrone.Core.RootFolders.RootFolder' NzbDrone.Core.RootFolders.RootFolderRepository' NzbDrone.Core.RootFolders.RootFolderService' NzbDrone.Core.Datastore.BasicRepository<TModel>' NzbDrone.Core.Datastore.IDbFactory' NzbDrone.Core.Datastore.TableMapping' NzbDrone.Core.Authentication.User' NzbDrone.Core.Authentication.UserRepository' NzbDrone.Core.Authentication.UserService
Cyclic Dependency,Sonarr.Core,NzbDrone.Core.RootFolders,The tool detected the smell in this component because this component participates in a cyclic dependency. The participating components in the cycle are: NzbDrone.Core.RootFolders' NzbDrone.Core.Datastore' NzbDrone.Core.Messaging.Commands' NzbDrone.Core.Messaging.Events' NzbDrone.Core.Datastore,NzbDrone.Core.RootFolders.RootFolder' NzbDrone.Core.RootFolders.RootFolderRepository' NzbDrone.Core.RootFolders.RootFolderService' NzbDrone.Core.Datastore.BasicRepository<TModel>' NzbDrone.Core.Datastore.IDbFactory' NzbDrone.Core.Datastore.TableMapping' NzbDrone.Core.Messaging.Commands.CommandExecutor' NzbDrone.Core.Messaging.Commands.CommandModel' NzbDrone.Core.Messaging.Commands.CommandQueueManager' NzbDrone.Core.Messaging.Commands.IExecute' NzbDrone.Core.Messaging.Events.CommandExecutedEvent' NzbDrone.Core.Messaging.Events.EventAggregator,NzbDrone.Core.RootFolders.RootFolder' NzbDrone.Core.RootFolders.RootFolderRepository' NzbDrone.Core.RootFolders.RootFolderService' NzbDrone.Core.Datastore.BasicRepository<TModel>' NzbDrone.Core.Datastore.IDbFactory' NzbDrone.Core.Datastore.TableMapping' NzbDrone.Core.Messaging.Commands.CommandExecutor' NzbDrone.Core.Messaging.Commands.CommandModel' NzbDrone.Core.Messaging.Commands.CommandQueueManager' NzbDrone.Core.Messaging.Commands.IExecute' NzbDrone.Core.Messaging.Events.CommandExecutedEvent' NzbDrone.Core.Messaging.Events.EventAggregator
Cyclic Dependency,Sonarr.Core,NzbDrone.Core.Security,The tool detected the smell in this component because this component participates in a cyclic dependency. The participating components in the cycle are: NzbDrone.Core.Security' NzbDrone.Core.Configuration,NzbDrone.Core.Security.X509CertificateValidationService' NzbDrone.Core.Configuration.Config' NzbDrone.Core.Configuration.IConfigFileProvider' NzbDrone.Core.Configuration.ConfigFileProvider' NzbDrone.Core.Configuration.ConfigService,NzbDrone.Core.Security.X509CertificateValidationService' NzbDrone.Core.Configuration.Config' NzbDrone.Core.Configuration.IConfigFileProvider' NzbDrone.Core.Configuration.ConfigFileProvider' NzbDrone.Core.Configuration.ConfigService
Cyclic Dependency,Sonarr.Core,NzbDrone.Core.Security,The tool detected the smell in this component because this component participates in a cyclic dependency. The participating components in the cycle are: NzbDrone.Core.Security' NzbDrone.Core.Configuration' NzbDrone.Core.Datastore' NzbDrone.Core.Configuration,NzbDrone.Core.Security.X509CertificateValidationService' NzbDrone.Core.Configuration.Config' NzbDrone.Core.Configuration.IConfigFileProvider' NzbDrone.Core.Configuration.ConfigFileProvider' NzbDrone.Core.Configuration.ConfigService' NzbDrone.Core.Datastore.BasicRepository<TModel>' NzbDrone.Core.Datastore.IDbFactory' NzbDrone.Core.Datastore.TableMapping,NzbDrone.Core.Security.X509CertificateValidationService' NzbDrone.Core.Configuration.Config' NzbDrone.Core.Configuration.IConfigFileProvider' NzbDrone.Core.Configuration.ConfigFileProvider' NzbDrone.Core.Configuration.ConfigService' NzbDrone.Core.Datastore.BasicRepository<TModel>' NzbDrone.Core.Datastore.IDbFactory' NzbDrone.Core.Datastore.TableMapping
Cyclic Dependency,Sonarr.Core,NzbDrone.Core.Security,The tool detected the smell in this component because this component participates in a cyclic dependency. The participating components in the cycle are: NzbDrone.Core.Security' NzbDrone.Core.Configuration' NzbDrone.Core.Download' NzbDrone.Core.Datastore' NzbDrone.Core.Configuration,NzbDrone.Core.Security.X509CertificateValidationService' NzbDrone.Core.Configuration.Config' NzbDrone.Core.Configuration.IConfigFileProvider' NzbDrone.Core.Configuration.ConfigFileProvider' NzbDrone.Core.Configuration.ConfigService' NzbDrone.Core.Download.CheckForFinishedDownloadCommand' NzbDrone.Core.Download.ICompletedDownloadService' NzbDrone.Core.Download.CompletedDownloadService' NzbDrone.Core.Download.DownloadClientBase<TSettings>' NzbDrone.Core.Download.DownloadClientRepository' NzbDrone.Core.Download.DownloadClientStatus' NzbDrone.Core.Download.DownloadFailedEvent' NzbDrone.Core.Download.DownloadService' NzbDrone.Core.Download.IProcessDownloadDecisions' NzbDrone.Core.Download.ProcessDownloadDecisions' NzbDrone.Core.Download.RedownloadFailedDownloadService' NzbDrone.Core.Download.TorrentClientBase<TSettings>' NzbDrone.Core.Datastore.BasicRepository<TModel>' NzbDrone.Core.Datastore.IDbFactory' NzbDrone.Core.Datastore.TableMapping,NzbDrone.Core.Security.X509CertificateValidationService' NzbDrone.Core.Configuration.Config' NzbDrone.Core.Configuration.IConfigFileProvider' NzbDrone.Core.Configuration.ConfigFileProvider' NzbDrone.Core.Configuration.ConfigService' NzbDrone.Core.Download.CheckForFinishedDownloadCommand' NzbDrone.Core.Download.ICompletedDownloadService' NzbDrone.Core.Download.CompletedDownloadService' NzbDrone.Core.Download.DownloadClientBase<TSettings>' NzbDrone.Core.Download.DownloadClientRepository' NzbDrone.Core.Download.DownloadClientStatus' NzbDrone.Core.Download.DownloadFailedEvent' NzbDrone.Core.Download.DownloadService' NzbDrone.Core.Download.IProcessDownloadDecisions' NzbDrone.Core.Download.ProcessDownloadDecisions' NzbDrone.Core.Download.RedownloadFailedDownloadService' NzbDrone.Core.Download.TorrentClientBase<TSettings>' NzbDrone.Core.Datastore.BasicRepository<TModel>' NzbDrone.Core.Datastore.IDbFactory' NzbDrone.Core.Datastore.TableMapping
Cyclic Dependency,Sonarr.Core,NzbDrone.Core.SeriesStats,The tool detected the smell in this component because this component participates in a cyclic dependency. The participating components in the cycle are: NzbDrone.Core.SeriesStats' NzbDrone.Core.Datastore,NzbDrone.Core.SeriesStats.SeasonStatistics' NzbDrone.Core.Datastore.BasicRepository<TModel>' NzbDrone.Core.Datastore.IDbFactory' NzbDrone.Core.Datastore.TableMapping,NzbDrone.Core.SeriesStats.SeasonStatistics' NzbDrone.Core.Datastore.BasicRepository<TModel>' NzbDrone.Core.Datastore.IDbFactory' NzbDrone.Core.Datastore.TableMapping
Cyclic Dependency,Sonarr.Core,NzbDrone.Core.SeriesStats,The tool detected the smell in this component because this component participates in a cyclic dependency. The participating components in the cycle are: NzbDrone.Core.SeriesStats' NzbDrone.Core.Datastore' NzbDrone.Core.Authentication' NzbDrone.Core.Datastore,NzbDrone.Core.SeriesStats.SeasonStatistics' NzbDrone.Core.Datastore.BasicRepository<TModel>' NzbDrone.Core.Datastore.IDbFactory' NzbDrone.Core.Datastore.TableMapping' NzbDrone.Core.Authentication.User' NzbDrone.Core.Authentication.UserRepository' NzbDrone.Core.Authentication.UserService,NzbDrone.Core.SeriesStats.SeasonStatistics' NzbDrone.Core.Datastore.BasicRepository<TModel>' NzbDrone.Core.Datastore.IDbFactory' NzbDrone.Core.Datastore.TableMapping' NzbDrone.Core.Authentication.User' NzbDrone.Core.Authentication.UserRepository' NzbDrone.Core.Authentication.UserService
Cyclic Dependency,Sonarr.Core,NzbDrone.Core.SeriesStats,The tool detected the smell in this component because this component participates in a cyclic dependency. The participating components in the cycle are: NzbDrone.Core.SeriesStats' NzbDrone.Core.Datastore' NzbDrone.Core.Messaging.Commands' NzbDrone.Core.Messaging.Events' NzbDrone.Core.Datastore,NzbDrone.Core.SeriesStats.SeasonStatistics' NzbDrone.Core.Datastore.BasicRepository<TModel>' NzbDrone.Core.Datastore.IDbFactory' NzbDrone.Core.Datastore.TableMapping' NzbDrone.Core.Messaging.Commands.CommandExecutor' NzbDrone.Core.Messaging.Commands.CommandModel' NzbDrone.Core.Messaging.Commands.CommandQueueManager' NzbDrone.Core.Messaging.Commands.IExecute' NzbDrone.Core.Messaging.Events.CommandExecutedEvent' NzbDrone.Core.Messaging.Events.EventAggregator,NzbDrone.Core.SeriesStats.SeasonStatistics' NzbDrone.Core.Datastore.BasicRepository<TModel>' NzbDrone.Core.Datastore.IDbFactory' NzbDrone.Core.Datastore.TableMapping' NzbDrone.Core.Messaging.Commands.CommandExecutor' NzbDrone.Core.Messaging.Commands.CommandModel' NzbDrone.Core.Messaging.Commands.CommandQueueManager' NzbDrone.Core.Messaging.Commands.IExecute' NzbDrone.Core.Messaging.Events.CommandExecutedEvent' NzbDrone.Core.Messaging.Events.EventAggregator
Cyclic Dependency,Sonarr.Core,NzbDrone.Core.Tags,The tool detected the smell in this component because this component participates in a cyclic dependency. The participating components in the cycle are: NzbDrone.Core.Tags' NzbDrone.Core.Datastore,NzbDrone.Core.Tags.Tag' NzbDrone.Core.Tags.TagRepository' NzbDrone.Core.Tags.TagService' NzbDrone.Core.Datastore.BasicRepository<TModel>' NzbDrone.Core.Datastore.IDbFactory' NzbDrone.Core.Datastore.TableMapping,NzbDrone.Core.Tags.Tag' NzbDrone.Core.Tags.TagRepository' NzbDrone.Core.Tags.TagService' NzbDrone.Core.Datastore.BasicRepository<TModel>' NzbDrone.Core.Datastore.IDbFactory' NzbDrone.Core.Datastore.TableMapping
Cyclic Dependency,Sonarr.Core,NzbDrone.Core.Tags,The tool detected the smell in this component because this component participates in a cyclic dependency. The participating components in the cycle are: NzbDrone.Core.Tags' NzbDrone.Core.Datastore' NzbDrone.Core.Notifications,NzbDrone.Core.Tags.Tag' NzbDrone.Core.Tags.TagRepository' NzbDrone.Core.Tags.TagService' NzbDrone.Core.Datastore.BasicRepository<TModel>' NzbDrone.Core.Datastore.IDbFactory' NzbDrone.Core.Datastore.TableMapping' NzbDrone.Core.Notifications.DownloadMessage' NzbDrone.Core.Notifications.GrabMessage' NzbDrone.Core.Notifications.INotification' NzbDrone.Core.Notifications.NotificationFactory' NzbDrone.Core.Notifications.NotificationRepository' NzbDrone.Core.Notifications.NotificationService,NzbDrone.Core.Tags.Tag' NzbDrone.Core.Tags.TagRepository' NzbDrone.Core.Tags.TagService' NzbDrone.Core.Datastore.BasicRepository<TModel>' NzbDrone.Core.Datastore.IDbFactory' NzbDrone.Core.Datastore.TableMapping' NzbDrone.Core.Notifications.DownloadMessage' NzbDrone.Core.Notifications.GrabMessage' NzbDrone.Core.Notifications.INotification' NzbDrone.Core.Notifications.NotificationFactory' NzbDrone.Core.Notifications.NotificationRepository' NzbDrone.Core.Notifications.NotificationService
Cyclic Dependency,Sonarr.Core,NzbDrone.Core.Tags,The tool detected the smell in this component because this component participates in a cyclic dependency. The participating components in the cycle are: NzbDrone.Core.Tags' NzbDrone.Core.Datastore' NzbDrone.Core.Authentication' NzbDrone.Core.Datastore,NzbDrone.Core.Tags.Tag' NzbDrone.Core.Tags.TagRepository' NzbDrone.Core.Tags.TagService' NzbDrone.Core.Datastore.BasicRepository<TModel>' NzbDrone.Core.Datastore.IDbFactory' NzbDrone.Core.Datastore.TableMapping' NzbDrone.Core.Authentication.User' NzbDrone.Core.Authentication.UserRepository' NzbDrone.Core.Authentication.UserService,NzbDrone.Core.Tags.Tag' NzbDrone.Core.Tags.TagRepository' NzbDrone.Core.Tags.TagService' NzbDrone.Core.Datastore.BasicRepository<TModel>' NzbDrone.Core.Datastore.IDbFactory' NzbDrone.Core.Datastore.TableMapping' NzbDrone.Core.Authentication.User' NzbDrone.Core.Authentication.UserRepository' NzbDrone.Core.Authentication.UserService
Cyclic Dependency,Sonarr.Core,NzbDrone.Core.Tags,The tool detected the smell in this component because this component participates in a cyclic dependency. The participating components in the cycle are: NzbDrone.Core.Tags' NzbDrone.Core.Datastore' NzbDrone.Core.Messaging.Commands' NzbDrone.Core.Messaging.Events' NzbDrone.Core.Datastore,NzbDrone.Core.Tags.Tag' NzbDrone.Core.Tags.TagRepository' NzbDrone.Core.Tags.TagService' NzbDrone.Core.Datastore.BasicRepository<TModel>' NzbDrone.Core.Datastore.IDbFactory' NzbDrone.Core.Datastore.TableMapping' NzbDrone.Core.Messaging.Commands.CommandExecutor' NzbDrone.Core.Messaging.Commands.CommandModel' NzbDrone.Core.Messaging.Commands.CommandQueueManager' NzbDrone.Core.Messaging.Commands.IExecute' NzbDrone.Core.Messaging.Events.CommandExecutedEvent' NzbDrone.Core.Messaging.Events.EventAggregator,NzbDrone.Core.Tags.Tag' NzbDrone.Core.Tags.TagRepository' NzbDrone.Core.Tags.TagService' NzbDrone.Core.Datastore.BasicRepository<TModel>' NzbDrone.Core.Datastore.IDbFactory' NzbDrone.Core.Datastore.TableMapping' NzbDrone.Core.Messaging.Commands.CommandExecutor' NzbDrone.Core.Messaging.Commands.CommandModel' NzbDrone.Core.Messaging.Commands.CommandQueueManager' NzbDrone.Core.Messaging.Commands.IExecute' NzbDrone.Core.Messaging.Events.CommandExecutedEvent' NzbDrone.Core.Messaging.Events.EventAggregator
Cyclic Dependency,Sonarr.Core,NzbDrone.Core.ThingiProvider,The tool detected the smell in this component because this component participates in a cyclic dependency. The participating components in the cycle are: NzbDrone.Core.ThingiProvider' NzbDrone.Core.Datastore,NzbDrone.Core.ThingiProvider.IProviderConfig' NzbDrone.Core.ThingiProvider.IProviderRepository' NzbDrone.Core.ThingiProvider.ProviderFactory<TProvider'TProviderDefinition>' NzbDrone.Core.Datastore.BasicRepository<TModel>' NzbDrone.Core.Datastore.IDbFactory' NzbDrone.Core.Datastore.TableMapping,NzbDrone.Core.ThingiProvider.IProviderConfig' NzbDrone.Core.ThingiProvider.IProviderRepository' NzbDrone.Core.ThingiProvider.ProviderFactory<TProvider'TProviderDefinition>' NzbDrone.Core.Datastore.BasicRepository<TModel>' NzbDrone.Core.Datastore.IDbFactory' NzbDrone.Core.Datastore.TableMapping
Cyclic Dependency,Sonarr.Core,NzbDrone.Core.ThingiProvider,The tool detected the smell in this component because this component participates in a cyclic dependency. The participating components in the cycle are: NzbDrone.Core.ThingiProvider' NzbDrone.Core.Datastore.Converters' NzbDrone.Core.Datastore,NzbDrone.Core.ThingiProvider.IProviderConfig' NzbDrone.Core.ThingiProvider.IProviderRepository' NzbDrone.Core.ThingiProvider.ProviderFactory<TProvider'TProviderDefinition>' NzbDrone.Core.Datastore.Converters.CommandConverter' NzbDrone.Core.Datastore.Converters.LanguageIntConverter' NzbDrone.Core.Datastore.Converters.ProviderSettingConverter' NzbDrone.Core.Datastore.Converters.QualityIntConverter' NzbDrone.Core.Datastore.BasicRepository<TModel>' NzbDrone.Core.Datastore.IDbFactory' NzbDrone.Core.Datastore.TableMapping,NzbDrone.Core.ThingiProvider.IProviderConfig' NzbDrone.Core.ThingiProvider.IProviderRepository' NzbDrone.Core.ThingiProvider.ProviderFactory<TProvider'TProviderDefinition>' NzbDrone.Core.Datastore.Converters.CommandConverter' NzbDrone.Core.Datastore.Converters.LanguageIntConverter' NzbDrone.Core.Datastore.Converters.ProviderSettingConverter' NzbDrone.Core.Datastore.Converters.QualityIntConverter' NzbDrone.Core.Datastore.BasicRepository<TModel>' NzbDrone.Core.Datastore.IDbFactory' NzbDrone.Core.Datastore.TableMapping
Cyclic Dependency,Sonarr.Core,NzbDrone.Core.ThingiProvider,The tool detected the smell in this component because this component participates in a cyclic dependency. The participating components in the cycle are: NzbDrone.Core.ThingiProvider' NzbDrone.Core.Datastore' NzbDrone.Core.Profiles.Languages' NzbDrone.Core.Validation,NzbDrone.Core.ThingiProvider.IProviderConfig' NzbDrone.Core.ThingiProvider.IProviderRepository' NzbDrone.Core.ThingiProvider.ProviderFactory<TProvider'TProviderDefinition>' NzbDrone.Core.Datastore.BasicRepository<TModel>' NzbDrone.Core.Datastore.IDbFactory' NzbDrone.Core.Datastore.TableMapping' NzbDrone.Core.Profiles.Languages.LanguageProfile' NzbDrone.Core.Profiles.Languages.LanguageProfileRepository' NzbDrone.Core.Profiles.Languages.LanguageProfileService' NzbDrone.Core.Validation.LanguageProfileExistsValidator' NzbDrone.Core.Validation.ProfileExistsValidator,NzbDrone.Core.ThingiProvider.IProviderConfig' NzbDrone.Core.ThingiProvider.IProviderRepository' NzbDrone.Core.ThingiProvider.ProviderFactory<TProvider'TProviderDefinition>' NzbDrone.Core.Datastore.BasicRepository<TModel>' NzbDrone.Core.Datastore.IDbFactory' NzbDrone.Core.Datastore.TableMapping' NzbDrone.Core.Profiles.Languages.LanguageProfile' NzbDrone.Core.Profiles.Languages.LanguageProfileRepository' NzbDrone.Core.Profiles.Languages.LanguageProfileService' NzbDrone.Core.Validation.LanguageProfileExistsValidator' NzbDrone.Core.Validation.ProfileExistsValidator
Cyclic Dependency,Sonarr.Core,NzbDrone.Core.ThingiProvider,The tool detected the smell in this component because this component participates in a cyclic dependency. The participating components in the cycle are: NzbDrone.Core.ThingiProvider' NzbDrone.Core.Datastore.Converters' NzbDrone.Core.Datastore' NzbDrone.Core.Profiles.Languages' NzbDrone.Core.Validation,NzbDrone.Core.ThingiProvider.IProviderConfig' NzbDrone.Core.ThingiProvider.IProviderRepository' NzbDrone.Core.ThingiProvider.ProviderFactory<TProvider'TProviderDefinition>' NzbDrone.Core.Datastore.Converters.CommandConverter' NzbDrone.Core.Datastore.Converters.LanguageIntConverter' NzbDrone.Core.Datastore.Converters.ProviderSettingConverter' NzbDrone.Core.Datastore.Converters.QualityIntConverter' NzbDrone.Core.Datastore.BasicRepository<TModel>' NzbDrone.Core.Datastore.IDbFactory' NzbDrone.Core.Datastore.TableMapping' NzbDrone.Core.Profiles.Languages.LanguageProfile' NzbDrone.Core.Profiles.Languages.LanguageProfileRepository' NzbDrone.Core.Profiles.Languages.LanguageProfileService' NzbDrone.Core.Validation.LanguageProfileExistsValidator' NzbDrone.Core.Validation.ProfileExistsValidator,NzbDrone.Core.ThingiProvider.IProviderConfig' NzbDrone.Core.ThingiProvider.IProviderRepository' NzbDrone.Core.ThingiProvider.ProviderFactory<TProvider'TProviderDefinition>' NzbDrone.Core.Datastore.Converters.CommandConverter' NzbDrone.Core.Datastore.Converters.LanguageIntConverter' NzbDrone.Core.Datastore.Converters.ProviderSettingConverter' NzbDrone.Core.Datastore.Converters.QualityIntConverter' NzbDrone.Core.Datastore.BasicRepository<TModel>' NzbDrone.Core.Datastore.IDbFactory' NzbDrone.Core.Datastore.TableMapping' NzbDrone.Core.Profiles.Languages.LanguageProfile' NzbDrone.Core.Profiles.Languages.LanguageProfileRepository' NzbDrone.Core.Profiles.Languages.LanguageProfileService' NzbDrone.Core.Validation.LanguageProfileExistsValidator' NzbDrone.Core.Validation.ProfileExistsValidator
Cyclic Dependency,Sonarr.Core,NzbDrone.Core.ThingiProvider.Events,The tool detected the smell in this component because this component participates in a cyclic dependency. The participating components in the cycle are: NzbDrone.Core.ThingiProvider.Events' NzbDrone.Core.ThingiProvider.Status,NzbDrone.Core.ThingiProvider.Events.ProviderStatusChangedEvent<TProvider>' NzbDrone.Core.ThingiProvider.Events.ProviderUpdatedEvent<TProvider>' NzbDrone.Core.ThingiProvider.Status.ProviderStatusBase' NzbDrone.Core.ThingiProvider.Status.ProviderStatusRepository<TModel>' NzbDrone.Core.ThingiProvider.Status.ProviderStatusServiceBase<TProvider'TModel>,NzbDrone.Core.ThingiProvider.Events.ProviderStatusChangedEvent<TProvider>' NzbDrone.Core.ThingiProvider.Events.ProviderUpdatedEvent<TProvider>' NzbDrone.Core.ThingiProvider.Status.ProviderStatusBase' NzbDrone.Core.ThingiProvider.Status.ProviderStatusRepository<TModel>' NzbDrone.Core.ThingiProvider.Status.ProviderStatusServiceBase<TProvider'TModel>
Cyclic Dependency,Sonarr.Core,NzbDrone.Core.ThingiProvider.Events,The tool detected the smell in this component because this component participates in a cyclic dependency. The participating components in the cycle are: NzbDrone.Core.ThingiProvider.Events' NzbDrone.Core.ThingiProvider' NzbDrone.Core.ThingiProvider.Status,NzbDrone.Core.ThingiProvider.Events.ProviderStatusChangedEvent<TProvider>' NzbDrone.Core.ThingiProvider.Events.ProviderUpdatedEvent<TProvider>' NzbDrone.Core.ThingiProvider.IProviderConfig' NzbDrone.Core.ThingiProvider.IProviderRepository' NzbDrone.Core.ThingiProvider.ProviderFactory<TProvider'TProviderDefinition>' NzbDrone.Core.ThingiProvider.Status.ProviderStatusBase' NzbDrone.Core.ThingiProvider.Status.ProviderStatusRepository<TModel>' NzbDrone.Core.ThingiProvider.Status.ProviderStatusServiceBase<TProvider'TModel>,NzbDrone.Core.ThingiProvider.Events.ProviderStatusChangedEvent<TProvider>' NzbDrone.Core.ThingiProvider.Events.ProviderUpdatedEvent<TProvider>' NzbDrone.Core.ThingiProvider.IProviderConfig' NzbDrone.Core.ThingiProvider.IProviderRepository' NzbDrone.Core.ThingiProvider.ProviderFactory<TProvider'TProviderDefinition>' NzbDrone.Core.ThingiProvider.Status.ProviderStatusBase' NzbDrone.Core.ThingiProvider.Status.ProviderStatusRepository<TModel>' NzbDrone.Core.ThingiProvider.Status.ProviderStatusServiceBase<TProvider'TModel>
Cyclic Dependency,Sonarr.Core,NzbDrone.Core.ThingiProvider.Events,The tool detected the smell in this component because this component participates in a cyclic dependency. The participating components in the cycle are: NzbDrone.Core.ThingiProvider.Events' NzbDrone.Core.ThingiProvider' NzbDrone.Core.Datastore' NzbDrone.Core.ThingiProvider.Status,NzbDrone.Core.ThingiProvider.Events.ProviderStatusChangedEvent<TProvider>' NzbDrone.Core.ThingiProvider.Events.ProviderUpdatedEvent<TProvider>' NzbDrone.Core.ThingiProvider.IProviderConfig' NzbDrone.Core.ThingiProvider.IProviderRepository' NzbDrone.Core.ThingiProvider.ProviderFactory<TProvider'TProviderDefinition>' NzbDrone.Core.Datastore.BasicRepository<TModel>' NzbDrone.Core.Datastore.IDbFactory' NzbDrone.Core.Datastore.TableMapping' NzbDrone.Core.ThingiProvider.Status.ProviderStatusBase' NzbDrone.Core.ThingiProvider.Status.ProviderStatusRepository<TModel>' NzbDrone.Core.ThingiProvider.Status.ProviderStatusServiceBase<TProvider'TModel>,NzbDrone.Core.ThingiProvider.Events.ProviderStatusChangedEvent<TProvider>' NzbDrone.Core.ThingiProvider.Events.ProviderUpdatedEvent<TProvider>' NzbDrone.Core.ThingiProvider.IProviderConfig' NzbDrone.Core.ThingiProvider.IProviderRepository' NzbDrone.Core.ThingiProvider.ProviderFactory<TProvider'TProviderDefinition>' NzbDrone.Core.Datastore.BasicRepository<TModel>' NzbDrone.Core.Datastore.IDbFactory' NzbDrone.Core.Datastore.TableMapping' NzbDrone.Core.ThingiProvider.Status.ProviderStatusBase' NzbDrone.Core.ThingiProvider.Status.ProviderStatusRepository<TModel>' NzbDrone.Core.ThingiProvider.Status.ProviderStatusServiceBase<TProvider'TModel>
Cyclic Dependency,Sonarr.Core,NzbDrone.Core.ThingiProvider.Events,The tool detected the smell in this component because this component participates in a cyclic dependency. The participating components in the cycle are: NzbDrone.Core.ThingiProvider.Events' NzbDrone.Core.ThingiProvider' NzbDrone.Core.Datastore.Converters' NzbDrone.Core.Datastore' NzbDrone.Core.ThingiProvider.Status,NzbDrone.Core.ThingiProvider.Events.ProviderStatusChangedEvent<TProvider>' NzbDrone.Core.ThingiProvider.Events.ProviderUpdatedEvent<TProvider>' NzbDrone.Core.ThingiProvider.IProviderConfig' NzbDrone.Core.ThingiProvider.IProviderRepository' NzbDrone.Core.ThingiProvider.ProviderFactory<TProvider'TProviderDefinition>' NzbDrone.Core.Datastore.Converters.CommandConverter' NzbDrone.Core.Datastore.Converters.LanguageIntConverter' NzbDrone.Core.Datastore.Converters.ProviderSettingConverter' NzbDrone.Core.Datastore.Converters.QualityIntConverter' NzbDrone.Core.Datastore.BasicRepository<TModel>' NzbDrone.Core.Datastore.IDbFactory' NzbDrone.Core.Datastore.TableMapping' NzbDrone.Core.ThingiProvider.Status.ProviderStatusBase' NzbDrone.Core.ThingiProvider.Status.ProviderStatusRepository<TModel>' NzbDrone.Core.ThingiProvider.Status.ProviderStatusServiceBase<TProvider'TModel>,NzbDrone.Core.ThingiProvider.Events.ProviderStatusChangedEvent<TProvider>' NzbDrone.Core.ThingiProvider.Events.ProviderUpdatedEvent<TProvider>' NzbDrone.Core.ThingiProvider.IProviderConfig' NzbDrone.Core.ThingiProvider.IProviderRepository' NzbDrone.Core.ThingiProvider.ProviderFactory<TProvider'TProviderDefinition>' NzbDrone.Core.Datastore.Converters.CommandConverter' NzbDrone.Core.Datastore.Converters.LanguageIntConverter' NzbDrone.Core.Datastore.Converters.ProviderSettingConverter' NzbDrone.Core.Datastore.Converters.QualityIntConverter' NzbDrone.Core.Datastore.BasicRepository<TModel>' NzbDrone.Core.Datastore.IDbFactory' NzbDrone.Core.Datastore.TableMapping' NzbDrone.Core.ThingiProvider.Status.ProviderStatusBase' NzbDrone.Core.ThingiProvider.Status.ProviderStatusRepository<TModel>' NzbDrone.Core.ThingiProvider.Status.ProviderStatusServiceBase<TProvider'TModel>
Cyclic Dependency,Sonarr.Core,NzbDrone.Core.ThingiProvider.Status,The tool detected the smell in this component because this component participates in a cyclic dependency. The participating components in the cycle are: NzbDrone.Core.ThingiProvider.Status' NzbDrone.Core.Download' NzbDrone.Core.Datastore,NzbDrone.Core.ThingiProvider.Status.ProviderStatusBase' NzbDrone.Core.ThingiProvider.Status.ProviderStatusRepository<TModel>' NzbDrone.Core.ThingiProvider.Status.ProviderStatusServiceBase<TProvider'TModel>' NzbDrone.Core.Download.CheckForFinishedDownloadCommand' NzbDrone.Core.Download.ICompletedDownloadService' NzbDrone.Core.Download.CompletedDownloadService' NzbDrone.Core.Download.DownloadClientBase<TSettings>' NzbDrone.Core.Download.DownloadClientRepository' NzbDrone.Core.Download.DownloadClientStatus' NzbDrone.Core.Download.DownloadFailedEvent' NzbDrone.Core.Download.DownloadService' NzbDrone.Core.Download.IProcessDownloadDecisions' NzbDrone.Core.Download.ProcessDownloadDecisions' NzbDrone.Core.Download.RedownloadFailedDownloadService' NzbDrone.Core.Download.TorrentClientBase<TSettings>' NzbDrone.Core.Datastore.BasicRepository<TModel>' NzbDrone.Core.Datastore.IDbFactory' NzbDrone.Core.Datastore.TableMapping,NzbDrone.Core.ThingiProvider.Status.ProviderStatusBase' NzbDrone.Core.ThingiProvider.Status.ProviderStatusRepository<TModel>' NzbDrone.Core.ThingiProvider.Status.ProviderStatusServiceBase<TProvider'TModel>' NzbDrone.Core.Download.CheckForFinishedDownloadCommand' NzbDrone.Core.Download.ICompletedDownloadService' NzbDrone.Core.Download.CompletedDownloadService' NzbDrone.Core.Download.DownloadClientBase<TSettings>' NzbDrone.Core.Download.DownloadClientRepository' NzbDrone.Core.Download.DownloadClientStatus' NzbDrone.Core.Download.DownloadFailedEvent' NzbDrone.Core.Download.DownloadService' NzbDrone.Core.Download.IProcessDownloadDecisions' NzbDrone.Core.Download.ProcessDownloadDecisions' NzbDrone.Core.Download.RedownloadFailedDownloadService' NzbDrone.Core.Download.TorrentClientBase<TSettings>' NzbDrone.Core.Datastore.BasicRepository<TModel>' NzbDrone.Core.Datastore.IDbFactory' NzbDrone.Core.Datastore.TableMapping
Cyclic Dependency,Sonarr.Core,NzbDrone.Core.ThingiProvider.Status,The tool detected the smell in this component because this component participates in a cyclic dependency. The participating components in the cycle are: NzbDrone.Core.ThingiProvider.Status' NzbDrone.Core.Indexers' NzbDrone.Core.Blacklisting' NzbDrone.Core.Datastore,NzbDrone.Core.ThingiProvider.Status.ProviderStatusBase' NzbDrone.Core.ThingiProvider.Status.ProviderStatusRepository<TModel>' NzbDrone.Core.ThingiProvider.Status.ProviderStatusServiceBase<TProvider'TModel>' NzbDrone.Core.Indexers.EzrssTorrentRssParser' NzbDrone.Core.Indexers.IFetchAndParseRss' NzbDrone.Core.Indexers.HttpIndexerBase<TSettings>' NzbDrone.Core.Indexers.IIndexer' NzbDrone.Core.Indexers.IndexerFactory' NzbDrone.Core.Indexers.IndexerRepository' NzbDrone.Core.Indexers.IndexerStatus' NzbDrone.Core.Indexers.RssSyncCommand' NzbDrone.Core.Indexers.RssSyncCompleteEvent' NzbDrone.Core.Indexers.RssSyncService' NzbDrone.Core.Indexers.ISeedConfigProvider' NzbDrone.Core.Indexers.SeedCriteriaSettings' NzbDrone.Core.Blacklisting.Blacklist' NzbDrone.Core.Blacklisting.BlacklistRepository' NzbDrone.Core.Blacklisting.IBlacklistService' NzbDrone.Core.Blacklisting.BlacklistService' NzbDrone.Core.Datastore.BasicRepository<TModel>' NzbDrone.Core.Datastore.IDbFactory' NzbDrone.Core.Datastore.TableMapping,NzbDrone.Core.ThingiProvider.Status.ProviderStatusBase' NzbDrone.Core.ThingiProvider.Status.ProviderStatusRepository<TModel>' NzbDrone.Core.ThingiProvider.Status.ProviderStatusServiceBase<TProvider'TModel>' NzbDrone.Core.Indexers.EzrssTorrentRssParser' NzbDrone.Core.Indexers.IFetchAndParseRss' NzbDrone.Core.Indexers.HttpIndexerBase<TSettings>' NzbDrone.Core.Indexers.IIndexer' NzbDrone.Core.Indexers.IndexerFactory' NzbDrone.Core.Indexers.IndexerRepository' NzbDrone.Core.Indexers.IndexerStatus' NzbDrone.Core.Indexers.RssSyncCommand' NzbDrone.Core.Indexers.RssSyncCompleteEvent' NzbDrone.Core.Indexers.RssSyncService' NzbDrone.Core.Indexers.ISeedConfigProvider' NzbDrone.Core.Indexers.SeedCriteriaSettings' NzbDrone.Core.Blacklisting.Blacklist' NzbDrone.Core.Blacklisting.BlacklistRepository' NzbDrone.Core.Blacklisting.IBlacklistService' NzbDrone.Core.Blacklisting.BlacklistService' NzbDrone.Core.Datastore.BasicRepository<TModel>' NzbDrone.Core.Datastore.IDbFactory' NzbDrone.Core.Datastore.TableMapping
Cyclic Dependency,Sonarr.Core,NzbDrone.Core.ThingiProvider.Status,The tool detected the smell in this component because this component participates in a cyclic dependency. The participating components in the cycle are: NzbDrone.Core.ThingiProvider.Status' NzbDrone.Core.Download' NzbDrone.Core.Datastore' NzbDrone.Core.Authentication' NzbDrone.Core.Datastore,NzbDrone.Core.ThingiProvider.Status.ProviderStatusBase' NzbDrone.Core.ThingiProvider.Status.ProviderStatusRepository<TModel>' NzbDrone.Core.ThingiProvider.Status.ProviderStatusServiceBase<TProvider'TModel>' NzbDrone.Core.Download.CheckForFinishedDownloadCommand' NzbDrone.Core.Download.ICompletedDownloadService' NzbDrone.Core.Download.CompletedDownloadService' NzbDrone.Core.Download.DownloadClientBase<TSettings>' NzbDrone.Core.Download.DownloadClientRepository' NzbDrone.Core.Download.DownloadClientStatus' NzbDrone.Core.Download.DownloadFailedEvent' NzbDrone.Core.Download.DownloadService' NzbDrone.Core.Download.IProcessDownloadDecisions' NzbDrone.Core.Download.ProcessDownloadDecisions' NzbDrone.Core.Download.RedownloadFailedDownloadService' NzbDrone.Core.Download.TorrentClientBase<TSettings>' NzbDrone.Core.Datastore.BasicRepository<TModel>' NzbDrone.Core.Datastore.IDbFactory' NzbDrone.Core.Datastore.TableMapping' NzbDrone.Core.Authentication.User' NzbDrone.Core.Authentication.UserRepository' NzbDrone.Core.Authentication.UserService,NzbDrone.Core.ThingiProvider.Status.ProviderStatusBase' NzbDrone.Core.ThingiProvider.Status.ProviderStatusRepository<TModel>' NzbDrone.Core.ThingiProvider.Status.ProviderStatusServiceBase<TProvider'TModel>' NzbDrone.Core.Download.CheckForFinishedDownloadCommand' NzbDrone.Core.Download.ICompletedDownloadService' NzbDrone.Core.Download.CompletedDownloadService' NzbDrone.Core.Download.DownloadClientBase<TSettings>' NzbDrone.Core.Download.DownloadClientRepository' NzbDrone.Core.Download.DownloadClientStatus' NzbDrone.Core.Download.DownloadFailedEvent' NzbDrone.Core.Download.DownloadService' NzbDrone.Core.Download.IProcessDownloadDecisions' NzbDrone.Core.Download.ProcessDownloadDecisions' NzbDrone.Core.Download.RedownloadFailedDownloadService' NzbDrone.Core.Download.TorrentClientBase<TSettings>' NzbDrone.Core.Datastore.BasicRepository<TModel>' NzbDrone.Core.Datastore.IDbFactory' NzbDrone.Core.Datastore.TableMapping' NzbDrone.Core.Authentication.User' NzbDrone.Core.Authentication.UserRepository' NzbDrone.Core.Authentication.UserService
Cyclic Dependency,Sonarr.Core,NzbDrone.Core.Tv,The tool detected the smell in this component because this component participates in a cyclic dependency. The participating components in the cycle are: NzbDrone.Core.Tv' NzbDrone.Core.Datastore,NzbDrone.Core.Tv.Actor' NzbDrone.Core.Tv.AddSeriesService' NzbDrone.Core.Tv.AddSeriesValidator' NzbDrone.Core.Tv.Episode' NzbDrone.Core.Tv.EpisodeAddedService' NzbDrone.Core.Tv.EpisodeCutoffService' NzbDrone.Core.Tv.EpisodeService' NzbDrone.Core.Tv.MoveSeriesService' NzbDrone.Core.Tv.RefreshSeriesService' NzbDrone.Core.Tv.SeriesPathBuilder' NzbDrone.Core.Datastore.BasicRepository<TModel>' NzbDrone.Core.Datastore.IDbFactory' NzbDrone.Core.Datastore.TableMapping,NzbDrone.Core.Tv.Actor' NzbDrone.Core.Tv.AddSeriesService' NzbDrone.Core.Tv.AddSeriesValidator' NzbDrone.Core.Tv.Episode' NzbDrone.Core.Tv.EpisodeAddedService' NzbDrone.Core.Tv.EpisodeCutoffService' NzbDrone.Core.Tv.EpisodeService' NzbDrone.Core.Tv.MoveSeriesService' NzbDrone.Core.Tv.RefreshSeriesService' NzbDrone.Core.Tv.SeriesPathBuilder' NzbDrone.Core.Datastore.BasicRepository<TModel>' NzbDrone.Core.Datastore.IDbFactory' NzbDrone.Core.Datastore.TableMapping
Cyclic Dependency,Sonarr.Core,NzbDrone.Core.Tv,The tool detected the smell in this component because this component participates in a cyclic dependency. The participating components in the cycle are: NzbDrone.Core.Tv' NzbDrone.Core.Blacklisting' NzbDrone.Core.Datastore,NzbDrone.Core.Tv.Actor' NzbDrone.Core.Tv.AddSeriesService' NzbDrone.Core.Tv.AddSeriesValidator' NzbDrone.Core.Tv.Episode' NzbDrone.Core.Tv.EpisodeAddedService' NzbDrone.Core.Tv.EpisodeCutoffService' NzbDrone.Core.Tv.EpisodeService' NzbDrone.Core.Tv.MoveSeriesService' NzbDrone.Core.Tv.RefreshSeriesService' NzbDrone.Core.Tv.SeriesPathBuilder' NzbDrone.Core.Blacklisting.Blacklist' NzbDrone.Core.Blacklisting.BlacklistRepository' NzbDrone.Core.Blacklisting.IBlacklistService' NzbDrone.Core.Blacklisting.BlacklistService' NzbDrone.Core.Datastore.BasicRepository<TModel>' NzbDrone.Core.Datastore.IDbFactory' NzbDrone.Core.Datastore.TableMapping,NzbDrone.Core.Tv.Actor' NzbDrone.Core.Tv.AddSeriesService' NzbDrone.Core.Tv.AddSeriesValidator' NzbDrone.Core.Tv.Episode' NzbDrone.Core.Tv.EpisodeAddedService' NzbDrone.Core.Tv.EpisodeCutoffService' NzbDrone.Core.Tv.EpisodeService' NzbDrone.Core.Tv.MoveSeriesService' NzbDrone.Core.Tv.RefreshSeriesService' NzbDrone.Core.Tv.SeriesPathBuilder' NzbDrone.Core.Blacklisting.Blacklist' NzbDrone.Core.Blacklisting.BlacklistRepository' NzbDrone.Core.Blacklisting.IBlacklistService' NzbDrone.Core.Blacklisting.BlacklistService' NzbDrone.Core.Datastore.BasicRepository<TModel>' NzbDrone.Core.Datastore.IDbFactory' NzbDrone.Core.Datastore.TableMapping
Cyclic Dependency,Sonarr.Core,NzbDrone.Core.Tv,The tool detected the smell in this component because this component participates in a cyclic dependency. The participating components in the cycle are: NzbDrone.Core.Tv' NzbDrone.Core.Datastore' NzbDrone.Core.Authentication' NzbDrone.Core.Datastore,NzbDrone.Core.Tv.Actor' NzbDrone.Core.Tv.AddSeriesService' NzbDrone.Core.Tv.AddSeriesValidator' NzbDrone.Core.Tv.Episode' NzbDrone.Core.Tv.EpisodeAddedService' NzbDrone.Core.Tv.EpisodeCutoffService' NzbDrone.Core.Tv.EpisodeService' NzbDrone.Core.Tv.MoveSeriesService' NzbDrone.Core.Tv.RefreshSeriesService' NzbDrone.Core.Tv.SeriesPathBuilder' NzbDrone.Core.Datastore.BasicRepository<TModel>' NzbDrone.Core.Datastore.IDbFactory' NzbDrone.Core.Datastore.TableMapping' NzbDrone.Core.Authentication.User' NzbDrone.Core.Authentication.UserRepository' NzbDrone.Core.Authentication.UserService,NzbDrone.Core.Tv.Actor' NzbDrone.Core.Tv.AddSeriesService' NzbDrone.Core.Tv.AddSeriesValidator' NzbDrone.Core.Tv.Episode' NzbDrone.Core.Tv.EpisodeAddedService' NzbDrone.Core.Tv.EpisodeCutoffService' NzbDrone.Core.Tv.EpisodeService' NzbDrone.Core.Tv.MoveSeriesService' NzbDrone.Core.Tv.RefreshSeriesService' NzbDrone.Core.Tv.SeriesPathBuilder' NzbDrone.Core.Datastore.BasicRepository<TModel>' NzbDrone.Core.Datastore.IDbFactory' NzbDrone.Core.Datastore.TableMapping' NzbDrone.Core.Authentication.User' NzbDrone.Core.Authentication.UserRepository' NzbDrone.Core.Authentication.UserService
Cyclic Dependency,Sonarr.Core,NzbDrone.Core.Tv,The tool detected the smell in this component because this component participates in a cyclic dependency. The participating components in the cycle are: NzbDrone.Core.Tv' NzbDrone.Core.Datastore' NzbDrone.Core.Messaging.Commands' NzbDrone.Core.Messaging.Events' NzbDrone.Core.Datastore,NzbDrone.Core.Tv.Actor' NzbDrone.Core.Tv.AddSeriesService' NzbDrone.Core.Tv.AddSeriesValidator' NzbDrone.Core.Tv.Episode' NzbDrone.Core.Tv.EpisodeAddedService' NzbDrone.Core.Tv.EpisodeCutoffService' NzbDrone.Core.Tv.EpisodeService' NzbDrone.Core.Tv.MoveSeriesService' NzbDrone.Core.Tv.RefreshSeriesService' NzbDrone.Core.Tv.SeriesPathBuilder' NzbDrone.Core.Datastore.BasicRepository<TModel>' NzbDrone.Core.Datastore.IDbFactory' NzbDrone.Core.Datastore.TableMapping' NzbDrone.Core.Messaging.Commands.CommandExecutor' NzbDrone.Core.Messaging.Commands.CommandModel' NzbDrone.Core.Messaging.Commands.CommandQueueManager' NzbDrone.Core.Messaging.Commands.IExecute' NzbDrone.Core.Messaging.Events.CommandExecutedEvent' NzbDrone.Core.Messaging.Events.EventAggregator,NzbDrone.Core.Tv.Actor' NzbDrone.Core.Tv.AddSeriesService' NzbDrone.Core.Tv.AddSeriesValidator' NzbDrone.Core.Tv.Episode' NzbDrone.Core.Tv.EpisodeAddedService' NzbDrone.Core.Tv.EpisodeCutoffService' NzbDrone.Core.Tv.EpisodeService' NzbDrone.Core.Tv.MoveSeriesService' NzbDrone.Core.Tv.RefreshSeriesService' NzbDrone.Core.Tv.SeriesPathBuilder' NzbDrone.Core.Datastore.BasicRepository<TModel>' NzbDrone.Core.Datastore.IDbFactory' NzbDrone.Core.Datastore.TableMapping' NzbDrone.Core.Messaging.Commands.CommandExecutor' NzbDrone.Core.Messaging.Commands.CommandModel' NzbDrone.Core.Messaging.Commands.CommandQueueManager' NzbDrone.Core.Messaging.Commands.IExecute' NzbDrone.Core.Messaging.Events.CommandExecutedEvent' NzbDrone.Core.Messaging.Events.EventAggregator
Cyclic Dependency,Sonarr.Core,NzbDrone.Core.Tv.Commands,The tool detected the smell in this component because this component participates in a cyclic dependency. The participating components in the cycle are: NzbDrone.Core.Tv.Commands' NzbDrone.Core.Jobs' NzbDrone.Core.Datastore' NzbDrone.Core.Messaging.Commands,NzbDrone.Core.Tv.Commands.BulkMoveSeriesCommand' NzbDrone.Core.Jobs.ScheduledTask' NzbDrone.Core.Jobs.ScheduledTaskRepository' NzbDrone.Core.Jobs.Scheduler' NzbDrone.Core.Jobs.TaskManager' NzbDrone.Core.Datastore.BasicRepository<TModel>' NzbDrone.Core.Datastore.IDbFactory' NzbDrone.Core.Datastore.TableMapping' NzbDrone.Core.Messaging.Commands.CommandExecutor' NzbDrone.Core.Messaging.Commands.CommandModel' NzbDrone.Core.Messaging.Commands.CommandQueueManager' NzbDrone.Core.Messaging.Commands.IExecute,NzbDrone.Core.Tv.Commands.BulkMoveSeriesCommand' NzbDrone.Core.Jobs.ScheduledTask' NzbDrone.Core.Jobs.ScheduledTaskRepository' NzbDrone.Core.Jobs.Scheduler' NzbDrone.Core.Jobs.TaskManager' NzbDrone.Core.Datastore.BasicRepository<TModel>' NzbDrone.Core.Datastore.IDbFactory' NzbDrone.Core.Datastore.TableMapping' NzbDrone.Core.Messaging.Commands.CommandExecutor' NzbDrone.Core.Messaging.Commands.CommandModel' NzbDrone.Core.Messaging.Commands.CommandQueueManager' NzbDrone.Core.Messaging.Commands.IExecute
Cyclic Dependency,Sonarr.Core,NzbDrone.Core.Tv.Commands,The tool detected the smell in this component because this component participates in a cyclic dependency. The participating components in the cycle are: NzbDrone.Core.Tv.Commands' NzbDrone.Core.Tv' NzbDrone.Core.Blacklisting' NzbDrone.Core.Datastore' NzbDrone.Core.Messaging.Commands,NzbDrone.Core.Tv.Commands.BulkMoveSeriesCommand' NzbDrone.Core.Tv.Actor' NzbDrone.Core.Tv.AddSeriesService' NzbDrone.Core.Tv.AddSeriesValidator' NzbDrone.Core.Tv.Episode' NzbDrone.Core.Tv.EpisodeAddedService' NzbDrone.Core.Tv.EpisodeCutoffService' NzbDrone.Core.Tv.EpisodeService' NzbDrone.Core.Tv.MoveSeriesService' NzbDrone.Core.Tv.RefreshSeriesService' NzbDrone.Core.Tv.SeriesPathBuilder' NzbDrone.Core.Blacklisting.Blacklist' NzbDrone.Core.Blacklisting.BlacklistRepository' NzbDrone.Core.Blacklisting.IBlacklistService' NzbDrone.Core.Blacklisting.BlacklistService' NzbDrone.Core.Datastore.BasicRepository<TModel>' NzbDrone.Core.Datastore.IDbFactory' NzbDrone.Core.Datastore.TableMapping' NzbDrone.Core.Messaging.Commands.CommandExecutor' NzbDrone.Core.Messaging.Commands.CommandModel' NzbDrone.Core.Messaging.Commands.CommandQueueManager' NzbDrone.Core.Messaging.Commands.IExecute,NzbDrone.Core.Tv.Commands.BulkMoveSeriesCommand' NzbDrone.Core.Tv.Actor' NzbDrone.Core.Tv.AddSeriesService' NzbDrone.Core.Tv.AddSeriesValidator' NzbDrone.Core.Tv.Episode' NzbDrone.Core.Tv.EpisodeAddedService' NzbDrone.Core.Tv.EpisodeCutoffService' NzbDrone.Core.Tv.EpisodeService' NzbDrone.Core.Tv.MoveSeriesService' NzbDrone.Core.Tv.RefreshSeriesService' NzbDrone.Core.Tv.SeriesPathBuilder' NzbDrone.Core.Blacklisting.Blacklist' NzbDrone.Core.Blacklisting.BlacklistRepository' NzbDrone.Core.Blacklisting.IBlacklistService' NzbDrone.Core.Blacklisting.BlacklistService' NzbDrone.Core.Datastore.BasicRepository<TModel>' NzbDrone.Core.Datastore.IDbFactory' NzbDrone.Core.Datastore.TableMapping' NzbDrone.Core.Messaging.Commands.CommandExecutor' NzbDrone.Core.Messaging.Commands.CommandModel' NzbDrone.Core.Messaging.Commands.CommandQueueManager' NzbDrone.Core.Messaging.Commands.IExecute
Cyclic Dependency,Sonarr.Core,NzbDrone.Core.Tv.Events,The tool detected the smell in this component because this component participates in a cyclic dependency. The participating components in the cycle are: NzbDrone.Core.Tv.Events' NzbDrone.Core.Tv,NzbDrone.Core.Tv.Events.EpisodeInfoRefreshedEvent' NzbDrone.Core.Tv.Actor' NzbDrone.Core.Tv.AddSeriesService' NzbDrone.Core.Tv.AddSeriesValidator' NzbDrone.Core.Tv.Episode' NzbDrone.Core.Tv.EpisodeAddedService' NzbDrone.Core.Tv.EpisodeCutoffService' NzbDrone.Core.Tv.EpisodeService' NzbDrone.Core.Tv.MoveSeriesService' NzbDrone.Core.Tv.RefreshSeriesService' NzbDrone.Core.Tv.SeriesPathBuilder,NzbDrone.Core.Tv.Events.EpisodeInfoRefreshedEvent' NzbDrone.Core.Tv.Actor' NzbDrone.Core.Tv.AddSeriesService' NzbDrone.Core.Tv.AddSeriesValidator' NzbDrone.Core.Tv.Episode' NzbDrone.Core.Tv.EpisodeAddedService' NzbDrone.Core.Tv.EpisodeCutoffService' NzbDrone.Core.Tv.EpisodeService' NzbDrone.Core.Tv.MoveSeriesService' NzbDrone.Core.Tv.RefreshSeriesService' NzbDrone.Core.Tv.SeriesPathBuilder
Cyclic Dependency,Sonarr.Core,NzbDrone.Core.Tv.Events,The tool detected the smell in this component because this component participates in a cyclic dependency. The participating components in the cycle are: NzbDrone.Core.Tv.Events' NzbDrone.Core.MediaCover' NzbDrone.Core.Tv,NzbDrone.Core.Tv.Events.EpisodeInfoRefreshedEvent' NzbDrone.Core.MediaCover.MediaCover' NzbDrone.Core.MediaCover.MediaCoverService' NzbDrone.Core.Tv.Actor' NzbDrone.Core.Tv.AddSeriesService' NzbDrone.Core.Tv.AddSeriesValidator' NzbDrone.Core.Tv.Episode' NzbDrone.Core.Tv.EpisodeAddedService' NzbDrone.Core.Tv.EpisodeCutoffService' NzbDrone.Core.Tv.EpisodeService' NzbDrone.Core.Tv.MoveSeriesService' NzbDrone.Core.Tv.RefreshSeriesService' NzbDrone.Core.Tv.SeriesPathBuilder,NzbDrone.Core.Tv.Events.EpisodeInfoRefreshedEvent' NzbDrone.Core.MediaCover.MediaCover' NzbDrone.Core.MediaCover.MediaCoverService' NzbDrone.Core.Tv.Actor' NzbDrone.Core.Tv.AddSeriesService' NzbDrone.Core.Tv.AddSeriesValidator' NzbDrone.Core.Tv.Episode' NzbDrone.Core.Tv.EpisodeAddedService' NzbDrone.Core.Tv.EpisodeCutoffService' NzbDrone.Core.Tv.EpisodeService' NzbDrone.Core.Tv.MoveSeriesService' NzbDrone.Core.Tv.RefreshSeriesService' NzbDrone.Core.Tv.SeriesPathBuilder
Cyclic Dependency,Sonarr.Core,NzbDrone.Core.Tv.Events,The tool detected the smell in this component because this component participates in a cyclic dependency. The participating components in the cycle are: NzbDrone.Core.Tv.Events' NzbDrone.Core.Blacklisting' NzbDrone.Core.Datastore' NzbDrone.Core.Tv,NzbDrone.Core.Tv.Events.EpisodeInfoRefreshedEvent' NzbDrone.Core.Blacklisting.Blacklist' NzbDrone.Core.Blacklisting.BlacklistRepository' NzbDrone.Core.Blacklisting.IBlacklistService' NzbDrone.Core.Blacklisting.BlacklistService' NzbDrone.Core.Datastore.BasicRepository<TModel>' NzbDrone.Core.Datastore.IDbFactory' NzbDrone.Core.Datastore.TableMapping' NzbDrone.Core.Tv.Actor' NzbDrone.Core.Tv.AddSeriesService' NzbDrone.Core.Tv.AddSeriesValidator' NzbDrone.Core.Tv.Episode' NzbDrone.Core.Tv.EpisodeAddedService' NzbDrone.Core.Tv.EpisodeCutoffService' NzbDrone.Core.Tv.EpisodeService' NzbDrone.Core.Tv.MoveSeriesService' NzbDrone.Core.Tv.RefreshSeriesService' NzbDrone.Core.Tv.SeriesPathBuilder,NzbDrone.Core.Tv.Events.EpisodeInfoRefreshedEvent' NzbDrone.Core.Blacklisting.Blacklist' NzbDrone.Core.Blacklisting.BlacklistRepository' NzbDrone.Core.Blacklisting.IBlacklistService' NzbDrone.Core.Blacklisting.BlacklistService' NzbDrone.Core.Datastore.BasicRepository<TModel>' NzbDrone.Core.Datastore.IDbFactory' NzbDrone.Core.Datastore.TableMapping' NzbDrone.Core.Tv.Actor' NzbDrone.Core.Tv.AddSeriesService' NzbDrone.Core.Tv.AddSeriesValidator' NzbDrone.Core.Tv.Episode' NzbDrone.Core.Tv.EpisodeAddedService' NzbDrone.Core.Tv.EpisodeCutoffService' NzbDrone.Core.Tv.EpisodeService' NzbDrone.Core.Tv.MoveSeriesService' NzbDrone.Core.Tv.RefreshSeriesService' NzbDrone.Core.Tv.SeriesPathBuilder
Cyclic Dependency,Sonarr.Core,NzbDrone.Core.Tv.Events,The tool detected the smell in this component because this component participates in a cyclic dependency. The participating components in the cycle are: NzbDrone.Core.Tv.Events' NzbDrone.Core.Tv' NzbDrone.Core.Blacklisting' NzbDrone.Core.Datastore' NzbDrone.Core.Tv,NzbDrone.Core.Tv.Events.EpisodeInfoRefreshedEvent' NzbDrone.Core.Tv.Actor' NzbDrone.Core.Tv.AddSeriesService' NzbDrone.Core.Tv.AddSeriesValidator' NzbDrone.Core.Tv.Episode' NzbDrone.Core.Tv.EpisodeAddedService' NzbDrone.Core.Tv.EpisodeCutoffService' NzbDrone.Core.Tv.EpisodeService' NzbDrone.Core.Tv.MoveSeriesService' NzbDrone.Core.Tv.RefreshSeriesService' NzbDrone.Core.Tv.SeriesPathBuilder' NzbDrone.Core.Blacklisting.Blacklist' NzbDrone.Core.Blacklisting.BlacklistRepository' NzbDrone.Core.Blacklisting.IBlacklistService' NzbDrone.Core.Blacklisting.BlacklistService' NzbDrone.Core.Datastore.BasicRepository<TModel>' NzbDrone.Core.Datastore.IDbFactory' NzbDrone.Core.Datastore.TableMapping,NzbDrone.Core.Tv.Events.EpisodeInfoRefreshedEvent' NzbDrone.Core.Tv.Actor' NzbDrone.Core.Tv.AddSeriesService' NzbDrone.Core.Tv.AddSeriesValidator' NzbDrone.Core.Tv.Episode' NzbDrone.Core.Tv.EpisodeAddedService' NzbDrone.Core.Tv.EpisodeCutoffService' NzbDrone.Core.Tv.EpisodeService' NzbDrone.Core.Tv.MoveSeriesService' NzbDrone.Core.Tv.RefreshSeriesService' NzbDrone.Core.Tv.SeriesPathBuilder' NzbDrone.Core.Blacklisting.Blacklist' NzbDrone.Core.Blacklisting.BlacklistRepository' NzbDrone.Core.Blacklisting.IBlacklistService' NzbDrone.Core.Blacklisting.BlacklistService' NzbDrone.Core.Datastore.BasicRepository<TModel>' NzbDrone.Core.Datastore.IDbFactory' NzbDrone.Core.Datastore.TableMapping
Cyclic Dependency,Sonarr.Core,NzbDrone.Core.Update.Commands,The tool detected the smell in this component because this component participates in a cyclic dependency. The participating components in the cycle are: NzbDrone.Core.Update.Commands' NzbDrone.Core.Jobs' NzbDrone.Core.Datastore' NzbDrone.Core.Messaging.Commands,NzbDrone.Core.Update.Commands.ApplicationUpdateCommand' NzbDrone.Core.Jobs.ScheduledTask' NzbDrone.Core.Jobs.ScheduledTaskRepository' NzbDrone.Core.Jobs.Scheduler' NzbDrone.Core.Jobs.TaskManager' NzbDrone.Core.Datastore.BasicRepository<TModel>' NzbDrone.Core.Datastore.IDbFactory' NzbDrone.Core.Datastore.TableMapping' NzbDrone.Core.Messaging.Commands.CommandExecutor' NzbDrone.Core.Messaging.Commands.CommandModel' NzbDrone.Core.Messaging.Commands.CommandQueueManager' NzbDrone.Core.Messaging.Commands.IExecute,NzbDrone.Core.Update.Commands.ApplicationUpdateCommand' NzbDrone.Core.Jobs.ScheduledTask' NzbDrone.Core.Jobs.ScheduledTaskRepository' NzbDrone.Core.Jobs.Scheduler' NzbDrone.Core.Jobs.TaskManager' NzbDrone.Core.Datastore.BasicRepository<TModel>' NzbDrone.Core.Datastore.IDbFactory' NzbDrone.Core.Datastore.TableMapping' NzbDrone.Core.Messaging.Commands.CommandExecutor' NzbDrone.Core.Messaging.Commands.CommandModel' NzbDrone.Core.Messaging.Commands.CommandQueueManager' NzbDrone.Core.Messaging.Commands.IExecute
Cyclic Dependency,Sonarr.Core,NzbDrone.Core.Update.Commands,The tool detected the smell in this component because this component participates in a cyclic dependency. The participating components in the cycle are: NzbDrone.Core.Update.Commands' NzbDrone.Core.Update' NzbDrone.Core.Configuration' NzbDrone.Core.Datastore' NzbDrone.Core.Messaging.Commands,NzbDrone.Core.Update.Commands.ApplicationUpdateCommand' NzbDrone.Core.Update.UpdaterConfigProvider' NzbDrone.Core.Update.InstallUpdateService' NzbDrone.Core.Update.UpdatePackageProvider' NzbDrone.Core.Configuration.Config' NzbDrone.Core.Configuration.IConfigFileProvider' NzbDrone.Core.Configuration.ConfigFileProvider' NzbDrone.Core.Configuration.ConfigService' NzbDrone.Core.Datastore.BasicRepository<TModel>' NzbDrone.Core.Datastore.IDbFactory' NzbDrone.Core.Datastore.TableMapping' NzbDrone.Core.Messaging.Commands.CommandExecutor' NzbDrone.Core.Messaging.Commands.CommandModel' NzbDrone.Core.Messaging.Commands.CommandQueueManager' NzbDrone.Core.Messaging.Commands.IExecute,NzbDrone.Core.Update.Commands.ApplicationUpdateCommand' NzbDrone.Core.Update.UpdaterConfigProvider' NzbDrone.Core.Update.InstallUpdateService' NzbDrone.Core.Update.UpdatePackageProvider' NzbDrone.Core.Configuration.Config' NzbDrone.Core.Configuration.IConfigFileProvider' NzbDrone.Core.Configuration.ConfigFileProvider' NzbDrone.Core.Configuration.ConfigService' NzbDrone.Core.Datastore.BasicRepository<TModel>' NzbDrone.Core.Datastore.IDbFactory' NzbDrone.Core.Datastore.TableMapping' NzbDrone.Core.Messaging.Commands.CommandExecutor' NzbDrone.Core.Messaging.Commands.CommandModel' NzbDrone.Core.Messaging.Commands.CommandQueueManager' NzbDrone.Core.Messaging.Commands.IExecute
Cyclic Dependency,Sonarr.Core,NzbDrone.Core.Update,The tool detected the smell in this component because this component participates in a cyclic dependency. The participating components in the cycle are: NzbDrone.Core.Update' NzbDrone.Core.Configuration,NzbDrone.Core.Update.UpdaterConfigProvider' NzbDrone.Core.Update.InstallUpdateService' NzbDrone.Core.Update.UpdatePackageProvider' NzbDrone.Core.Configuration.Config' NzbDrone.Core.Configuration.IConfigFileProvider' NzbDrone.Core.Configuration.ConfigFileProvider' NzbDrone.Core.Configuration.ConfigService,NzbDrone.Core.Update.UpdaterConfigProvider' NzbDrone.Core.Update.InstallUpdateService' NzbDrone.Core.Update.UpdatePackageProvider' NzbDrone.Core.Configuration.Config' NzbDrone.Core.Configuration.IConfigFileProvider' NzbDrone.Core.Configuration.ConfigFileProvider' NzbDrone.Core.Configuration.ConfigService
Cyclic Dependency,Sonarr.Core,NzbDrone.Core.Update,The tool detected the smell in this component because this component participates in a cyclic dependency. The participating components in the cycle are: NzbDrone.Core.Update' NzbDrone.Core.Configuration' NzbDrone.Core.Download' NzbDrone.Core.Datastore' NzbDrone.Core.Configuration,NzbDrone.Core.Update.UpdaterConfigProvider' NzbDrone.Core.Update.InstallUpdateService' NzbDrone.Core.Update.UpdatePackageProvider' NzbDrone.Core.Configuration.Config' NzbDrone.Core.Configuration.IConfigFileProvider' NzbDrone.Core.Configuration.ConfigFileProvider' NzbDrone.Core.Configuration.ConfigService' NzbDrone.Core.Download.CheckForFinishedDownloadCommand' NzbDrone.Core.Download.ICompletedDownloadService' NzbDrone.Core.Download.CompletedDownloadService' NzbDrone.Core.Download.DownloadClientBase<TSettings>' NzbDrone.Core.Download.DownloadClientRepository' NzbDrone.Core.Download.DownloadClientStatus' NzbDrone.Core.Download.DownloadFailedEvent' NzbDrone.Core.Download.DownloadService' NzbDrone.Core.Download.IProcessDownloadDecisions' NzbDrone.Core.Download.ProcessDownloadDecisions' NzbDrone.Core.Download.RedownloadFailedDownloadService' NzbDrone.Core.Download.TorrentClientBase<TSettings>' NzbDrone.Core.Datastore.BasicRepository<TModel>' NzbDrone.Core.Datastore.IDbFactory' NzbDrone.Core.Datastore.TableMapping,NzbDrone.Core.Update.UpdaterConfigProvider' NzbDrone.Core.Update.InstallUpdateService' NzbDrone.Core.Update.UpdatePackageProvider' NzbDrone.Core.Configuration.Config' NzbDrone.Core.Configuration.IConfigFileProvider' NzbDrone.Core.Configuration.ConfigFileProvider' NzbDrone.Core.Configuration.ConfigService' NzbDrone.Core.Download.CheckForFinishedDownloadCommand' NzbDrone.Core.Download.ICompletedDownloadService' NzbDrone.Core.Download.CompletedDownloadService' NzbDrone.Core.Download.DownloadClientBase<TSettings>' NzbDrone.Core.Download.DownloadClientRepository' NzbDrone.Core.Download.DownloadClientStatus' NzbDrone.Core.Download.DownloadFailedEvent' NzbDrone.Core.Download.DownloadService' NzbDrone.Core.Download.IProcessDownloadDecisions' NzbDrone.Core.Download.ProcessDownloadDecisions' NzbDrone.Core.Download.RedownloadFailedDownloadService' NzbDrone.Core.Download.TorrentClientBase<TSettings>' NzbDrone.Core.Datastore.BasicRepository<TModel>' NzbDrone.Core.Datastore.IDbFactory' NzbDrone.Core.Datastore.TableMapping
Cyclic Dependency,Sonarr.Core,NzbDrone.Core.Validation,The tool detected the smell in this component because this component participates in a cyclic dependency. The participating components in the cycle are: NzbDrone.Core.Validation' NzbDrone.Core.Download' NzbDrone.Core.Datastore' NzbDrone.Core.Profiles.Languages,NzbDrone.Core.Validation.LanguageProfileExistsValidator' NzbDrone.Core.Validation.ProfileExistsValidator' NzbDrone.Core.Download.CheckForFinishedDownloadCommand' NzbDrone.Core.Download.ICompletedDownloadService' NzbDrone.Core.Download.CompletedDownloadService' NzbDrone.Core.Download.DownloadClientBase<TSettings>' NzbDrone.Core.Download.DownloadClientRepository' NzbDrone.Core.Download.DownloadClientStatus' NzbDrone.Core.Download.DownloadFailedEvent' NzbDrone.Core.Download.DownloadService' NzbDrone.Core.Download.IProcessDownloadDecisions' NzbDrone.Core.Download.ProcessDownloadDecisions' NzbDrone.Core.Download.RedownloadFailedDownloadService' NzbDrone.Core.Download.TorrentClientBase<TSettings>' NzbDrone.Core.Datastore.BasicRepository<TModel>' NzbDrone.Core.Datastore.IDbFactory' NzbDrone.Core.Datastore.TableMapping' NzbDrone.Core.Profiles.Languages.LanguageProfile' NzbDrone.Core.Profiles.Languages.LanguageProfileRepository' NzbDrone.Core.Profiles.Languages.LanguageProfileService,NzbDrone.Core.Validation.LanguageProfileExistsValidator' NzbDrone.Core.Validation.ProfileExistsValidator' NzbDrone.Core.Download.CheckForFinishedDownloadCommand' NzbDrone.Core.Download.ICompletedDownloadService' NzbDrone.Core.Download.CompletedDownloadService' NzbDrone.Core.Download.DownloadClientBase<TSettings>' NzbDrone.Core.Download.DownloadClientRepository' NzbDrone.Core.Download.DownloadClientStatus' NzbDrone.Core.Download.DownloadFailedEvent' NzbDrone.Core.Download.DownloadService' NzbDrone.Core.Download.IProcessDownloadDecisions' NzbDrone.Core.Download.ProcessDownloadDecisions' NzbDrone.Core.Download.RedownloadFailedDownloadService' NzbDrone.Core.Download.TorrentClientBase<TSettings>' NzbDrone.Core.Datastore.BasicRepository<TModel>' NzbDrone.Core.Datastore.IDbFactory' NzbDrone.Core.Datastore.TableMapping' NzbDrone.Core.Profiles.Languages.LanguageProfile' NzbDrone.Core.Profiles.Languages.LanguageProfileRepository' NzbDrone.Core.Profiles.Languages.LanguageProfileService
Cyclic Dependency,Sonarr.Core,NzbDrone.Core.Validation,The tool detected the smell in this component because this component participates in a cyclic dependency. The participating components in the cycle are: NzbDrone.Core.Validation' NzbDrone.Core.Download' NzbDrone.Core.Blacklisting' NzbDrone.Core.Datastore' NzbDrone.Core.Profiles.Languages,NzbDrone.Core.Validation.LanguageProfileExistsValidator' NzbDrone.Core.Validation.ProfileExistsValidator' NzbDrone.Core.Download.CheckForFinishedDownloadCommand' NzbDrone.Core.Download.ICompletedDownloadService' NzbDrone.Core.Download.CompletedDownloadService' NzbDrone.Core.Download.DownloadClientBase<TSettings>' NzbDrone.Core.Download.DownloadClientRepository' NzbDrone.Core.Download.DownloadClientStatus' NzbDrone.Core.Download.DownloadFailedEvent' NzbDrone.Core.Download.DownloadService' NzbDrone.Core.Download.IProcessDownloadDecisions' NzbDrone.Core.Download.ProcessDownloadDecisions' NzbDrone.Core.Download.RedownloadFailedDownloadService' NzbDrone.Core.Download.TorrentClientBase<TSettings>' NzbDrone.Core.Blacklisting.Blacklist' NzbDrone.Core.Blacklisting.BlacklistRepository' NzbDrone.Core.Blacklisting.IBlacklistService' NzbDrone.Core.Blacklisting.BlacklistService' NzbDrone.Core.Datastore.BasicRepository<TModel>' NzbDrone.Core.Datastore.IDbFactory' NzbDrone.Core.Datastore.TableMapping' NzbDrone.Core.Profiles.Languages.LanguageProfile' NzbDrone.Core.Profiles.Languages.LanguageProfileRepository' NzbDrone.Core.Profiles.Languages.LanguageProfileService,NzbDrone.Core.Validation.LanguageProfileExistsValidator' NzbDrone.Core.Validation.ProfileExistsValidator' NzbDrone.Core.Download.CheckForFinishedDownloadCommand' NzbDrone.Core.Download.ICompletedDownloadService' NzbDrone.Core.Download.CompletedDownloadService' NzbDrone.Core.Download.DownloadClientBase<TSettings>' NzbDrone.Core.Download.DownloadClientRepository' NzbDrone.Core.Download.DownloadClientStatus' NzbDrone.Core.Download.DownloadFailedEvent' NzbDrone.Core.Download.DownloadService' NzbDrone.Core.Download.IProcessDownloadDecisions' NzbDrone.Core.Download.ProcessDownloadDecisions' NzbDrone.Core.Download.RedownloadFailedDownloadService' NzbDrone.Core.Download.TorrentClientBase<TSettings>' NzbDrone.Core.Blacklisting.Blacklist' NzbDrone.Core.Blacklisting.BlacklistRepository' NzbDrone.Core.Blacklisting.IBlacklistService' NzbDrone.Core.Blacklisting.BlacklistService' NzbDrone.Core.Datastore.BasicRepository<TModel>' NzbDrone.Core.Datastore.IDbFactory' NzbDrone.Core.Datastore.TableMapping' NzbDrone.Core.Profiles.Languages.LanguageProfile' NzbDrone.Core.Profiles.Languages.LanguageProfileRepository' NzbDrone.Core.Profiles.Languages.LanguageProfileService
Cyclic Dependency,Sonarr.Core,NzbDrone.Core.Validation.Paths,The tool detected the smell in this component because this component participates in a cyclic dependency. The participating components in the cycle are: NzbDrone.Core.Validation.Paths' NzbDrone.Core.Tv,NzbDrone.Core.Validation.Paths.RootFolderValidator' NzbDrone.Core.Validation.Paths.SeriesAncestorValidator' NzbDrone.Core.Tv.Actor' NzbDrone.Core.Tv.AddSeriesService' NzbDrone.Core.Tv.AddSeriesValidator' NzbDrone.Core.Tv.Episode' NzbDrone.Core.Tv.EpisodeAddedService' NzbDrone.Core.Tv.EpisodeCutoffService' NzbDrone.Core.Tv.EpisodeService' NzbDrone.Core.Tv.MoveSeriesService' NzbDrone.Core.Tv.RefreshSeriesService' NzbDrone.Core.Tv.SeriesPathBuilder,NzbDrone.Core.Validation.Paths.RootFolderValidator' NzbDrone.Core.Validation.Paths.SeriesAncestorValidator' NzbDrone.Core.Tv.Actor' NzbDrone.Core.Tv.AddSeriesService' NzbDrone.Core.Tv.AddSeriesValidator' NzbDrone.Core.Tv.Episode' NzbDrone.Core.Tv.EpisodeAddedService' NzbDrone.Core.Tv.EpisodeCutoffService' NzbDrone.Core.Tv.EpisodeService' NzbDrone.Core.Tv.MoveSeriesService' NzbDrone.Core.Tv.RefreshSeriesService' NzbDrone.Core.Tv.SeriesPathBuilder
Cyclic Dependency,Sonarr.Core,NzbDrone.Core.Validation.Paths,The tool detected the smell in this component because this component participates in a cyclic dependency. The participating components in the cycle are: NzbDrone.Core.Validation.Paths' NzbDrone.Core.Tv' NzbDrone.Core.RootFolders,NzbDrone.Core.Validation.Paths.RootFolderValidator' NzbDrone.Core.Validation.Paths.SeriesAncestorValidator' NzbDrone.Core.Tv.Actor' NzbDrone.Core.Tv.AddSeriesService' NzbDrone.Core.Tv.AddSeriesValidator' NzbDrone.Core.Tv.Episode' NzbDrone.Core.Tv.EpisodeAddedService' NzbDrone.Core.Tv.EpisodeCutoffService' NzbDrone.Core.Tv.EpisodeService' NzbDrone.Core.Tv.MoveSeriesService' NzbDrone.Core.Tv.RefreshSeriesService' NzbDrone.Core.Tv.SeriesPathBuilder' NzbDrone.Core.RootFolders.RootFolder' NzbDrone.Core.RootFolders.RootFolderRepository' NzbDrone.Core.RootFolders.RootFolderService,NzbDrone.Core.Validation.Paths.RootFolderValidator' NzbDrone.Core.Validation.Paths.SeriesAncestorValidator' NzbDrone.Core.Tv.Actor' NzbDrone.Core.Tv.AddSeriesService' NzbDrone.Core.Tv.AddSeriesValidator' NzbDrone.Core.Tv.Episode' NzbDrone.Core.Tv.EpisodeAddedService' NzbDrone.Core.Tv.EpisodeCutoffService' NzbDrone.Core.Tv.EpisodeService' NzbDrone.Core.Tv.MoveSeriesService' NzbDrone.Core.Tv.RefreshSeriesService' NzbDrone.Core.Tv.SeriesPathBuilder' NzbDrone.Core.RootFolders.RootFolder' NzbDrone.Core.RootFolders.RootFolderRepository' NzbDrone.Core.RootFolders.RootFolderService
Cyclic Dependency,Sonarr.Core,NzbDrone.Core.Validation.Paths,The tool detected the smell in this component because this component participates in a cyclic dependency. The participating components in the cycle are: NzbDrone.Core.Validation.Paths' NzbDrone.Core.Tv' NzbDrone.Core.Datastore' NzbDrone.Core.RootFolders,NzbDrone.Core.Validation.Paths.RootFolderValidator' NzbDrone.Core.Validation.Paths.SeriesAncestorValidator' NzbDrone.Core.Tv.Actor' NzbDrone.Core.Tv.AddSeriesService' NzbDrone.Core.Tv.AddSeriesValidator' NzbDrone.Core.Tv.Episode' NzbDrone.Core.Tv.EpisodeAddedService' NzbDrone.Core.Tv.EpisodeCutoffService' NzbDrone.Core.Tv.EpisodeService' NzbDrone.Core.Tv.MoveSeriesService' NzbDrone.Core.Tv.RefreshSeriesService' NzbDrone.Core.Tv.SeriesPathBuilder' NzbDrone.Core.Datastore.BasicRepository<TModel>' NzbDrone.Core.Datastore.IDbFactory' NzbDrone.Core.Datastore.TableMapping' NzbDrone.Core.RootFolders.RootFolder' NzbDrone.Core.RootFolders.RootFolderRepository' NzbDrone.Core.RootFolders.RootFolderService,NzbDrone.Core.Validation.Paths.RootFolderValidator' NzbDrone.Core.Validation.Paths.SeriesAncestorValidator' NzbDrone.Core.Tv.Actor' NzbDrone.Core.Tv.AddSeriesService' NzbDrone.Core.Tv.AddSeriesValidator' NzbDrone.Core.Tv.Episode' NzbDrone.Core.Tv.EpisodeAddedService' NzbDrone.Core.Tv.EpisodeCutoffService' NzbDrone.Core.Tv.EpisodeService' NzbDrone.Core.Tv.MoveSeriesService' NzbDrone.Core.Tv.RefreshSeriesService' NzbDrone.Core.Tv.SeriesPathBuilder' NzbDrone.Core.Datastore.BasicRepository<TModel>' NzbDrone.Core.Datastore.IDbFactory' NzbDrone.Core.Datastore.TableMapping' NzbDrone.Core.RootFolders.RootFolder' NzbDrone.Core.RootFolders.RootFolderRepository' NzbDrone.Core.RootFolders.RootFolderService
Cyclic Dependency,Sonarr.Core,NzbDrone.Core.Validation.Paths,The tool detected the smell in this component because this component participates in a cyclic dependency. The participating components in the cycle are: NzbDrone.Core.Validation.Paths' NzbDrone.Core.Tv' NzbDrone.Core.Blacklisting' NzbDrone.Core.Datastore' NzbDrone.Core.RootFolders,NzbDrone.Core.Validation.Paths.RootFolderValidator' NzbDrone.Core.Validation.Paths.SeriesAncestorValidator' NzbDrone.Core.Tv.Actor' NzbDrone.Core.Tv.AddSeriesService' NzbDrone.Core.Tv.AddSeriesValidator' NzbDrone.Core.Tv.Episode' NzbDrone.Core.Tv.EpisodeAddedService' NzbDrone.Core.Tv.EpisodeCutoffService' NzbDrone.Core.Tv.EpisodeService' NzbDrone.Core.Tv.MoveSeriesService' NzbDrone.Core.Tv.RefreshSeriesService' NzbDrone.Core.Tv.SeriesPathBuilder' NzbDrone.Core.Blacklisting.Blacklist' NzbDrone.Core.Blacklisting.BlacklistRepository' NzbDrone.Core.Blacklisting.IBlacklistService' NzbDrone.Core.Blacklisting.BlacklistService' NzbDrone.Core.Datastore.BasicRepository<TModel>' NzbDrone.Core.Datastore.IDbFactory' NzbDrone.Core.Datastore.TableMapping' NzbDrone.Core.RootFolders.RootFolder' NzbDrone.Core.RootFolders.RootFolderRepository' NzbDrone.Core.RootFolders.RootFolderService,NzbDrone.Core.Validation.Paths.RootFolderValidator' NzbDrone.Core.Validation.Paths.SeriesAncestorValidator' NzbDrone.Core.Tv.Actor' NzbDrone.Core.Tv.AddSeriesService' NzbDrone.Core.Tv.AddSeriesValidator' NzbDrone.Core.Tv.Episode' NzbDrone.Core.Tv.EpisodeAddedService' NzbDrone.Core.Tv.EpisodeCutoffService' NzbDrone.Core.Tv.EpisodeService' NzbDrone.Core.Tv.MoveSeriesService' NzbDrone.Core.Tv.RefreshSeriesService' NzbDrone.Core.Tv.SeriesPathBuilder' NzbDrone.Core.Blacklisting.Blacklist' NzbDrone.Core.Blacklisting.BlacklistRepository' NzbDrone.Core.Blacklisting.IBlacklistService' NzbDrone.Core.Blacklisting.BlacklistService' NzbDrone.Core.Datastore.BasicRepository<TModel>' NzbDrone.Core.Datastore.IDbFactory' NzbDrone.Core.Datastore.TableMapping' NzbDrone.Core.RootFolders.RootFolder' NzbDrone.Core.RootFolders.RootFolderRepository' NzbDrone.Core.RootFolders.RootFolderService
Unstable Dependency,Sonarr.Core,NzbDrone.Core.Configuration,The tool detected the smell in this component because this component depends on other components that are less stable than itself. This component depends on following less stable component(s): NzbDrone.Core.Datastore' NzbDrone.Core.Authentication' NzbDrone.Core.Lifecycle' NzbDrone.Core.Messaging.Commands' NzbDrone.Core.Update' NzbDrone.Core.MediaFiles' NzbDrone.Core.MediaFiles.EpisodeImport' NzbDrone.Core.Security,NzbDrone.Core.Configuration.ModelBase' NzbDrone.Core.Configuration.AuthenticationType' NzbDrone.Core.Configuration.ApplicationStartedEvent' NzbDrone.Core.Configuration.IExecute' NzbDrone.Core.Configuration.UpdateMechanism' NzbDrone.Core.Configuration.IBasicRepository' NzbDrone.Core.Configuration.BasicRepository<TModel>' NzbDrone.Core.Configuration.IMainDatabase' NzbDrone.Core.Configuration.FileDateType' NzbDrone.Core.Configuration.EpisodeTitleRequiredType' NzbDrone.Core.Configuration.CertificateValidationType' NzbDrone.Core.Configuration.Command,NzbDrone.Core.Configuration.ModelBase' NzbDrone.Core.Configuration.AuthenticationType' NzbDrone.Core.Configuration.ApplicationStartedEvent' NzbDrone.Core.Configuration.IExecute' NzbDrone.Core.Configuration.UpdateMechanism' NzbDrone.Core.Configuration.IBasicRepository' NzbDrone.Core.Configuration.BasicRepository<TModel>' NzbDrone.Core.Configuration.IMainDatabase' NzbDrone.Core.Configuration.FileDateType' NzbDrone.Core.Configuration.EpisodeTitleRequiredType' NzbDrone.Core.Configuration.CertificateValidationType' NzbDrone.Core.Configuration.Command
Unstable Dependency,Sonarr.Core,NzbDrone.Core.Datastore,The tool detected the smell in this component because this component depends on other components that are less stable than itself. This component depends on following less stable component(s): NzbDrone.Core.Authentication' NzbDrone.Core.Blacklisting' NzbDrone.Core.CustomFilters' NzbDrone.Core.DataAugmentation.Scene' NzbDrone.Core.Datastore.Converters' NzbDrone.Core.Download' NzbDrone.Core.Download.Pending' NzbDrone.Core.Extras.Metadata' NzbDrone.Core.Extras.Metadata.Files' NzbDrone.Core.Extras.Others' NzbDrone.Core.Extras.Subtitles' NzbDrone.Core.History' NzbDrone.Core.Indexers' NzbDrone.Core.Instrumentation' NzbDrone.Core.Jobs' NzbDrone.Core.MediaFiles' NzbDrone.Core.Notifications' NzbDrone.Core.Organizer' NzbDrone.Core.Profiles.Delay' NzbDrone.Core.Profiles.Languages' NzbDrone.Core.Profiles.Qualities' NzbDrone.Core.Profiles.Releases' NzbDrone.Core.RootFolders' NzbDrone.Core.SeriesStats' NzbDrone.Core.Tags,NzbDrone.Core.Datastore.User' NzbDrone.Core.Datastore.Blacklist' NzbDrone.Core.Datastore.CustomFilter' NzbDrone.Core.Datastore.SceneMapping' NzbDrone.Core.Datastore.BooleanIntConverter' NzbDrone.Core.Datastore.CommandConverter' NzbDrone.Core.Datastore.DoubleConverter' NzbDrone.Core.Datastore.EmbeddedDocumentConverter' NzbDrone.Core.Datastore.EnumIntConverter' NzbDrone.Core.Datastore.GuidConverter' NzbDrone.Core.Datastore.Int32Converter' NzbDrone.Core.Datastore.LanguageIntConverter' NzbDrone.Core.Datastore.OsPathConverter' NzbDrone.Core.Datastore.ProviderSettingConverter' NzbDrone.Core.Datastore.QualityIntConverter' NzbDrone.Core.Datastore.TimeSpanConverter' NzbDrone.Core.Datastore.UtcConverter' NzbDrone.Core.Datastore.DownloadClientDefinition' NzbDrone.Core.Datastore.DownloadClientStatus' NzbDrone.Core.Datastore.PendingRelease' NzbDrone.Core.Datastore.MetadataDefinition' NzbDrone.Core.Datastore.MetadataFile' NzbDrone.Core.Datastore.OtherExtraFile' NzbDrone.Core.Datastore.SubtitleFile' NzbDrone.Core.Datastore.History' NzbDrone.Core.Datastore.IndexerDefinition' NzbDrone.Core.Datastore.IndexerStatus' NzbDrone.Core.Datastore.Log' NzbDrone.Core.Datastore.ScheduledTask' NzbDrone.Core.Datastore.EpisodeFile' NzbDrone.Core.Datastore.NotificationDefinition' NzbDrone.Core.Datastore.NamingConfig' NzbDrone.Core.Datastore.DelayProfile' NzbDrone.Core.Datastore.LanguageProfile' NzbDrone.Core.Datastore.LanguageProfileItem' NzbDrone.Core.Datastore.QualityProfile' NzbDrone.Core.Datastore.QualityProfileQualityItem' NzbDrone.Core.Datastore.ReleaseProfile' NzbDrone.Core.Datastore.RootFolder' NzbDrone.Core.Datastore.SeasonStatistics' NzbDrone.Core.Datastore.Tag,NzbDrone.Core.Datastore.User' NzbDrone.Core.Datastore.Blacklist' NzbDrone.Core.Datastore.CustomFilter' NzbDrone.Core.Datastore.SceneMapping' NzbDrone.Core.Datastore.BooleanIntConverter' NzbDrone.Core.Datastore.CommandConverter' NzbDrone.Core.Datastore.DoubleConverter' NzbDrone.Core.Datastore.EmbeddedDocumentConverter' NzbDrone.Core.Datastore.EnumIntConverter' NzbDrone.Core.Datastore.GuidConverter' NzbDrone.Core.Datastore.Int32Converter' NzbDrone.Core.Datastore.LanguageIntConverter' NzbDrone.Core.Datastore.OsPathConverter' NzbDrone.Core.Datastore.ProviderSettingConverter' NzbDrone.Core.Datastore.QualityIntConverter' NzbDrone.Core.Datastore.TimeSpanConverter' NzbDrone.Core.Datastore.UtcConverter' NzbDrone.Core.Datastore.DownloadClientDefinition' NzbDrone.Core.Datastore.DownloadClientStatus' NzbDrone.Core.Datastore.PendingRelease' NzbDrone.Core.Datastore.MetadataDefinition' NzbDrone.Core.Datastore.MetadataFile' NzbDrone.Core.Datastore.OtherExtraFile' NzbDrone.Core.Datastore.SubtitleFile' NzbDrone.Core.Datastore.History' NzbDrone.Core.Datastore.IndexerDefinition' NzbDrone.Core.Datastore.IndexerStatus' NzbDrone.Core.Datastore.Log' NzbDrone.Core.Datastore.ScheduledTask' NzbDrone.Core.Datastore.EpisodeFile' NzbDrone.Core.Datastore.NotificationDefinition' NzbDrone.Core.Datastore.NamingConfig' NzbDrone.Core.Datastore.DelayProfile' NzbDrone.Core.Datastore.LanguageProfile' NzbDrone.Core.Datastore.LanguageProfileItem' NzbDrone.Core.Datastore.QualityProfile' NzbDrone.Core.Datastore.QualityProfileQualityItem' NzbDrone.Core.Datastore.ReleaseProfile' NzbDrone.Core.Datastore.RootFolder' NzbDrone.Core.Datastore.SeasonStatistics' NzbDrone.Core.Datastore.Tag
Unstable Dependency,Sonarr.Core,NzbDrone.Core.DecisionEngine,The tool detected the smell in this component because this component depends on other components that are less stable than itself. This component depends on following less stable component(s): NzbDrone.Core.Indexers' NzbDrone.Core.Profiles.Delay' NzbDrone.Core.Tv' NzbDrone.Core.DataAugmentation.Scene' NzbDrone.Core.DecisionEngine.Specifications' NzbDrone.Core.Download.Aggregation' NzbDrone.Core.Parser,NzbDrone.Core.DecisionEngine.DownloadProtocol' NzbDrone.Core.DecisionEngine.IDelayProfileService' NzbDrone.Core.DecisionEngine.SeriesTypes' NzbDrone.Core.DecisionEngine.ISceneMappingService' NzbDrone.Core.DecisionEngine.IDecisionEngineSpecification' NzbDrone.Core.DecisionEngine.IRemoteEpisodeAggregationService' NzbDrone.Core.DecisionEngine.LanguageParser' NzbDrone.Core.DecisionEngine.Parser' NzbDrone.Core.DecisionEngine.IParsingService' NzbDrone.Core.DecisionEngine.QualityParser,NzbDrone.Core.DecisionEngine.DownloadProtocol' NzbDrone.Core.DecisionEngine.IDelayProfileService' NzbDrone.Core.DecisionEngine.SeriesTypes' NzbDrone.Core.DecisionEngine.ISceneMappingService' NzbDrone.Core.DecisionEngine.IDecisionEngineSpecification' NzbDrone.Core.DecisionEngine.IRemoteEpisodeAggregationService' NzbDrone.Core.DecisionEngine.LanguageParser' NzbDrone.Core.DecisionEngine.Parser' NzbDrone.Core.DecisionEngine.IParsingService' NzbDrone.Core.DecisionEngine.QualityParser
Unstable Dependency,Sonarr.Core,NzbDrone.Core.DecisionEngine.Specifications,The tool detected the smell in this component because this component depends on other components that are less stable than itself. This component depends on following less stable component(s): NzbDrone.Core.Blacklisting' NzbDrone.Core.Queue,NzbDrone.Core.DecisionEngine.Specifications.IBlacklistService' NzbDrone.Core.DecisionEngine.Specifications.IQueueService,NzbDrone.Core.DecisionEngine.Specifications.IBlacklistService' NzbDrone.Core.DecisionEngine.Specifications.IQueueService
Unstable Dependency,Sonarr.Core,NzbDrone.Core.Download,The tool detected the smell in this component because this component depends on other components that are less stable than itself. This component depends on following less stable component(s): NzbDrone.Core.Download.TrackedDownloads' NzbDrone.Core.History' NzbDrone.Core.MediaFiles' NzbDrone.Core.Download.Pending' NzbDrone.Core.IndexerSearch' NzbDrone.Core.Organizer,NzbDrone.Core.Download.TrackedDownload' NzbDrone.Core.Download.TrackedDownloadStage' NzbDrone.Core.Download.TrackedDownloadStatusMessage' NzbDrone.Core.Download.IHistoryService' NzbDrone.Core.Download.IDownloadedEpisodesImportService' NzbDrone.Core.Download.History' NzbDrone.Core.Download.HistoryEventType' NzbDrone.Core.Download.PendingReleaseReason' NzbDrone.Core.Download.IPendingReleaseService' NzbDrone.Core.Download.EpisodeSearchCommand' NzbDrone.Core.Download.SeasonSearchCommand' NzbDrone.Core.Download.FileNameBuilder,NzbDrone.Core.Download.TrackedDownload' NzbDrone.Core.Download.TrackedDownloadStage' NzbDrone.Core.Download.TrackedDownloadStatusMessage' NzbDrone.Core.Download.IHistoryService' NzbDrone.Core.Download.IDownloadedEpisodesImportService' NzbDrone.Core.Download.History' NzbDrone.Core.Download.HistoryEventType' NzbDrone.Core.Download.PendingReleaseReason' NzbDrone.Core.Download.IPendingReleaseService' NzbDrone.Core.Download.EpisodeSearchCommand' NzbDrone.Core.Download.SeasonSearchCommand' NzbDrone.Core.Download.FileNameBuilder
Unstable Dependency,Sonarr.Core,NzbDrone.Core.Download.Clients.DownloadStation,The tool detected the smell in this component because this component depends on other components that are less stable than itself. This component depends on following less stable component(s): NzbDrone.Core.Download.Clients.DownloadStation.Proxies,NzbDrone.Core.Download.Clients.DownloadStation.IDSMInfoProxy' NzbDrone.Core.Download.Clients.DownloadStation.IFileStationProxy' NzbDrone.Core.Download.Clients.DownloadStation.IDownloadStationInfoProxy' NzbDrone.Core.Download.Clients.DownloadStation.IDownloadStationTaskProxy,NzbDrone.Core.Download.Clients.DownloadStation.IDSMInfoProxy' NzbDrone.Core.Download.Clients.DownloadStation.IFileStationProxy' NzbDrone.Core.Download.Clients.DownloadStation.IDownloadStationInfoProxy' NzbDrone.Core.Download.Clients.DownloadStation.IDownloadStationTaskProxy
Unstable Dependency,Sonarr.Core,NzbDrone.Core.Download.Clients.DownloadStation.Responses,The tool detected the smell in this component because this component depends on other components that are less stable than itself. This component depends on following less stable component(s): NzbDrone.Core.Download.Clients.DownloadStation,NzbDrone.Core.Download.Clients.DownloadStation.Responses.DiskStationApi' NzbDrone.Core.Download.Clients.DownloadStation.Responses.DiskStationApiInfo' NzbDrone.Core.Download.Clients.DownloadStation.Responses.DownloadStationTask,NzbDrone.Core.Download.Clients.DownloadStation.Responses.DiskStationApi' NzbDrone.Core.Download.Clients.DownloadStation.Responses.DiskStationApiInfo' NzbDrone.Core.Download.Clients.DownloadStation.Responses.DownloadStationTask
Unstable Dependency,Sonarr.Core,NzbDrone.Core.Download.Clients.NzbVortex.JsonConverters,The tool detected the smell in this component because this component depends on other components that are less stable than itself. This component depends on following less stable component(s): NzbDrone.Core.Download.Clients.NzbVortex,NzbDrone.Core.Download.Clients.NzbVortex.JsonConverters.NzbVortexLoginResultType' NzbDrone.Core.Download.Clients.NzbVortex.JsonConverters.NzbVortexResultType,NzbDrone.Core.Download.Clients.NzbVortex.JsonConverters.NzbVortexLoginResultType' NzbDrone.Core.Download.Clients.NzbVortex.JsonConverters.NzbVortexResultType
Unstable Dependency,Sonarr.Core,NzbDrone.Core.Download.Clients.NzbVortex,The tool detected the smell in this component because this component depends on other components that are less stable than itself. This component depends on following less stable component(s): NzbDrone.Core.Download.Clients.NzbVortex.Responses,NzbDrone.Core.Download.Clients.NzbVortex.NzbVortexApiVersionResponse' NzbDrone.Core.Download.Clients.NzbVortex.NzbVortexVersionResponse' NzbDrone.Core.Download.Clients.NzbVortex.NzbVortexAddResponse' NzbDrone.Core.Download.Clients.NzbVortex.NzbVortexAuthNonceResponse' NzbDrone.Core.Download.Clients.NzbVortex.NzbVortexAuthResponse' NzbDrone.Core.Download.Clients.NzbVortex.NzbVortexFilesResponse' NzbDrone.Core.Download.Clients.NzbVortex.NzbVortexGroupResponse' NzbDrone.Core.Download.Clients.NzbVortex.NzbVortexQueueResponse' NzbDrone.Core.Download.Clients.NzbVortex.NzbVortexResponseBase,NzbDrone.Core.Download.Clients.NzbVortex.NzbVortexApiVersionResponse' NzbDrone.Core.Download.Clients.NzbVortex.NzbVortexVersionResponse' NzbDrone.Core.Download.Clients.NzbVortex.NzbVortexAddResponse' NzbDrone.Core.Download.Clients.NzbVortex.NzbVortexAuthNonceResponse' NzbDrone.Core.Download.Clients.NzbVortex.NzbVortexAuthResponse' NzbDrone.Core.Download.Clients.NzbVortex.NzbVortexFilesResponse' NzbDrone.Core.Download.Clients.NzbVortex.NzbVortexGroupResponse' NzbDrone.Core.Download.Clients.NzbVortex.NzbVortexQueueResponse' NzbDrone.Core.Download.Clients.NzbVortex.NzbVortexResponseBase
Unstable Dependency,Sonarr.Core,NzbDrone.Core.Download.Clients.rTorrent,The tool detected the smell in this component because this component depends on other components that are less stable than itself. This component depends on following less stable component(s): NzbDrone.Core.Download.Clients.RTorrent,NzbDrone.Core.Download.Clients.rTorrent.RTorrentSettings,NzbDrone.Core.Download.Clients.rTorrent.RTorrentSettings
Unstable Dependency,Sonarr.Core,NzbDrone.Core.Download.Clients.Sabnzbd.JsonConverters,The tool detected the smell in this component because this component depends on other components that are less stable than itself. This component depends on following less stable component(s): NzbDrone.Core.Download.Clients.Sabnzbd,NzbDrone.Core.Download.Clients.Sabnzbd.JsonConverters.SabnzbdPriority,NzbDrone.Core.Download.Clients.Sabnzbd.JsonConverters.SabnzbdPriority
Unstable Dependency,Sonarr.Core,NzbDrone.Core.Download.Clients.Sabnzbd.Responses,The tool detected the smell in this component because this component depends on other components that are less stable than itself. This component depends on following less stable component(s): NzbDrone.Core.Download.Clients.Sabnzbd,NzbDrone.Core.Download.Clients.Sabnzbd.Responses.SabnzbdConfig' NzbDrone.Core.Download.Clients.Sabnzbd.Responses.SabnzbdFullStatus,NzbDrone.Core.Download.Clients.Sabnzbd.Responses.SabnzbdConfig' NzbDrone.Core.Download.Clients.Sabnzbd.Responses.SabnzbdFullStatus
Unstable Dependency,Sonarr.Core,NzbDrone.Core.Download.Pending,The tool detected the smell in this component because this component depends on other components that are less stable than itself. This component depends on following less stable component(s): NzbDrone.Core.Jobs,NzbDrone.Core.Download.Pending.ITaskManager,NzbDrone.Core.Download.Pending.ITaskManager
Unstable Dependency,Sonarr.Core,NzbDrone.Core.Download.TrackedDownloads,The tool detected the smell in this component because this component depends on other components that are less stable than itself. This component depends on following less stable component(s): NzbDrone.Core.History,NzbDrone.Core.Download.TrackedDownloads.HistoryEventType' NzbDrone.Core.Download.TrackedDownloads.IHistoryService,NzbDrone.Core.Download.TrackedDownloads.HistoryEventType' NzbDrone.Core.Download.TrackedDownloads.IHistoryService
Unstable Dependency,Sonarr.Core,NzbDrone.Core.Exceptions,The tool detected the smell in this component because this component depends on other components that are less stable than itself. This component depends on following less stable component(s): NzbDrone.Core.Parser.Model,NzbDrone.Core.Exceptions.ReleaseInfo,NzbDrone.Core.Exceptions.ReleaseInfo
Unstable Dependency,Sonarr.Core,NzbDrone.Core.Extras.Files,The tool detected the smell in this component because this component depends on other components that are less stable than itself. This component depends on following less stable component(s): NzbDrone.Core.MediaFiles,NzbDrone.Core.Extras.Files.EpisodeFile' NzbDrone.Core.Extras.Files.DeleteMediaFileReason' NzbDrone.Core.Extras.Files.IRecycleBinProvider,NzbDrone.Core.Extras.Files.EpisodeFile' NzbDrone.Core.Extras.Files.DeleteMediaFileReason' NzbDrone.Core.Extras.Files.IRecycleBinProvider
Unstable Dependency,Sonarr.Core,NzbDrone.Core.Extras.Metadata,The tool detected the smell in this component because this component depends on other components that are less stable than itself. This component depends on following less stable component(s): NzbDrone.Core.Extras' NzbDrone.Core.Extras.Subtitles' NzbDrone.Core.Extras.Others,NzbDrone.Core.Extras.Metadata.ImportExistingExtraFilesBase<TExtraFile>' NzbDrone.Core.Extras.Metadata.SubtitleFileExtensions' NzbDrone.Core.Extras.Metadata.IOtherExtraFileRenamer,NzbDrone.Core.Extras.Metadata.ImportExistingExtraFilesBase<TExtraFile>' NzbDrone.Core.Extras.Metadata.SubtitleFileExtensions' NzbDrone.Core.Extras.Metadata.IOtherExtraFileRenamer
Unstable Dependency,Sonarr.Core,NzbDrone.Core.Extras.Metadata.Files,The tool detected the smell in this component because this component depends on other components that are less stable than itself. This component depends on following less stable component(s): NzbDrone.Core.Extras.Metadata,NzbDrone.Core.Extras.Metadata.Files.MetadataType,NzbDrone.Core.Extras.Metadata.Files.MetadataType
Unstable Dependency,Sonarr.Core,NzbDrone.Core.HealthCheck,The tool detected the smell in this component because this component depends on other components that are less stable than itself. This component depends on following less stable component(s): NzbDrone.Core.Messaging.Commands' NzbDrone.Core.Datastore' NzbDrone.Core.Lifecycle,NzbDrone.Core.HealthCheck.Command' NzbDrone.Core.HealthCheck.ModelBase' NzbDrone.Core.HealthCheck.ApplicationStartedEvent' NzbDrone.Core.HealthCheck.CommandTrigger' NzbDrone.Core.HealthCheck.IExecute,NzbDrone.Core.HealthCheck.Command' NzbDrone.Core.HealthCheck.ModelBase' NzbDrone.Core.HealthCheck.ApplicationStartedEvent' NzbDrone.Core.HealthCheck.CommandTrigger' NzbDrone.Core.HealthCheck.IExecute
Unstable Dependency,Sonarr.Core,NzbDrone.Core.Housekeeping,The tool detected the smell in this component because this component depends on other components that are less stable than itself. This component depends on following less stable component(s): NzbDrone.Core.Messaging.Commands' NzbDrone.Core.Datastore,NzbDrone.Core.Housekeeping.Command' NzbDrone.Core.Housekeeping.IMainDatabase' NzbDrone.Core.Housekeeping.IExecute,NzbDrone.Core.Housekeeping.Command' NzbDrone.Core.Housekeeping.IMainDatabase' NzbDrone.Core.Housekeeping.IExecute
Unstable Dependency,Sonarr.Core,NzbDrone.Core.IndexerSearch.Definitions,The tool detected the smell in this component because this component depends on other components that are less stable than itself. This component depends on following less stable component(s): NzbDrone.Core.Tv,NzbDrone.Core.IndexerSearch.Definitions.Episode' NzbDrone.Core.IndexerSearch.Definitions.Series,NzbDrone.Core.IndexerSearch.Definitions.Episode' NzbDrone.Core.IndexerSearch.Definitions.Series
Unstable Dependency,Sonarr.Core,NzbDrone.Core.Indexers,The tool detected the smell in this component because this component depends on other components that are less stable than itself. This component depends on following less stable component(s): NzbDrone.Core.ThingiProvider.Status' NzbDrone.Core.Download' NzbDrone.Core.Download.Pending,NzbDrone.Core.Indexers.ProviderStatusBase' NzbDrone.Core.Indexers.IProviderStatusRepository' NzbDrone.Core.Indexers.ProviderStatusRepository<TModel>' NzbDrone.Core.Indexers.IProviderStatusServiceBase' NzbDrone.Core.Indexers.ProviderStatusServiceBase<TProvider'TModel>' NzbDrone.Core.Indexers.ProcessedDecisions' NzbDrone.Core.Indexers.IProcessDownloadDecisions' NzbDrone.Core.Indexers.IPendingReleaseService,NzbDrone.Core.Indexers.ProviderStatusBase' NzbDrone.Core.Indexers.IProviderStatusRepository' NzbDrone.Core.Indexers.ProviderStatusRepository<TModel>' NzbDrone.Core.Indexers.IProviderStatusServiceBase' NzbDrone.Core.Indexers.ProviderStatusServiceBase<TProvider'TModel>' NzbDrone.Core.Indexers.ProcessedDecisions' NzbDrone.Core.Indexers.IProcessDownloadDecisions' NzbDrone.Core.Indexers.IPendingReleaseService
Unstable Dependency,Sonarr.Core,NzbDrone.Core.Indexers.Exceptions,The tool detected the smell in this component because this component depends on other components that are less stable than itself. This component depends on following less stable component(s): NzbDrone.Core.Indexers,NzbDrone.Core.Indexers.Exceptions.IndexerResponse,NzbDrone.Core.Indexers.Exceptions.IndexerResponse
Unstable Dependency,Sonarr.Core,NzbDrone.Core.Languages,The tool detected the smell in this component because this component depends on other components that are less stable than itself. This component depends on following less stable component(s): NzbDrone.Core.Datastore' NzbDrone.Core.Profiles.Languages,NzbDrone.Core.Languages.IEmbeddedDocument' NzbDrone.Core.Languages.LanguageProfile,NzbDrone.Core.Languages.IEmbeddedDocument' NzbDrone.Core.Languages.LanguageProfile
Unstable Dependency,Sonarr.Core,NzbDrone.Core.Lifecycle,The tool detected the smell in this component because this component depends on other components that are less stable than itself. This component depends on following less stable component(s): NzbDrone.Core.Lifecycle.Commands,NzbDrone.Core.Lifecycle.RestartCommand' NzbDrone.Core.Lifecycle.ShutdownCommand,NzbDrone.Core.Lifecycle.RestartCommand' NzbDrone.Core.Lifecycle.ShutdownCommand
Unstable Dependency,Sonarr.Core,NzbDrone.Core.MediaFiles.Commands,The tool detected the smell in this component because this component depends on other components that are less stable than itself. This component depends on following less stable component(s): NzbDrone.Core.MediaFiles.EpisodeImport,NzbDrone.Core.MediaFiles.Commands.ImportMode,NzbDrone.Core.MediaFiles.Commands.ImportMode
Unstable Dependency,Sonarr.Core,NzbDrone.Core.MediaFiles,The tool detected the smell in this component because this component depends on other components that are less stable than itself. This component depends on following less stable component(s): NzbDrone.Core.RootFolders' NzbDrone.Core.Download.TrackedDownloads' NzbDrone.Core.Organizer,NzbDrone.Core.MediaFiles.IRootFolderService' NzbDrone.Core.MediaFiles.ITrackedDownloadService' NzbDrone.Core.MediaFiles.IBuildFileNames,NzbDrone.Core.MediaFiles.IRootFolderService' NzbDrone.Core.MediaFiles.ITrackedDownloadService' NzbDrone.Core.MediaFiles.IBuildFileNames
Unstable Dependency,Sonarr.Core,NzbDrone.Core.MediaFiles.EpisodeImport.Aggregation,The tool detected the smell in this component because this component depends on other components that are less stable than itself. This component depends on following less stable component(s): NzbDrone.Core.MediaFiles' NzbDrone.Core.MediaFiles.EpisodeImport.Aggregation.Aggregators,NzbDrone.Core.MediaFiles.EpisodeImport.Aggregation.MediaFileExtensions' NzbDrone.Core.MediaFiles.EpisodeImport.Aggregation.IAggregateLocalEpisode,NzbDrone.Core.MediaFiles.EpisodeImport.Aggregation.MediaFileExtensions' NzbDrone.Core.MediaFiles.EpisodeImport.Aggregation.IAggregateLocalEpisode
Unstable Dependency,Sonarr.Core,NzbDrone.Core.MediaFiles.EpisodeImport,The tool detected the smell in this component because this component depends on other components that are less stable than itself. This component depends on following less stable component(s): NzbDrone.Core.MediaFiles.MediaInfo' NzbDrone.Core.Download' NzbDrone.Core.Extras' NzbDrone.Core.MediaFiles' NzbDrone.Core.MediaFiles.EpisodeImport.Aggregation,NzbDrone.Core.MediaFiles.EpisodeImport.IVideoFileInfoReader' NzbDrone.Core.MediaFiles.EpisodeImport.DownloadClientItem' NzbDrone.Core.MediaFiles.EpisodeImport.IExtraService' NzbDrone.Core.MediaFiles.EpisodeImport.DeleteMediaFileReason' NzbDrone.Core.MediaFiles.EpisodeImport.EpisodeFile' NzbDrone.Core.MediaFiles.EpisodeImport.IMediaFileService' NzbDrone.Core.MediaFiles.EpisodeImport.IUpgradeMediaFiles' NzbDrone.Core.MediaFiles.EpisodeImport.AugmentingFailedException' NzbDrone.Core.MediaFiles.EpisodeImport.IAggregationService,NzbDrone.Core.MediaFiles.EpisodeImport.IVideoFileInfoReader' NzbDrone.Core.MediaFiles.EpisodeImport.DownloadClientItem' NzbDrone.Core.MediaFiles.EpisodeImport.IExtraService' NzbDrone.Core.MediaFiles.EpisodeImport.DeleteMediaFileReason' NzbDrone.Core.MediaFiles.EpisodeImport.EpisodeFile' NzbDrone.Core.MediaFiles.EpisodeImport.IMediaFileService' NzbDrone.Core.MediaFiles.EpisodeImport.IUpgradeMediaFiles' NzbDrone.Core.MediaFiles.EpisodeImport.AugmentingFailedException' NzbDrone.Core.MediaFiles.EpisodeImport.IAggregationService
Unstable Dependency,Sonarr.Core,NzbDrone.Core.MediaFiles.Events,The tool detected the smell in this component because this component depends on other components that are less stable than itself. This component depends on following less stable component(s): NzbDrone.Core.MediaFiles' NzbDrone.Core.Tv' NzbDrone.Core.Download,NzbDrone.Core.MediaFiles.Events.EpisodeFile' NzbDrone.Core.MediaFiles.Events.DeleteMediaFileReason' NzbDrone.Core.MediaFiles.Events.Series' NzbDrone.Core.MediaFiles.Events.DownloadClientItem,NzbDrone.Core.MediaFiles.Events.EpisodeFile' NzbDrone.Core.MediaFiles.Events.DeleteMediaFileReason' NzbDrone.Core.MediaFiles.Events.Series' NzbDrone.Core.MediaFiles.Events.DownloadClientItem
Unstable Dependency,Sonarr.Core,NzbDrone.Core.MediaFiles.MediaInfo,The tool detected the smell in this component because this component depends on other components that are less stable than itself. This component depends on following less stable component(s): NzbDrone.Core.MediaFiles,NzbDrone.Core.MediaFiles.MediaInfo.EpisodeFile' NzbDrone.Core.MediaFiles.MediaInfo.IMediaFileService,NzbDrone.Core.MediaFiles.MediaInfo.EpisodeFile' NzbDrone.Core.MediaFiles.MediaInfo.IMediaFileService
Unstable Dependency,Sonarr.Core,NzbDrone.Core.Messaging.Commands,The tool detected the smell in this component because this component depends on other components that are less stable than itself. This component depends on following less stable component(s): NzbDrone.Core.Lifecycle' NzbDrone.Core.ProgressMessaging' NzbDrone.Core.Datastore,NzbDrone.Core.Messaging.Commands.ApplicationShutdownRequested' NzbDrone.Core.Messaging.Commands.ApplicationStartedEvent' NzbDrone.Core.Messaging.Commands.CommandUpdatedEvent' NzbDrone.Core.Messaging.Commands.ProgressMessageContext' NzbDrone.Core.Messaging.Commands.ModelBase' NzbDrone.Core.Messaging.Commands.IBasicRepository' NzbDrone.Core.Messaging.Commands.BasicRepository<TModel>' NzbDrone.Core.Messaging.Commands.IMainDatabase,NzbDrone.Core.Messaging.Commands.ApplicationShutdownRequested' NzbDrone.Core.Messaging.Commands.ApplicationStartedEvent' NzbDrone.Core.Messaging.Commands.CommandUpdatedEvent' NzbDrone.Core.Messaging.Commands.ProgressMessageContext' NzbDrone.Core.Messaging.Commands.ModelBase' NzbDrone.Core.Messaging.Commands.IBasicRepository' NzbDrone.Core.Messaging.Commands.BasicRepository<TModel>' NzbDrone.Core.Messaging.Commands.IMainDatabase
Unstable Dependency,Sonarr.Core,NzbDrone.Core.Messaging.Events,The tool detected the smell in this component because this component depends on other components that are less stable than itself. This component depends on following less stable component(s): NzbDrone.Core.Messaging.Commands,NzbDrone.Core.Messaging.Events.CommandModel,NzbDrone.Core.Messaging.Events.CommandModel
Unstable Dependency,Sonarr.Core,NzbDrone.Core.Parser,The tool detected the smell in this component because this component depends on other components that are less stable than itself. This component depends on following less stable component(s): NzbDrone.Core.MediaFiles' NzbDrone.Core.DataAugmentation.Scene,NzbDrone.Core.Parser.MediaFileExtensions' NzbDrone.Core.Parser.ISceneMappingService,NzbDrone.Core.Parser.MediaFileExtensions' NzbDrone.Core.Parser.ISceneMappingService
Unstable Dependency,Sonarr.Core,NzbDrone.Core.Parser.Model,The tool detected the smell in this component because this component depends on other components that are less stable than itself. This component depends on following less stable component(s): NzbDrone.Core.Languages' NzbDrone.Core.MediaFiles.MediaInfo' NzbDrone.Core.Parser' NzbDrone.Core.Qualities' NzbDrone.Core.Tv' NzbDrone.Core.Indexers,NzbDrone.Core.Parser.Model.Language' NzbDrone.Core.Parser.Model.MediaInfoModel' NzbDrone.Core.Parser.Model.InvalidSeasonException' NzbDrone.Core.Parser.Model.QualityModel' NzbDrone.Core.Parser.Model.Episode' NzbDrone.Core.Parser.Model.Series' NzbDrone.Core.Parser.Model.DownloadProtocol,NzbDrone.Core.Parser.Model.Language' NzbDrone.Core.Parser.Model.MediaInfoModel' NzbDrone.Core.Parser.Model.InvalidSeasonException' NzbDrone.Core.Parser.Model.QualityModel' NzbDrone.Core.Parser.Model.Episode' NzbDrone.Core.Parser.Model.Series' NzbDrone.Core.Parser.Model.DownloadProtocol
Unstable Dependency,Sonarr.Core,NzbDrone.Core.Qualities,The tool detected the smell in this component because this component depends on other components that are less stable than itself. This component depends on following less stable component(s): NzbDrone.Core.Datastore' NzbDrone.Core.Lifecycle' NzbDrone.Core.Profiles.Qualities,NzbDrone.Core.Qualities.IEmbeddedDocument' NzbDrone.Core.Qualities.ModelBase' NzbDrone.Core.Qualities.IBasicRepository' NzbDrone.Core.Qualities.BasicRepository<TModel>' NzbDrone.Core.Qualities.IMainDatabase' NzbDrone.Core.Qualities.ApplicationStartedEvent' NzbDrone.Core.Qualities.QualityProfile,NzbDrone.Core.Qualities.IEmbeddedDocument' NzbDrone.Core.Qualities.ModelBase' NzbDrone.Core.Qualities.IBasicRepository' NzbDrone.Core.Qualities.BasicRepository<TModel>' NzbDrone.Core.Qualities.IMainDatabase' NzbDrone.Core.Qualities.ApplicationStartedEvent' NzbDrone.Core.Qualities.QualityProfile
Unstable Dependency,Sonarr.Core,NzbDrone.Core.RemotePathMappings,The tool detected the smell in this component because this component depends on other components that are less stable than itself. This component depends on following less stable component(s): NzbDrone.Core.Datastore' NzbDrone.Core.Download,NzbDrone.Core.RemotePathMappings.ModelBase' NzbDrone.Core.RemotePathMappings.IBasicRepository' NzbDrone.Core.RemotePathMappings.BasicRepository<TModel>' NzbDrone.Core.RemotePathMappings.IMainDatabase' NzbDrone.Core.RemotePathMappings.IDownloadClientRepository,NzbDrone.Core.RemotePathMappings.ModelBase' NzbDrone.Core.RemotePathMappings.IBasicRepository' NzbDrone.Core.RemotePathMappings.BasicRepository<TModel>' NzbDrone.Core.RemotePathMappings.IMainDatabase' NzbDrone.Core.RemotePathMappings.IDownloadClientRepository
Unstable Dependency,Sonarr.Core,NzbDrone.Core.ThingiProvider,The tool detected the smell in this component because this component depends on other components that are less stable than itself. This component depends on following less stable component(s): NzbDrone.Core.Datastore' NzbDrone.Core.Lifecycle' NzbDrone.Core.ThingiProvider.Events,NzbDrone.Core.ThingiProvider.IBasicRepository' NzbDrone.Core.ThingiProvider.ModelBase' NzbDrone.Core.ThingiProvider.ApplicationStartedEvent' NzbDrone.Core.ThingiProvider.ProviderDeletedEvent<TProvider>' NzbDrone.Core.ThingiProvider.ProviderUpdatedEvent<TProvider>' NzbDrone.Core.ThingiProvider.BasicRepository<TModel>' NzbDrone.Core.ThingiProvider.IMainDatabase,NzbDrone.Core.ThingiProvider.IBasicRepository' NzbDrone.Core.ThingiProvider.ModelBase' NzbDrone.Core.ThingiProvider.ApplicationStartedEvent' NzbDrone.Core.ThingiProvider.ProviderDeletedEvent<TProvider>' NzbDrone.Core.ThingiProvider.ProviderUpdatedEvent<TProvider>' NzbDrone.Core.ThingiProvider.BasicRepository<TModel>' NzbDrone.Core.ThingiProvider.IMainDatabase
Unstable Dependency,Sonarr.Core,NzbDrone.Core.ThingiProvider.Events,The tool detected the smell in this component because this component depends on other components that are less stable than itself. This component depends on following less stable component(s): NzbDrone.Core.ThingiProvider.Status,NzbDrone.Core.ThingiProvider.Events.ProviderStatusBase,NzbDrone.Core.ThingiProvider.Events.ProviderStatusBase
Unstable Dependency,Sonarr.Core,NzbDrone.Core.Tv,The tool detected the smell in this component because this component depends on other components that are less stable than itself. This component depends on following less stable component(s): NzbDrone.Core.Datastore' NzbDrone.Core.MediaCover' NzbDrone.Core.MetadataSource' NzbDrone.Core.Organizer' NzbDrone.Core.Validation.Paths' NzbDrone.Core.MediaFiles' NzbDrone.Core.IndexerSearch' NzbDrone.Core.Profiles.Languages' NzbDrone.Core.Profiles.Qualities' NzbDrone.Core.Parser' NzbDrone.Core.RootFolders,NzbDrone.Core.Tv.IEmbeddedDocument' NzbDrone.Core.Tv.MediaCover' NzbDrone.Core.Tv.IProvideSeriesInfo' NzbDrone.Core.Tv.IBuildFileNames' NzbDrone.Core.Tv.RootFolderValidator' NzbDrone.Core.Tv.SeriesAncestorValidator' NzbDrone.Core.Tv.SeriesPathValidator' NzbDrone.Core.Tv.ModelBase' NzbDrone.Core.Tv.EpisodeFile' NzbDrone.Core.Tv.EpisodeSearchCommand' NzbDrone.Core.Tv.PagingSpec<TModel>' NzbDrone.Core.Tv.ILanguageProfileService' NzbDrone.Core.Tv.IProfileService' NzbDrone.Core.Tv.IBasicRepository' NzbDrone.Core.Tv.BasicRepository<TModel>' NzbDrone.Core.Tv.IMainDatabase' NzbDrone.Core.Tv.DeleteMediaFileReason' NzbDrone.Core.Tv.Parser' NzbDrone.Core.Tv.IDiskScanService' NzbDrone.Core.Tv.LanguageProfile' NzbDrone.Core.Tv.QualityProfile' NzbDrone.Core.Tv.IRootFolderService' NzbDrone.Core.Tv.MissingEpisodeSearchCommand,NzbDrone.Core.Tv.IEmbeddedDocument' NzbDrone.Core.Tv.MediaCover' NzbDrone.Core.Tv.IProvideSeriesInfo' NzbDrone.Core.Tv.IBuildFileNames' NzbDrone.Core.Tv.RootFolderValidator' NzbDrone.Core.Tv.SeriesAncestorValidator' NzbDrone.Core.Tv.SeriesPathValidator' NzbDrone.Core.Tv.ModelBase' NzbDrone.Core.Tv.EpisodeFile' NzbDrone.Core.Tv.EpisodeSearchCommand' NzbDrone.Core.Tv.PagingSpec<TModel>' NzbDrone.Core.Tv.ILanguageProfileService' NzbDrone.Core.Tv.IProfileService' NzbDrone.Core.Tv.IBasicRepository' NzbDrone.Core.Tv.BasicRepository<TModel>' NzbDrone.Core.Tv.IMainDatabase' NzbDrone.Core.Tv.DeleteMediaFileReason' NzbDrone.Core.Tv.Parser' NzbDrone.Core.Tv.IDiskScanService' NzbDrone.Core.Tv.LanguageProfile' NzbDrone.Core.Tv.QualityProfile' NzbDrone.Core.Tv.IRootFolderService' NzbDrone.Core.Tv.MissingEpisodeSearchCommand
Unstable Dependency,Sonarr.Core,NzbDrone.Core.Tv.Commands,The tool detected the smell in this component because this component depends on other components that are less stable than itself. This component depends on following less stable component(s): NzbDrone.Core.Messaging.Commands,NzbDrone.Core.Tv.Commands.Command,NzbDrone.Core.Tv.Commands.Command
Unstable Dependency,Sonarr.Core,NzbDrone.Core.Tv.Events,The tool detected the smell in this component because this component depends on other components that are less stable than itself. This component depends on following less stable component(s): NzbDrone.Core.Tv,NzbDrone.Core.Tv.Events.Episode' NzbDrone.Core.Tv.Events.Series,NzbDrone.Core.Tv.Events.Episode' NzbDrone.Core.Tv.Events.Series
Unstable Dependency,Sonarr.Core,NzbDrone.Core.Update,The tool detected the smell in this component because this component depends on other components that are less stable than itself. This component depends on following less stable component(s): NzbDrone.Core.Backup' NzbDrone.Core.Analytics,NzbDrone.Core.Update.BackupType' NzbDrone.Core.Update.IBackupService' NzbDrone.Core.Update.IAnalyticsService,NzbDrone.Core.Update.BackupType' NzbDrone.Core.Update.IBackupService' NzbDrone.Core.Update.IAnalyticsService
Unstable Dependency,Sonarr.Core,NzbDrone.Core.Validation,The tool detected the smell in this component because this component depends on other components that are less stable than itself. This component depends on following less stable component(s): NzbDrone.Core.Profiles.Languages' NzbDrone.Core.Profiles.Qualities,NzbDrone.Core.Validation.ILanguageProfileService' NzbDrone.Core.Validation.IProfileService,NzbDrone.Core.Validation.ILanguageProfileService' NzbDrone.Core.Validation.IProfileService
Unstable Dependency,Sonarr.Core,NzbDrone.Core.Validation.Paths,The tool detected the smell in this component because this component depends on other components that are less stable than itself. This component depends on following less stable component(s): NzbDrone.Core.RootFolders,NzbDrone.Core.Validation.Paths.IRootFolderService,NzbDrone.Core.Validation.Paths.IRootFolderService
Ambiguous Interface,Sonarr.Core,NzbDrone.Core.Download.Clients.DownloadStation.Responses,The tool detected the smell in this component because the component provides only a single' general entry-point via the following class: DiskStationError,NzbDrone.Core.Download.Clients.DownloadStation.Responses.DiskStationError,NzbDrone.Core.Download.Clients.DownloadStation.Responses.DiskStationError
Ambiguous Interface,Sonarr.Core,NzbDrone.Core.Exceptions,The tool detected the smell in this component because the component provides only a single' general entry-point via the following class: StatusCodeToExceptions,NzbDrone.Core.Exceptions.StatusCodeToExceptions,NzbDrone.Core.Exceptions.StatusCodeToExceptions
Ambiguous Interface,Sonarr.Core,NzbDrone.Core.Extras.Metadata.Files,The tool detected the smell in this component because the component provides only a single' general entry-point via the following class: CleanExtraFileService,NzbDrone.Core.Extras.Metadata.Files.CleanExtraFileService,NzbDrone.Core.Extras.Metadata.Files.CleanExtraFileService
Ambiguous Interface,Sonarr.Core,NzbDrone.Core.Messaging.Events,The tool detected the smell in this component because the component provides only a single' general entry-point via the following class: EventAggregator,NzbDrone.Core.Messaging.Events.EventAggregator,NzbDrone.Core.Messaging.Events.EventAggregator
Ambiguous Interface,Sonarr.Core,NzbDrone.Core.Validation.Paths,The tool detected the smell in this component because the component provides only a single' general entry-point via the following class: PathValidation,NzbDrone.Core.Validation.Paths.PathValidation,NzbDrone.Core.Validation.Paths.PathValidation
God Component,Sonarr.Core,NzbDrone.Core.Datastore.Migration,The tool detected the smell in this component because the component contains high number of classes. Number of classes in the component are: 180,NzbDrone.Core.Datastore.Migration.PushoverSettingsForV33' NzbDrone.Core.Datastore.Migration.DestinationQualityModel036' NzbDrone.Core.Datastore.Migration.SourceQualityModel036' NzbDrone.Core.Datastore.Migration.SourceQuality036' NzbDrone.Core.Datastore.Migration.ClientSettingsForMigration' NzbDrone.Core.Datastore.Migration.FolderSettingsForMigration' NzbDrone.Core.Datastore.Migration.SabnzbdPriorityForMigration' NzbDrone.Core.Datastore.Migration.NzbGetPriorityForMigration' NzbDrone.Core.Datastore.Migration.MigrationHistoryItem' NzbDrone.Core.Datastore.Migration.MigrationHistoryEventType' NzbDrone.Core.Datastore.Migration.LegacyQualityModel062' NzbDrone.Core.Datastore.Migration.QualityModel062' NzbDrone.Core.Datastore.Migration.TokenMatch69' NzbDrone.Core.Datastore.Migration.Profile69' NzbDrone.Core.Datastore.Migration.Series69' NzbDrone.Core.Datastore.Migration.Tag69' NzbDrone.Core.Datastore.Migration.DelayProfile70' NzbDrone.Core.Datastore.Migration.Profile71' NzbDrone.Core.Datastore.Migration.ProfileItem71' NzbDrone.Core.Datastore.Migration.History72' NzbDrone.Core.Datastore.Migration.ScheduledTasks75' NzbDrone.Core.Datastore.Migration.Tag079' NzbDrone.Core.Datastore.Migration.TagReplacement079' NzbDrone.Core.Datastore.Migration.TaggedModel079' NzbDrone.Core.Datastore.Migration.DownloadClientDefinition81' NzbDrone.Core.Datastore.Migration.SabnzbdSettings81' NzbDrone.Core.Datastore.Migration.TransmissionSettings81' NzbDrone.Core.Datastore.Migration.QualityDefinition84' NzbDrone.Core.Datastore.Migration.DelugeSettings85' NzbDrone.Core.Datastore.Migration.Notification86' NzbDrone.Core.Datastore.Migration.PushBulletSettings86' NzbDrone.Core.Datastore.Migration.PushBulletSettings88' NzbDrone.Core.Datastore.Migration.IndexerDefinition90' NzbDrone.Core.Datastore.Migration.KickassTorrentsSettings90' NzbDrone.Core.Datastore.Migration.MetadataFile99' NzbDrone.Core.Datastore.Migration.BroadcastheNetSettings106' NzbDrone.Core.Datastore.Migration.LanguageProfileItem111' NzbDrone.Core.Datastore.Migration.Profile117' NzbDrone.Core.Datastore.Migration.IndexerDefinition121' NzbDrone.Core.Datastore.Migration.NewznabSettings121' NzbDrone.Core.Datastore.Migration.Profile122' NzbDrone.Core.Datastore.Migration.ProfileItem122' NzbDrone.Core.Datastore.Migration.remove_tvrage_imdb_unique_constraint' NzbDrone.Core.Datastore.Migration.remove_renamed_scene_mapping_columns' NzbDrone.Core.Datastore.Migration.updated_history' NzbDrone.Core.Datastore.Migration.added_eventtype_to_history' NzbDrone.Core.Datastore.Migration.add_index_to_log_time' NzbDrone.Core.Datastore.Migration.add_renameEpisodes_to_naming' NzbDrone.Core.Datastore.Migration.remove_backlog' NzbDrone.Core.Datastore.Migration.fix_rename_episodes' NzbDrone.Core.Datastore.Migration.add_monitored' NzbDrone.Core.Datastore.Migration.remove_ignored' NzbDrone.Core.Datastore.Migration.remove_custom_start_date' NzbDrone.Core.Datastore.Migration.add_air_date_utc' NzbDrone.Core.Datastore.Migration.drop_air_date' NzbDrone.Core.Datastore.Migration.add_air_date_as_string' NzbDrone.Core.Datastore.Migration.updated_imported_history_item' NzbDrone.Core.Datastore.Migration.reset_scene_names' NzbDrone.Core.Datastore.Migration.restore_unique_constraints' NzbDrone.Core.Datastore.Migration.drop_seasons_table' NzbDrone.Core.Datastore.Migration.move_indexer_to_generic_provider' NzbDrone.Core.Datastore.Migration.add_config_contract_to_indexers' NzbDrone.Core.Datastore.Migration.drop_tvdb_episodeid' NzbDrone.Core.Datastore.Migration.move_notification_to_generic_provider' NzbDrone.Core.Datastore.Migration.add_config_contract_to_notifications' NzbDrone.Core.Datastore.Migration.fix_omgwtfnzbs' NzbDrone.Core.Datastore.Migration.add_blacklist_table' NzbDrone.Core.Datastore.Migration.delete_old_naming_config_columns' NzbDrone.Core.Datastore.Migration.set_default_release_group' NzbDrone.Core.Datastore.Migration.remove_series_contraints' NzbDrone.Core.Datastore.Migration.add_series_folder_format_to_naming_config' NzbDrone.Core.Datastore.Migration.add_on_upgrade_to_notifications' NzbDrone.Core.Datastore.Migration.add_metadata_tables' NzbDrone.Core.Datastore.Migration.add_metadata_to_episodes_and_series' NzbDrone.Core.Datastore.Migration.fix_xbmc_season_images_metadata' NzbDrone.Core.Datastore.Migration.add_download_clients_table' NzbDrone.Core.Datastore.Migration.fix_xbmc_episode_metadata' NzbDrone.Core.Datastore.Migration.add_indexes' NzbDrone.Core.Datastore.Migration.fix_nzb_su_url' NzbDrone.Core.Datastore.Migration.add_temporary_blacklist_columns' NzbDrone.Core.Datastore.Migration.add_title_to_scenemappings' NzbDrone.Core.Datastore.Migration.fix_dognzb_url' NzbDrone.Core.Datastore.Migration.add_hash_to_metadata_files' NzbDrone.Core.Datastore.Migration.add_columns_for_anime' NzbDrone.Core.Datastore.Migration.rename_profiles' NzbDrone.Core.Datastore.Migration.drop_old_profile_columns' NzbDrone.Core.Datastore.Migration.add_mediainfo_to_episodefile' NzbDrone.Core.Datastore.Migration.drop_episode_file_path' NzbDrone.Core.Datastore.Migration.add_enable_options_to_indexers' NzbDrone.Core.Datastore.Migration.remove_enable_from_indexers' NzbDrone.Core.Datastore.Migration.clear_bad_scene_names' NzbDrone.Core.Datastore.Migration.add_remotepathmappings' NzbDrone.Core.Datastore.Migration.remove_method_from_logs' NzbDrone.Core.Datastore.Migration.make_scene_numbering_nullable' NzbDrone.Core.Datastore.Migration.add_tags' NzbDrone.Core.Datastore.Migration.add_added_to_series' NzbDrone.Core.Datastore.Migration.clear_ratings' NzbDrone.Core.Datastore.Migration.disable_eztv' NzbDrone.Core.Datastore.Migration.force_lib_update' NzbDrone.Core.Datastore.Migration.add_users_table' NzbDrone.Core.Datastore.Migration.add_add_options_to_series' NzbDrone.Core.Datastore.Migration.add_commands_table' NzbDrone.Core.Datastore.Migration.add_fanzub_settings' NzbDrone.Core.Datastore.Migration.additonal_blacklist_columns' NzbDrone.Core.Datastore.Migration.update_quality_minmax_size' NzbDrone.Core.Datastore.Migration.remove_eztv' NzbDrone.Core.Datastore.Migration.add_on_rename_to_notifcations' NzbDrone.Core.Datastore.Migration.update_kickass_url' NzbDrone.Core.Datastore.Migration.added_indexerstatus' NzbDrone.Core.Datastore.Migration.add_unverifiedscenenumbering' NzbDrone.Core.Datastore.Migration.naming_config_replace_illegal_characters' NzbDrone.Core.Datastore.Migration.add_tvmazeid' NzbDrone.Core.Datastore.Migration.add_additional_episodes_index' NzbDrone.Core.Datastore.Migration.disable_kickass' NzbDrone.Core.Datastore.Migration.add_reason_to_pending_releases' NzbDrone.Core.Datastore.Migration.remove_titans_of_tv' NzbDrone.Core.Datastore.Migration.add_scene_season_number' NzbDrone.Core.Datastore.Migration.remove_kickass' NzbDrone.Core.Datastore.Migration.rename_torrent_downloadstation' NzbDrone.Core.Datastore.Migration.update_btn_url' NzbDrone.Core.Datastore.Migration.remove_wombles' NzbDrone.Core.Datastore.Migration.LanguageProfile111' NzbDrone.Core.Datastore.Migration.added_regex_to_scenemapping' NzbDrone.Core.Datastore.Migration.rename_indexer_status_id' NzbDrone.Core.Datastore.Migration.add_downloadclient_status' NzbDrone.Core.Datastore.Migration.disable_nyaa' NzbDrone.Core.Datastore.Migration.ProfileItem117' NzbDrone.Core.Datastore.Migration.add_history_eventType_index' NzbDrone.Core.Datastore.Migration.separate_automatic_and_interactive_searches' NzbDrone.Core.Datastore.Migration.update_series_episodes_history_indexes' NzbDrone.Core.Datastore.Migration.update_animetosho_url' NzbDrone.Core.Datastore.Migration.add_history_seriesId_index' NzbDrone.Core.Datastore.Migration.remove_media_browser_metadata' NzbDrone.Core.Datastore.Migration.remove_notify_my_android_and_pushalot_notifications' NzbDrone.Core.Datastore.Migration.add_custom_filters' NzbDrone.Core.Datastore.Migration.rename_restrictions_to_release_profiles' NzbDrone.Core.Datastore.Migration.rename_quality_profiles_add_upgrade_allowed' NzbDrone.Core.Datastore.Migration.add_relative_original_path_to_episode_file' NzbDrone.Core.Datastore.Migration.episode_last_searched_time' NzbDrone.Core.Datastore.Migration.health_issue_notification' NzbDrone.Core.Datastore.Migration.InitialSetup' NzbDrone.Core.Datastore.Migration.add_year_and_seasons_to_series' NzbDrone.Core.Datastore.Migration.add_season_folder_format_to_naming_config' NzbDrone.Core.Datastore.Migration.add_api_key_to_pushover' NzbDrone.Core.Datastore.Migration.add_configurable_qualities' NzbDrone.Core.Datastore.Migration.add_series_sorttitle' NzbDrone.Core.Datastore.Migration.convert_episode_file_path_to_relative' NzbDrone.Core.Datastore.Migration.add_release_restrictions' NzbDrone.Core.Datastore.Migration.unknown_quality_in_profile' NzbDrone.Core.Datastore.Migration.move_dot_prefix_to_transmission_category' NzbDrone.Core.Datastore.Migration.expand_transmission_urlbase,NzbDrone.Core.Datastore.Migration.InitialSetup' NzbDrone.Core.Datastore.Migration.remove_tvrage_imdb_unique_constraint' NzbDrone.Core.Datastore.Migration.remove_renamed_scene_mapping_columns' NzbDrone.Core.Datastore.Migration.updated_history' NzbDrone.Core.Datastore.Migration.added_eventtype_to_history' NzbDrone.Core.Datastore.Migration.add_index_to_log_time' NzbDrone.Core.Datastore.Migration.add_renameEpisodes_to_naming' NzbDrone.Core.Datastore.Migration.remove_backlog' NzbDrone.Core.Datastore.Migration.fix_rename_episodes' NzbDrone.Core.Datastore.Migration.add_monitored' NzbDrone.Core.Datastore.Migration.remove_ignored' NzbDrone.Core.Datastore.Migration.remove_custom_start_date' NzbDrone.Core.Datastore.Migration.add_air_date_utc' NzbDrone.Core.Datastore.Migration.drop_air_date' NzbDrone.Core.Datastore.Migration.add_air_date_as_string' NzbDrone.Core.Datastore.Migration.updated_imported_history_item' NzbDrone.Core.Datastore.Migration.reset_scene_names' NzbDrone.Core.Datastore.Migration.remove_duplicates' NzbDrone.Core.Datastore.Migration.restore_unique_constraints' NzbDrone.Core.Datastore.Migration.add_year_and_seasons_to_series' NzbDrone.Core.Datastore.Migration.drop_seasons_table' NzbDrone.Core.Datastore.Migration.move_indexer_to_generic_provider' NzbDrone.Core.Datastore.Migration.add_config_contract_to_indexers' NzbDrone.Core.Datastore.Migration.drop_tvdb_episodeid' NzbDrone.Core.Datastore.Migration.move_notification_to_generic_provider' NzbDrone.Core.Datastore.Migration.add_config_contract_to_notifications' NzbDrone.Core.Datastore.Migration.fix_omgwtfnzbs' NzbDrone.Core.Datastore.Migration.add_blacklist_table' NzbDrone.Core.Datastore.Migration.add_formats_to_naming_config' NzbDrone.Core.Datastore.Migration.add_season_folder_format_to_naming_config' NzbDrone.Core.Datastore.Migration.delete_old_naming_config_columns' NzbDrone.Core.Datastore.Migration.set_default_release_group' NzbDrone.Core.Datastore.Migration.add_api_key_to_pushover' NzbDrone.Core.Datastore.Migration.PushoverSettingsForV33' NzbDrone.Core.Datastore.Migration.remove_series_contraints' NzbDrone.Core.Datastore.Migration.add_series_folder_format_to_naming_config' NzbDrone.Core.Datastore.Migration.update_with_quality_converters' NzbDrone.Core.Datastore.Migration.DestinationQualityModel036' NzbDrone.Core.Datastore.Migration.SourceQualityModel036' NzbDrone.Core.Datastore.Migration.SourceQuality036' NzbDrone.Core.Datastore.Migration.add_configurable_qualities' NzbDrone.Core.Datastore.Migration.add_on_upgrade_to_notifications' NzbDrone.Core.Datastore.Migration.add_metadata_tables' NzbDrone.Core.Datastore.Migration.add_metadata_to_episodes_and_series' NzbDrone.Core.Datastore.Migration.fix_xbmc_season_images_metadata' NzbDrone.Core.Datastore.Migration.add_download_clients_table' NzbDrone.Core.Datastore.Migration.convert_config_to_download_clients' NzbDrone.Core.Datastore.Migration.ClientSettingsForMigration' NzbDrone.Core.Datastore.Migration.FolderSettingsForMigration' NzbDrone.Core.Datastore.Migration.SabnzbdPriorityForMigration' NzbDrone.Core.Datastore.Migration.NzbGetPriorityForMigration' NzbDrone.Core.Datastore.Migration.fix_xbmc_episode_metadata' NzbDrone.Core.Datastore.Migration.add_indexes' NzbDrone.Core.Datastore.Migration.fix_nzb_su_url' NzbDrone.Core.Datastore.Migration.add_temporary_blacklist_columns' NzbDrone.Core.Datastore.Migration.add_title_to_scenemappings' NzbDrone.Core.Datastore.Migration.fix_dognzb_url' NzbDrone.Core.Datastore.Migration.add_hash_to_metadata_files' NzbDrone.Core.Datastore.Migration.download_client_import' NzbDrone.Core.Datastore.Migration.MigrationHistoryItem' NzbDrone.Core.Datastore.Migration.MigrationHistoryEventType' NzbDrone.Core.Datastore.Migration.add_columns_for_anime' NzbDrone.Core.Datastore.Migration.add_series_sorttitle' NzbDrone.Core.Datastore.Migration.rename_profiles' NzbDrone.Core.Datastore.Migration.drop_old_profile_columns' NzbDrone.Core.Datastore.Migration.add_mediainfo_to_episodefile' NzbDrone.Core.Datastore.Migration.convert_episode_file_path_to_relative' NzbDrone.Core.Datastore.Migration.drop_episode_file_path' NzbDrone.Core.Datastore.Migration.add_enable_options_to_indexers' NzbDrone.Core.Datastore.Migration.remove_enable_from_indexers' NzbDrone.Core.Datastore.Migration.clear_bad_scene_names' NzbDrone.Core.Datastore.Migration.convert_quality_models' NzbDrone.Core.Datastore.Migration.LegacyQualityModel062' NzbDrone.Core.Datastore.Migration.QualityModel062' NzbDrone.Core.Datastore.Migration.add_remotepathmappings' NzbDrone.Core.Datastore.Migration.remove_method_from_logs' NzbDrone.Core.Datastore.Migration.make_scene_numbering_nullable' NzbDrone.Core.Datastore.Migration.add_tags' NzbDrone.Core.Datastore.Migration.add_added_to_series' NzbDrone.Core.Datastore.Migration.add_release_restrictions' NzbDrone.Core.Datastore.Migration.quality_proper' NzbDrone.Core.Datastore.Migration.TokenMatch69' NzbDrone.Core.Datastore.Migration.delay_profile' NzbDrone.Core.Datastore.Migration.Profile69' NzbDrone.Core.Datastore.Migration.Series69' NzbDrone.Core.Datastore.Migration.Tag69' NzbDrone.Core.Datastore.Migration.DelayProfile70' NzbDrone.Core.Datastore.Migration.unknown_quality_in_profile' NzbDrone.Core.Datastore.Migration.Profile71' NzbDrone.Core.Datastore.Migration.ProfileItem71' NzbDrone.Core.Datastore.Migration.ProfileUpdater71' NzbDrone.Core.Datastore.Migration.history_downloadId' NzbDrone.Core.Datastore.Migration.History72' NzbDrone.Core.Datastore.Migration.clear_ratings' NzbDrone.Core.Datastore.Migration.disable_eztv' NzbDrone.Core.Datastore.Migration.force_lib_update' NzbDrone.Core.Datastore.Migration.ScheduledTasks75' NzbDrone.Core.Datastore.Migration.add_users_table' NzbDrone.Core.Datastore.Migration.add_add_options_to_series' NzbDrone.Core.Datastore.Migration.add_commands_table' NzbDrone.Core.Datastore.Migration.dedupe_tags' NzbDrone.Core.Datastore.Migration.Tag079' NzbDrone.Core.Datastore.Migration.TagReplacement079' NzbDrone.Core.Datastore.Migration.TaggedModel079' NzbDrone.Core.Datastore.Migration.move_dot_prefix_to_transmission_category' NzbDrone.Core.Datastore.Migration.DownloadClientDefinition81' NzbDrone.Core.Datastore.Migration.SabnzbdSettings81' NzbDrone.Core.Datastore.Migration.TransmissionSettings81' NzbDrone.Core.Datastore.Migration.add_fanzub_settings' NzbDrone.Core.Datastore.Migration.additonal_blacklist_columns' NzbDrone.Core.Datastore.Migration.update_quality_minmax_size' NzbDrone.Core.Datastore.Migration.QualityDefinition84' NzbDrone.Core.Datastore.Migration.expand_transmission_urlbase' NzbDrone.Core.Datastore.Migration.DelugeSettings85' NzbDrone.Core.Datastore.Migration.pushbullet_device_ids' NzbDrone.Core.Datastore.Migration.Notification86' NzbDrone.Core.Datastore.Migration.PushBulletSettings86' NzbDrone.Core.Datastore.Migration.remove_eztv' NzbDrone.Core.Datastore.Migration.pushbullet_devices_channels_list' NzbDrone.Core.Datastore.Migration.PushBulletSettings88' NzbDrone.Core.Datastore.Migration.add_on_rename_to_notifcations' NzbDrone.Core.Datastore.Migration.update_kickass_url' NzbDrone.Core.Datastore.Migration.IndexerDefinition90' NzbDrone.Core.Datastore.Migration.KickassTorrentsSettings90' NzbDrone.Core.Datastore.Migration.added_indexerstatus' NzbDrone.Core.Datastore.Migration.add_unverifiedscenenumbering' NzbDrone.Core.Datastore.Migration.naming_config_replace_illegal_characters' NzbDrone.Core.Datastore.Migration.add_tvmazeid' NzbDrone.Core.Datastore.Migration.add_additional_episodes_index' NzbDrone.Core.Datastore.Migration.disable_kickass' NzbDrone.Core.Datastore.Migration.add_reason_to_pending_releases' NzbDrone.Core.Datastore.Migration.remove_titans_of_tv' NzbDrone.Core.Datastore.Migration.extra_and_subtitle_files' NzbDrone.Core.Datastore.Migration.MetadataFile99' NzbDrone.Core.Datastore.Migration.add_scene_season_number' NzbDrone.Core.Datastore.Migration.add_ultrahd_quality_in_profiles' NzbDrone.Core.Datastore.Migration.add_language_to_episodeFiles_history_and_blacklist' NzbDrone.Core.Datastore.Migration.fix_metadata_file_extensions' NzbDrone.Core.Datastore.Migration.remove_kickass' NzbDrone.Core.Datastore.Migration.rename_torrent_downloadstation' NzbDrone.Core.Datastore.Migration.update_btn_url' NzbDrone.Core.Datastore.Migration.BroadcastheNetSettings106' NzbDrone.Core.Datastore.Migration.remove_wombles' NzbDrone.Core.Datastore.Migration.fix_extra_file_extension' NzbDrone.Core.Datastore.Migration.import_extra_files' NzbDrone.Core.Datastore.Migration.fix_extra_files_config' NzbDrone.Core.Datastore.Migration.create_language_profiles' NzbDrone.Core.Datastore.Migration.LanguageProfile111' NzbDrone.Core.Datastore.Migration.LanguageProfileItem111' NzbDrone.Core.Datastore.Migration.added_regex_to_scenemapping' NzbDrone.Core.Datastore.Migration.consolidate_indexer_baseurl' NzbDrone.Core.Datastore.Migration.rename_indexer_status_id' NzbDrone.Core.Datastore.Migration.add_downloadclient_status' NzbDrone.Core.Datastore.Migration.disable_nyaa' NzbDrone.Core.Datastore.Migration.add_webrip_and_br480_qualites_in_profile' NzbDrone.Core.Datastore.Migration.Profile117' NzbDrone.Core.Datastore.Migration.ProfileItem117' NzbDrone.Core.Datastore.Migration.ProfileUpdater117' NzbDrone.Core.Datastore.Migration.add_history_eventType_index' NzbDrone.Core.Datastore.Migration.separate_automatic_and_interactive_searches' NzbDrone.Core.Datastore.Migration.update_series_episodes_history_indexes' NzbDrone.Core.Datastore.Migration.update_animetosho_url' NzbDrone.Core.Datastore.Migration.IndexerDefinition121' NzbDrone.Core.Datastore.Migration.NewznabSettings121' NzbDrone.Core.Datastore.Migration.add_remux_qualities_in_profile' NzbDrone.Core.Datastore.Migration.Profile122' NzbDrone.Core.Datastore.Migration.ProfileItem122' NzbDrone.Core.Datastore.Migration.ProfileUpdater122' NzbDrone.Core.Datastore.Migration.add_history_seriesId_index' NzbDrone.Core.Datastore.Migration.remove_media_browser_metadata' NzbDrone.Core.Datastore.Migration.remove_notify_my_android_and_pushalot_notifications' NzbDrone.Core.Datastore.Migration.add_custom_filters' NzbDrone.Core.Datastore.Migration.rename_restrictions_to_release_profiles' NzbDrone.Core.Datastore.Migration.rename_quality_profiles_add_upgrade_allowed' NzbDrone.Core.Datastore.Migration.add_relative_original_path_to_episode_file' NzbDrone.Core.Datastore.Migration.episode_last_searched_time' NzbDrone.Core.Datastore.Migration.download_propers_config' NzbDrone.Core.Datastore.Migration.add_download_client_priority' NzbDrone.Core.Datastore.Migration.add_specials_folder_format' NzbDrone.Core.Datastore.Migration.health_issue_notification
God Component,Sonarr.Core,NzbDrone.Core.Download,The tool detected the smell in this component because the component contains high number of classes. Number of classes in the component are: 38,NzbDrone.Core.Download.CheckForFinishedDownloadCommand' NzbDrone.Core.Download.DownloadClientDefinition' NzbDrone.Core.Download.DownloadClientInfo' NzbDrone.Core.Download.DownloadClientItem' NzbDrone.Core.Download.IDownloadClientRepository' NzbDrone.Core.Download.DownloadClientStatus' NzbDrone.Core.Download.IDownloadClientStatusRepository' NzbDrone.Core.Download.IDownloadClientStatusService' NzbDrone.Core.Download.DownloadClientType,NzbDrone.Core.Download.CheckForFinishedDownloadCommand' NzbDrone.Core.Download.ICompletedDownloadService' NzbDrone.Core.Download.CompletedDownloadService' NzbDrone.Core.Download.DownloadClientBase<TSettings>' NzbDrone.Core.Download.DownloadClientDefinition' NzbDrone.Core.Download.IDownloadClientFactory' NzbDrone.Core.Download.DownloadClientFactory' NzbDrone.Core.Download.DownloadClientInfo' NzbDrone.Core.Download.DownloadClientItem' NzbDrone.Core.Download.IProvideDownloadClient' NzbDrone.Core.Download.DownloadClientProvider' NzbDrone.Core.Download.IDownloadClientRepository' NzbDrone.Core.Download.DownloadClientRepository' NzbDrone.Core.Download.DownloadClientStatus' NzbDrone.Core.Download.IDownloadClientStatusRepository' NzbDrone.Core.Download.DownloadClientStatusRepository' NzbDrone.Core.Download.IDownloadClientStatusService' NzbDrone.Core.Download.DownloadClientStatusService' NzbDrone.Core.Download.DownloadClientType' NzbDrone.Core.Download.DownloadCompletedEvent' NzbDrone.Core.Download.DownloadEventHub' NzbDrone.Core.Download.DownloadFailedEvent' NzbDrone.Core.Download.DownloadItemStatus' NzbDrone.Core.Download.IDownloadService' NzbDrone.Core.Download.DownloadService' NzbDrone.Core.Download.EpisodeGrabbedEvent' NzbDrone.Core.Download.IFailedDownloadService' NzbDrone.Core.Download.FailedDownloadService' NzbDrone.Core.Download.IDownloadClient' NzbDrone.Core.Download.InvalidNzbException' NzbDrone.Core.Download.IValidateNzbs' NzbDrone.Core.Download.NzbValidationService' NzbDrone.Core.Download.IProcessDownloadDecisions' NzbDrone.Core.Download.ProcessDownloadDecisions' NzbDrone.Core.Download.ProcessedDecisions' NzbDrone.Core.Download.RedownloadFailedDownloadService' NzbDrone.Core.Download.TorrentClientBase<TSettings>' NzbDrone.Core.Download.UsenetClientBase<TSettings>
God Component,Sonarr.Core,NzbDrone.Core.Indexers,The tool detected the smell in this component because the component contains high number of classes. Number of classes in the component are: 40,NzbDrone.Core.Indexers.DownloadProtocol' NzbDrone.Core.Indexers.IIndexerSettings' NzbDrone.Core.Indexers.IndexerDefaults' NzbDrone.Core.Indexers.IndexerDefinition' NzbDrone.Core.Indexers.IIndexerRepository' NzbDrone.Core.Indexers.IndexerStatus' NzbDrone.Core.Indexers.IIndexerStatusRepository' NzbDrone.Core.Indexers.ITorrentIndexerSettings' NzbDrone.Core.Indexers.RssEnclosure' NzbDrone.Core.Indexers.RssSyncCommand' NzbDrone.Core.Indexers.SeedCriteriaSettings,NzbDrone.Core.Indexers.DownloadProtocol' NzbDrone.Core.Indexers.EzrssTorrentRssParser' NzbDrone.Core.Indexers.IFetchAndParseRss' NzbDrone.Core.Indexers.FetchAndParseRssService' NzbDrone.Core.Indexers.HttpIndexerBase<TSettings>' NzbDrone.Core.Indexers.IIndexer' NzbDrone.Core.Indexers.IIndexerRequestGenerator' NzbDrone.Core.Indexers.IIndexerSettings' NzbDrone.Core.Indexers.IndexerBase<TSettings>' NzbDrone.Core.Indexers.IndexerDefaults' NzbDrone.Core.Indexers.IndexerDefinition' NzbDrone.Core.Indexers.IIndexerFactory' NzbDrone.Core.Indexers.IndexerFactory' NzbDrone.Core.Indexers.IndexerPageableRequest' NzbDrone.Core.Indexers.IndexerPageableRequestChain' NzbDrone.Core.Indexers.IIndexerRepository' NzbDrone.Core.Indexers.IndexerRepository' NzbDrone.Core.Indexers.IndexerRequest' NzbDrone.Core.Indexers.IndexerResponse' NzbDrone.Core.Indexers.IndexerSettingUpdatedEvent' NzbDrone.Core.Indexers.IndexerStatus' NzbDrone.Core.Indexers.IIndexerStatusRepository' NzbDrone.Core.Indexers.IndexerStatusRepository' NzbDrone.Core.Indexers.IIndexerStatusService' NzbDrone.Core.Indexers.IndexerStatusService' NzbDrone.Core.Indexers.IParseIndexerResponse' NzbDrone.Core.Indexers.ITorrentIndexerSettings' NzbDrone.Core.Indexers.RssEnclosure' NzbDrone.Core.Indexers.RssIndexerRequestGenerator' NzbDrone.Core.Indexers.RssParser' NzbDrone.Core.Indexers.RssSyncCommand' NzbDrone.Core.Indexers.RssSyncCompleteEvent' NzbDrone.Core.Indexers.RssSyncService' NzbDrone.Core.Indexers.ISeedConfigProvider' NzbDrone.Core.Indexers.SeedConfigProvider' NzbDrone.Core.Indexers.SeedCriteriaSettingsValidator' NzbDrone.Core.Indexers.SeedCriteriaSettings' NzbDrone.Core.Indexers.TorrentRssParser' NzbDrone.Core.Indexers.XElementExtensions' NzbDrone.Core.Indexers.XmlCleaner
God Component,Sonarr.Core,NzbDrone.Core.MediaFiles,The tool detected the smell in this component because the component contains high number of classes. Number of classes in the component are: 32,NzbDrone.Core.MediaFiles.DeleteMediaFileReason' NzbDrone.Core.MediaFiles.FileDateType' NzbDrone.Core.MediaFiles.RenameEpisodeFilePreview,NzbDrone.Core.MediaFiles.DeleteMediaFileReason' NzbDrone.Core.MediaFiles.IDiskScanService' NzbDrone.Core.MediaFiles.DiskScanService' NzbDrone.Core.MediaFiles.DownloadedEpisodesCommandService' NzbDrone.Core.MediaFiles.IDownloadedEpisodesImportService' NzbDrone.Core.MediaFiles.DownloadedEpisodesImportService' NzbDrone.Core.MediaFiles.EpisodeFile' NzbDrone.Core.MediaFiles.EpisodeFileMoveResult' NzbDrone.Core.MediaFiles.IMoveEpisodeFiles' NzbDrone.Core.MediaFiles.EpisodeFileMovingService' NzbDrone.Core.MediaFiles.FileDateType' NzbDrone.Core.MediaFiles.IMediaFileAttributeService' NzbDrone.Core.MediaFiles.MediaFileAttributeService' NzbDrone.Core.MediaFiles.IDeleteMediaFiles' NzbDrone.Core.MediaFiles.MediaFileDeletionService' NzbDrone.Core.MediaFiles.MediaFileExtensions' NzbDrone.Core.MediaFiles.IMediaFileRepository' NzbDrone.Core.MediaFiles.MediaFileRepository' NzbDrone.Core.MediaFiles.IMediaFileService' NzbDrone.Core.MediaFiles.MediaFileService' NzbDrone.Core.MediaFiles.IMediaFileTableCleanupService' NzbDrone.Core.MediaFiles.MediaFileTableCleanupService' NzbDrone.Core.MediaFiles.IRecycleBinProvider' NzbDrone.Core.MediaFiles.RecycleBinProvider' NzbDrone.Core.MediaFiles.RenameEpisodeFilePreview' NzbDrone.Core.MediaFiles.IRenameEpisodeFileService' NzbDrone.Core.MediaFiles.RenameEpisodeFileService' NzbDrone.Core.MediaFiles.SameFilenameException' NzbDrone.Core.MediaFiles.IUpdateEpisodeFileService' NzbDrone.Core.MediaFiles.UpdateEpisodeFileService' NzbDrone.Core.MediaFiles.IUpgradeMediaFiles' NzbDrone.Core.MediaFiles.UpgradeMediaFileService
God Component,Sonarr.Core,NzbDrone.Core.Tv,The tool detected the smell in this component because the component contains high number of classes. Number of classes in the component are: 41,NzbDrone.Core.Tv.AddSeriesOptions' NzbDrone.Core.Tv.MonitoringOptions' NzbDrone.Core.Tv.MonitorTypes' NzbDrone.Core.Tv.Ratings' NzbDrone.Core.Tv.SeriesStatusType' NzbDrone.Core.Tv.SeriesTypes' NzbDrone.Core.Tv.Actor' NzbDrone.Core.Tv.IAddSeriesValidator' NzbDrone.Core.Tv.AddSeriesValidator' NzbDrone.Core.Tv.IEpisodeAddedService' NzbDrone.Core.Tv.IEpisodeCutoffService' NzbDrone.Core.Tv.IEpisodeMonitoredService,NzbDrone.Core.Tv.Actor' NzbDrone.Core.Tv.AddSeriesOptions' NzbDrone.Core.Tv.IAddSeriesService' NzbDrone.Core.Tv.AddSeriesService' NzbDrone.Core.Tv.IAddSeriesValidator' NzbDrone.Core.Tv.AddSeriesValidator' NzbDrone.Core.Tv.Episode' NzbDrone.Core.Tv.IEpisodeAddedService' NzbDrone.Core.Tv.EpisodeAddedService' NzbDrone.Core.Tv.IEpisodeCutoffService' NzbDrone.Core.Tv.EpisodeCutoffService' NzbDrone.Core.Tv.IEpisodeMonitoredService' NzbDrone.Core.Tv.EpisodeMonitoredService' NzbDrone.Core.Tv.IEpisodeRepository' NzbDrone.Core.Tv.EpisodeRepository' NzbDrone.Core.Tv.IEpisodeService' NzbDrone.Core.Tv.EpisodeService' NzbDrone.Core.Tv.MonitoringOptions' NzbDrone.Core.Tv.MonitorTypes' NzbDrone.Core.Tv.MoveSeriesService' NzbDrone.Core.Tv.Ratings' NzbDrone.Core.Tv.IRefreshEpisodeService' NzbDrone.Core.Tv.RefreshEpisodeService' NzbDrone.Core.Tv.RefreshSeriesService' NzbDrone.Core.Tv.Season' NzbDrone.Core.Tv.Series' NzbDrone.Core.Tv.SeriesAddedHandler' NzbDrone.Core.Tv.SeriesEditedService' NzbDrone.Core.Tv.IBuildSeriesPaths' NzbDrone.Core.Tv.SeriesPathBuilder' NzbDrone.Core.Tv.ISeriesRepository' NzbDrone.Core.Tv.SeriesRepository' NzbDrone.Core.Tv.SeriesScannedHandler' NzbDrone.Core.Tv.ISeriesService' NzbDrone.Core.Tv.SeriesService' NzbDrone.Core.Tv.SeriesStatusType' NzbDrone.Core.Tv.SeriesTitleNormalizer' NzbDrone.Core.Tv.SeriesTitleSlugValidator' NzbDrone.Core.Tv.SeriesTypes' NzbDrone.Core.Tv.ICheckIfSeriesShouldBeRefreshed' NzbDrone.Core.Tv.ShouldRefreshSeries
Feature Concentration,Sonarr.Core,NzbDrone.Core.Authentication,The tool detected the smell in this component because the component realizes more than one architectural concern/feature. Independent sets of related classes within this component are: [AuthenticationType]' [User' IUserRepository' UserRepository' IUserService' UserService]. LCC (Lack of Component Cohesion) = 0.33,NzbDrone.Core.Authentication.AuthenticationType,NzbDrone.Core.Authentication.AuthenticationType' NzbDrone.Core.Authentication.User' NzbDrone.Core.Authentication.IUserRepository' NzbDrone.Core.Authentication.UserRepository' NzbDrone.Core.Authentication.IUserService' NzbDrone.Core.Authentication.UserService
Feature Concentration,Sonarr.Core,NzbDrone.Core.Configuration,The tool detected the smell in this component because the component realizes more than one architectural concern/feature. Independent sets of related classes within this component are: [Config' IConfigRepository' ConfigRepository' ConfigService' IConfigService' RescanAfterRefreshType]' [IConfigFileProvider' ConfigFileProvider' InvalidConfigFileException' ResetApiKeyCommand]' [ConfigKey]' [IDeploymentInfoProvider' DeploymentInfoProvider]. LCC (Lack of Component Cohesion) = 0.31,NzbDrone.Core.Configuration.IConfigFileProvider' NzbDrone.Core.Configuration.ConfigFileProvider' NzbDrone.Core.Configuration.InvalidConfigFileException' NzbDrone.Core.Configuration.ResetApiKeyCommand' NzbDrone.Core.Configuration.IDeploymentInfoProvider' NzbDrone.Core.Configuration.DeploymentInfoProvider' NzbDrone.Core.Configuration.ConfigKey,NzbDrone.Core.Configuration.Config' NzbDrone.Core.Configuration.IConfigFileProvider' NzbDrone.Core.Configuration.ConfigFileProvider' NzbDrone.Core.Configuration.IConfigRepository' NzbDrone.Core.Configuration.ConfigRepository' NzbDrone.Core.Configuration.ConfigKey' NzbDrone.Core.Configuration.ConfigService' NzbDrone.Core.Configuration.IDeploymentInfoProvider' NzbDrone.Core.Configuration.DeploymentInfoProvider' NzbDrone.Core.Configuration.IConfigService' NzbDrone.Core.Configuration.InvalidConfigFileException' NzbDrone.Core.Configuration.RescanAfterRefreshType' NzbDrone.Core.Configuration.ResetApiKeyCommand
Feature Concentration,Sonarr.Core,NzbDrone.Core.Datastore.Converters,The tool detected the smell in this component because the component realizes more than one architectural concern/feature. Independent sets of related classes within this component are: [BooleanIntConverter]' [CommandConverter' EmbeddedDocumentConverter' ProviderSettingConverter]' [DoubleConverter]' [EnumIntConverter]' [GuidConverter]' [Int32Converter]' [LanguageIntConverter]' [OsPathConverter]' [QualityIntConverter]' [TimeSpanConverter]' [UtcConverter]. LCC (Lack of Component Cohesion) = 0.85,NzbDrone.Core.Datastore.Converters.BooleanIntConverter' NzbDrone.Core.Datastore.Converters.DoubleConverter' NzbDrone.Core.Datastore.Converters.EnumIntConverter' NzbDrone.Core.Datastore.Converters.GuidConverter' NzbDrone.Core.Datastore.Converters.Int32Converter' NzbDrone.Core.Datastore.Converters.LanguageIntConverter' NzbDrone.Core.Datastore.Converters.OsPathConverter' NzbDrone.Core.Datastore.Converters.QualityIntConverter' NzbDrone.Core.Datastore.Converters.TimeSpanConverter' NzbDrone.Core.Datastore.Converters.UtcConverter,NzbDrone.Core.Datastore.Converters.BooleanIntConverter' NzbDrone.Core.Datastore.Converters.CommandConverter' NzbDrone.Core.Datastore.Converters.DoubleConverter' NzbDrone.Core.Datastore.Converters.EmbeddedDocumentConverter' NzbDrone.Core.Datastore.Converters.EnumIntConverter' NzbDrone.Core.Datastore.Converters.GuidConverter' NzbDrone.Core.Datastore.Converters.Int32Converter' NzbDrone.Core.Datastore.Converters.LanguageIntConverter' NzbDrone.Core.Datastore.Converters.OsPathConverter' NzbDrone.Core.Datastore.Converters.ProviderSettingConverter' NzbDrone.Core.Datastore.Converters.QualityIntConverter' NzbDrone.Core.Datastore.Converters.TimeSpanConverter' NzbDrone.Core.Datastore.Converters.UtcConverter
Feature Concentration,Sonarr.Core,NzbDrone.Core.Datastore.Migration,The tool detected the smell in this component because the component realizes more than one architectural concern/feature. Independent sets of related classes within this component are: [InitialSetup]' [remove_tvrage_imdb_unique_constraint]' [remove_renamed_scene_mapping_columns]' [updated_history]' [added_eventtype_to_history]' [add_index_to_log_time]' [add_renameEpisodes_to_naming]' [remove_backlog]' [fix_rename_episodes]' [add_monitored]' [remove_ignored]' [remove_custom_start_date]' [add_air_date_utc]' [drop_air_date]' [add_air_date_as_string]' [updated_imported_history_item]' [reset_scene_names]' [remove_duplicates]' [restore_unique_constraints]' [add_year_and_seasons_to_series]' [drop_seasons_table]' [move_indexer_to_generic_provider]' [add_config_contract_to_indexers]' [drop_tvdb_episodeid]' [move_notification_to_generic_provider]' [add_config_contract_to_notifications]' [fix_omgwtfnzbs]' [add_blacklist_table]' [add_formats_to_naming_config]' [add_season_folder_format_to_naming_config]' [delete_old_naming_config_columns]' [set_default_release_group]' [add_api_key_to_pushover' PushoverSettingsForV33]' [remove_series_contraints]' [add_series_folder_format_to_naming_config]' [update_with_quality_converters' DestinationQualityModel036' SourceQualityModel036' SourceQuality036]' [add_configurable_qualities]' [add_on_upgrade_to_notifications]' [add_metadata_tables]' [add_metadata_to_episodes_and_series]' [fix_xbmc_season_images_metadata]' [add_download_clients_table]' [convert_config_to_download_clients' ClientSettingsForMigration' FolderSettingsForMigration' SabnzbdPriorityForMigration' NzbGetPriorityForMigration]' [fix_xbmc_episode_metadata]' [add_indexes]' [fix_nzb_su_url]' [add_temporary_blacklist_columns]' [add_title_to_scenemappings]' [fix_dognzb_url]' [add_hash_to_metadata_files]' [download_client_import' MigrationHistoryItem' MigrationHistoryEventType]' [add_columns_for_anime]' [add_series_sorttitle]' [rename_profiles]' [drop_old_profile_columns]' [add_mediainfo_to_episodefile]' [convert_episode_file_path_to_relative]' [drop_episode_file_path]' [add_enable_options_to_indexers]' [remove_enable_from_indexers]' [clear_bad_scene_names]' [convert_quality_models' LegacyQualityModel062' QualityModel062]' [add_remotepathmappings]' [remove_method_from_logs]' [make_scene_numbering_nullable]' [add_tags]' [add_added_to_series]' [add_release_restrictions]' [quality_proper' TokenMatch69]' [delay_profile' Profile69]' [Series69]' [Tag69]' [DelayProfile70]' [unknown_quality_in_profile' ProfileUpdater71' add_ultrahd_quality_in_profiles' Profile71' ProfileItem71]' [history_downloadId]' [History72]' [clear_ratings]' [disable_eztv]' [force_lib_update]' [ScheduledTasks75]' [add_users_table]' [add_add_options_to_series]' [add_commands_table]' [dedupe_tags' Tag079' TagReplacement079' TaggedModel079]' [move_dot_prefix_to_transmission_category]' [DownloadClientDefinition81]' [SabnzbdSettings81]' [TransmissionSettings81]' [add_fanzub_settings]' [additonal_blacklist_columns]' [update_quality_minmax_size]' [QualityDefinition84]' [expand_transmission_urlbase]' [DelugeSettings85]' [pushbullet_device_ids]' [Notification86]' [PushBulletSettings86]' [remove_eztv]' [pushbullet_devices_channels_list]' [PushBulletSettings88]' [add_on_rename_to_notifcations]' [update_kickass_url]' [IndexerDefinition90]' [KickassTorrentsSettings90]' [added_indexerstatus]' [add_unverifiedscenenumbering]' [naming_config_replace_illegal_characters]' [add_tvmazeid]' [add_additional_episodes_index]' [disable_kickass]' [add_reason_to_pending_releases]' [remove_titans_of_tv]' [extra_and_subtitle_files]' [MetadataFile99]' [add_scene_season_number]' [add_language_to_episodeFiles_history_and_blacklist]' [fix_metadata_file_extensions]' [remove_kickass]' [rename_torrent_downloadstation]' [update_btn_url]' [BroadcastheNetSettings106]' [remove_wombles]' [fix_extra_file_extension]' [import_extra_files]' [fix_extra_files_config]' [create_language_profiles' LanguageProfile111' LanguageProfileItem111]' [added_regex_to_scenemapping]' [consolidate_indexer_baseurl]' [rename_indexer_status_id]' [add_downloadclient_status]' [disable_nyaa]' [add_webrip_and_br480_qualites_in_profile' ProfileUpdater117' Profile117' ProfileItem117]' [add_history_eventType_index]' [separate_automatic_and_interactive_searches]' [update_series_episodes_history_indexes]' [update_animetosho_url]' [IndexerDefinition121]' [NewznabSettings121]' [add_remux_qualities_in_profile' ProfileUpdater122' Profile122' ProfileItem122]' [add_history_seriesId_index]' [remove_media_browser_metadata]' [remove_notify_my_android_and_pushalot_notifications]' [add_custom_filters]' [rename_restrictions_to_release_profiles]' [rename_quality_profiles_add_upgrade_allowed]' [add_relative_original_path_to_episode_file]' [episode_last_searched_time]' [download_propers_config]' [add_download_client_priority]' [add_specials_folder_format]' [health_issue_notification]. LCC (Lack of Component Cohesion) = 0.84,NzbDrone.Core.Datastore.Migration.unknown_quality_in_profile' NzbDrone.Core.Datastore.Migration.ProfileUpdater71' NzbDrone.Core.Datastore.Migration.add_ultrahd_quality_in_profiles' NzbDrone.Core.Datastore.Migration.Profile71' NzbDrone.Core.Datastore.Migration.ProfileItem71' NzbDrone.Core.Datastore.Migration.update_with_quality_converters' NzbDrone.Core.Datastore.Migration.DestinationQualityModel036' NzbDrone.Core.Datastore.Migration.SourceQualityModel036' NzbDrone.Core.Datastore.Migration.SourceQuality036' NzbDrone.Core.Datastore.Migration.dedupe_tags' NzbDrone.Core.Datastore.Migration.Tag079' NzbDrone.Core.Datastore.Migration.TagReplacement079' NzbDrone.Core.Datastore.Migration.TaggedModel079' NzbDrone.Core.Datastore.Migration.add_webrip_and_br480_qualites_in_profile' NzbDrone.Core.Datastore.Migration.ProfileUpdater117' NzbDrone.Core.Datastore.Migration.Profile117' NzbDrone.Core.Datastore.Migration.ProfileItem117' NzbDrone.Core.Datastore.Migration.add_remux_qualities_in_profile' NzbDrone.Core.Datastore.Migration.ProfileUpdater122' NzbDrone.Core.Datastore.Migration.Profile122' NzbDrone.Core.Datastore.Migration.ProfileItem122' NzbDrone.Core.Datastore.Migration.download_client_import' NzbDrone.Core.Datastore.Migration.MigrationHistoryItem' NzbDrone.Core.Datastore.Migration.MigrationHistoryEventType' NzbDrone.Core.Datastore.Migration.convert_quality_models' NzbDrone.Core.Datastore.Migration.LegacyQualityModel062' NzbDrone.Core.Datastore.Migration.QualityModel062' NzbDrone.Core.Datastore.Migration.create_language_profiles' NzbDrone.Core.Datastore.Migration.LanguageProfile111' NzbDrone.Core.Datastore.Migration.LanguageProfileItem111' NzbDrone.Core.Datastore.Migration.add_api_key_to_pushover' NzbDrone.Core.Datastore.Migration.PushoverSettingsForV33' NzbDrone.Core.Datastore.Migration.quality_proper' NzbDrone.Core.Datastore.Migration.TokenMatch69' NzbDrone.Core.Datastore.Migration.delay_profile' NzbDrone.Core.Datastore.Migration.Profile69' NzbDrone.Core.Datastore.Migration.InitialSetup' NzbDrone.Core.Datastore.Migration.remove_tvrage_imdb_unique_constraint' NzbDrone.Core.Datastore.Migration.remove_renamed_scene_mapping_columns' NzbDrone.Core.Datastore.Migration.updated_history' NzbDrone.Core.Datastore.Migration.added_eventtype_to_history' NzbDrone.Core.Datastore.Migration.add_index_to_log_time' NzbDrone.Core.Datastore.Migration.add_renameEpisodes_to_naming' NzbDrone.Core.Datastore.Migration.remove_backlog' NzbDrone.Core.Datastore.Migration.fix_rename_episodes' NzbDrone.Core.Datastore.Migration.add_monitored' NzbDrone.Core.Datastore.Migration.remove_ignored' NzbDrone.Core.Datastore.Migration.remove_custom_start_date' NzbDrone.Core.Datastore.Migration.add_air_date_utc' NzbDrone.Core.Datastore.Migration.drop_air_date' NzbDrone.Core.Datastore.Migration.add_air_date_as_string' NzbDrone.Core.Datastore.Migration.updated_imported_history_item' NzbDrone.Core.Datastore.Migration.reset_scene_names' NzbDrone.Core.Datastore.Migration.remove_duplicates' NzbDrone.Core.Datastore.Migration.restore_unique_constraints' NzbDrone.Core.Datastore.Migration.add_year_and_seasons_to_series' NzbDrone.Core.Datastore.Migration.drop_seasons_table' NzbDrone.Core.Datastore.Migration.move_indexer_to_generic_provider' NzbDrone.Core.Datastore.Migration.add_config_contract_to_indexers' NzbDrone.Core.Datastore.Migration.drop_tvdb_episodeid' NzbDrone.Core.Datastore.Migration.move_notification_to_generic_provider' NzbDrone.Core.Datastore.Migration.add_config_contract_to_notifications' NzbDrone.Core.Datastore.Migration.fix_omgwtfnzbs' NzbDrone.Core.Datastore.Migration.add_blacklist_table' NzbDrone.Core.Datastore.Migration.add_formats_to_naming_config' NzbDrone.Core.Datastore.Migration.add_season_folder_format_to_naming_config' NzbDrone.Core.Datastore.Migration.delete_old_naming_config_columns' NzbDrone.Core.Datastore.Migration.set_default_release_group' NzbDrone.Core.Datastore.Migration.remove_series_contraints' NzbDrone.Core.Datastore.Migration.add_series_folder_format_to_naming_config' NzbDrone.Core.Datastore.Migration.add_configurable_qualities' NzbDrone.Core.Datastore.Migration.add_on_upgrade_to_notifications' NzbDrone.Core.Datastore.Migration.add_metadata_tables' NzbDrone.Core.Datastore.Migration.add_metadata_to_episodes_and_series' NzbDrone.Core.Datastore.Migration.fix_xbmc_season_images_metadata' NzbDrone.Core.Datastore.Migration.add_download_clients_table' NzbDrone.Core.Datastore.Migration.fix_xbmc_episode_metadata' NzbDrone.Core.Datastore.Migration.add_indexes' NzbDrone.Core.Datastore.Migration.fix_nzb_su_url' NzbDrone.Core.Datastore.Migration.add_temporary_blacklist_columns' NzbDrone.Core.Datastore.Migration.add_title_to_scenemappings' NzbDrone.Core.Datastore.Migration.fix_dognzb_url' NzbDrone.Core.Datastore.Migration.add_hash_to_metadata_files' NzbDrone.Core.Datastore.Migration.add_columns_for_anime' NzbDrone.Core.Datastore.Migration.add_series_sorttitle' NzbDrone.Core.Datastore.Migration.rename_profiles' NzbDrone.Core.Datastore.Migration.drop_old_profile_columns' NzbDrone.Core.Datastore.Migration.add_mediainfo_to_episodefile' NzbDrone.Core.Datastore.Migration.convert_episode_file_path_to_relative' NzbDrone.Core.Datastore.Migration.drop_episode_file_path' NzbDrone.Core.Datastore.Migration.add_enable_options_to_indexers' NzbDrone.Core.Datastore.Migration.remove_enable_from_indexers' NzbDrone.Core.Datastore.Migration.clear_bad_scene_names' NzbDrone.Core.Datastore.Migration.add_remotepathmappings' NzbDrone.Core.Datastore.Migration.remove_method_from_logs' NzbDrone.Core.Datastore.Migration.make_scene_numbering_nullable' NzbDrone.Core.Datastore.Migration.add_tags' NzbDrone.Core.Datastore.Migration.add_added_to_series' NzbDrone.Core.Datastore.Migration.add_release_restrictions' NzbDrone.Core.Datastore.Migration.Series69' NzbDrone.Core.Datastore.Migration.Tag69' NzbDrone.Core.Datastore.Migration.DelayProfile70' NzbDrone.Core.Datastore.Migration.history_downloadId' NzbDrone.Core.Datastore.Migration.History72' NzbDrone.Core.Datastore.Migration.clear_ratings' NzbDrone.Core.Datastore.Migration.disable_eztv' NzbDrone.Core.Datastore.Migration.force_lib_update' NzbDrone.Core.Datastore.Migration.ScheduledTasks75' NzbDrone.Core.Datastore.Migration.add_users_table' NzbDrone.Core.Datastore.Migration.add_add_options_to_series' NzbDrone.Core.Datastore.Migration.add_commands_table' NzbDrone.Core.Datastore.Migration.move_dot_prefix_to_transmission_category' NzbDrone.Core.Datastore.Migration.DownloadClientDefinition81' NzbDrone.Core.Datastore.Migration.SabnzbdSettings81' NzbDrone.Core.Datastore.Migration.TransmissionSettings81' NzbDrone.Core.Datastore.Migration.add_fanzub_settings' NzbDrone.Core.Datastore.Migration.additonal_blacklist_columns' NzbDrone.Core.Datastore.Migration.update_quality_minmax_size' NzbDrone.Core.Datastore.Migration.QualityDefinition84' NzbDrone.Core.Datastore.Migration.expand_transmission_urlbase' NzbDrone.Core.Datastore.Migration.DelugeSettings85' NzbDrone.Core.Datastore.Migration.pushbullet_device_ids' NzbDrone.Core.Datastore.Migration.Notification86' NzbDrone.Core.Datastore.Migration.PushBulletSettings86' NzbDrone.Core.Datastore.Migration.remove_eztv' NzbDrone.Core.Datastore.Migration.pushbullet_devices_channels_list' NzbDrone.Core.Datastore.Migration.PushBulletSettings88' NzbDrone.Core.Datastore.Migration.add_on_rename_to_notifcations' NzbDrone.Core.Datastore.Migration.update_kickass_url' NzbDrone.Core.Datastore.Migration.IndexerDefinition90' NzbDrone.Core.Datastore.Migration.KickassTorrentsSettings90' NzbDrone.Core.Datastore.Migration.added_indexerstatus' NzbDrone.Core.Datastore.Migration.add_unverifiedscenenumbering' NzbDrone.Core.Datastore.Migration.naming_config_replace_illegal_characters' NzbDrone.Core.Datastore.Migration.add_tvmazeid' NzbDrone.Core.Datastore.Migration.add_additional_episodes_index' NzbDrone.Core.Datastore.Migration.disable_kickass' NzbDrone.Core.Datastore.Migration.add_reason_to_pending_releases' NzbDrone.Core.Datastore.Migration.remove_titans_of_tv' NzbDrone.Core.Datastore.Migration.extra_and_subtitle_files' NzbDrone.Core.Datastore.Migration.MetadataFile99' NzbDrone.Core.Datastore.Migration.add_scene_season_number' NzbDrone.Core.Datastore.Migration.add_language_to_episodeFiles_history_and_blacklist' NzbDrone.Core.Datastore.Migration.fix_metadata_file_extensions' NzbDrone.Core.Datastore.Migration.remove_kickass' NzbDrone.Core.Datastore.Migration.rename_torrent_downloadstation' NzbDrone.Core.Datastore.Migration.update_btn_url' NzbDrone.Core.Datastore.Migration.BroadcastheNetSettings106' NzbDrone.Core.Datastore.Migration.remove_wombles' NzbDrone.Core.Datastore.Migration.fix_extra_file_extension' NzbDrone.Core.Datastore.Migration.import_extra_files' NzbDrone.Core.Datastore.Migration.fix_extra_files_config' NzbDrone.Core.Datastore.Migration.added_regex_to_scenemapping' NzbDrone.Core.Datastore.Migration.consolidate_indexer_baseurl' NzbDrone.Core.Datastore.Migration.rename_indexer_status_id' NzbDrone.Core.Datastore.Migration.add_downloadclient_status' NzbDrone.Core.Datastore.Migration.disable_nyaa' NzbDrone.Core.Datastore.Migration.add_history_eventType_index' NzbDrone.Core.Datastore.Migration.separate_automatic_and_interactive_searches' NzbDrone.Core.Datastore.Migration.update_series_episodes_history_indexes' NzbDrone.Core.Datastore.Migration.update_animetosho_url' NzbDrone.Core.Datastore.Migration.IndexerDefinition121' NzbDrone.Core.Datastore.Migration.NewznabSettings121' NzbDrone.Core.Datastore.Migration.add_history_seriesId_index' NzbDrone.Core.Datastore.Migration.remove_media_browser_metadata' NzbDrone.Core.Datastore.Migration.remove_notify_my_android_and_pushalot_notifications' NzbDrone.Core.Datastore.Migration.add_custom_filters' NzbDrone.Core.Datastore.Migration.rename_restrictions_to_release_profiles' NzbDrone.Core.Datastore.Migration.rename_quality_profiles_add_upgrade_allowed' NzbDrone.Core.Datastore.Migration.add_relative_original_path_to_episode_file' NzbDrone.Core.Datastore.Migration.episode_last_searched_time' NzbDrone.Core.Datastore.Migration.download_propers_config' NzbDrone.Core.Datastore.Migration.add_download_client_priority' NzbDrone.Core.Datastore.Migration.add_specials_folder_format' NzbDrone.Core.Datastore.Migration.health_issue_notification,NzbDrone.Core.Datastore.Migration.InitialSetup' NzbDrone.Core.Datastore.Migration.remove_tvrage_imdb_unique_constraint' NzbDrone.Core.Datastore.Migration.remove_renamed_scene_mapping_columns' NzbDrone.Core.Datastore.Migration.updated_history' NzbDrone.Core.Datastore.Migration.added_eventtype_to_history' NzbDrone.Core.Datastore.Migration.add_index_to_log_time' NzbDrone.Core.Datastore.Migration.add_renameEpisodes_to_naming' NzbDrone.Core.Datastore.Migration.remove_backlog' NzbDrone.Core.Datastore.Migration.fix_rename_episodes' NzbDrone.Core.Datastore.Migration.add_monitored' NzbDrone.Core.Datastore.Migration.remove_ignored' NzbDrone.Core.Datastore.Migration.remove_custom_start_date' NzbDrone.Core.Datastore.Migration.add_air_date_utc' NzbDrone.Core.Datastore.Migration.drop_air_date' NzbDrone.Core.Datastore.Migration.add_air_date_as_string' NzbDrone.Core.Datastore.Migration.updated_imported_history_item' NzbDrone.Core.Datastore.Migration.reset_scene_names' NzbDrone.Core.Datastore.Migration.remove_duplicates' NzbDrone.Core.Datastore.Migration.restore_unique_constraints' NzbDrone.Core.Datastore.Migration.add_year_and_seasons_to_series' NzbDrone.Core.Datastore.Migration.drop_seasons_table' NzbDrone.Core.Datastore.Migration.move_indexer_to_generic_provider' NzbDrone.Core.Datastore.Migration.add_config_contract_to_indexers' NzbDrone.Core.Datastore.Migration.drop_tvdb_episodeid' NzbDrone.Core.Datastore.Migration.move_notification_to_generic_provider' NzbDrone.Core.Datastore.Migration.add_config_contract_to_notifications' NzbDrone.Core.Datastore.Migration.fix_omgwtfnzbs' NzbDrone.Core.Datastore.Migration.add_blacklist_table' NzbDrone.Core.Datastore.Migration.add_formats_to_naming_config' NzbDrone.Core.Datastore.Migration.add_season_folder_format_to_naming_config' NzbDrone.Core.Datastore.Migration.delete_old_naming_config_columns' NzbDrone.Core.Datastore.Migration.set_default_release_group' NzbDrone.Core.Datastore.Migration.add_api_key_to_pushover' NzbDrone.Core.Datastore.Migration.PushoverSettingsForV33' NzbDrone.Core.Datastore.Migration.remove_series_contraints' NzbDrone.Core.Datastore.Migration.add_series_folder_format_to_naming_config' NzbDrone.Core.Datastore.Migration.update_with_quality_converters' NzbDrone.Core.Datastore.Migration.DestinationQualityModel036' NzbDrone.Core.Datastore.Migration.SourceQualityModel036' NzbDrone.Core.Datastore.Migration.SourceQuality036' NzbDrone.Core.Datastore.Migration.add_configurable_qualities' NzbDrone.Core.Datastore.Migration.add_on_upgrade_to_notifications' NzbDrone.Core.Datastore.Migration.add_metadata_tables' NzbDrone.Core.Datastore.Migration.add_metadata_to_episodes_and_series' NzbDrone.Core.Datastore.Migration.fix_xbmc_season_images_metadata' NzbDrone.Core.Datastore.Migration.add_download_clients_table' NzbDrone.Core.Datastore.Migration.convert_config_to_download_clients' NzbDrone.Core.Datastore.Migration.ClientSettingsForMigration' NzbDrone.Core.Datastore.Migration.FolderSettingsForMigration' NzbDrone.Core.Datastore.Migration.SabnzbdPriorityForMigration' NzbDrone.Core.Datastore.Migration.NzbGetPriorityForMigration' NzbDrone.Core.Datastore.Migration.fix_xbmc_episode_metadata' NzbDrone.Core.Datastore.Migration.add_indexes' NzbDrone.Core.Datastore.Migration.fix_nzb_su_url' NzbDrone.Core.Datastore.Migration.add_temporary_blacklist_columns' NzbDrone.Core.Datastore.Migration.add_title_to_scenemappings' NzbDrone.Core.Datastore.Migration.fix_dognzb_url' NzbDrone.Core.Datastore.Migration.add_hash_to_metadata_files' NzbDrone.Core.Datastore.Migration.download_client_import' NzbDrone.Core.Datastore.Migration.MigrationHistoryItem' NzbDrone.Core.Datastore.Migration.MigrationHistoryEventType' NzbDrone.Core.Datastore.Migration.add_columns_for_anime' NzbDrone.Core.Datastore.Migration.add_series_sorttitle' NzbDrone.Core.Datastore.Migration.rename_profiles' NzbDrone.Core.Datastore.Migration.drop_old_profile_columns' NzbDrone.Core.Datastore.Migration.add_mediainfo_to_episodefile' NzbDrone.Core.Datastore.Migration.convert_episode_file_path_to_relative' NzbDrone.Core.Datastore.Migration.drop_episode_file_path' NzbDrone.Core.Datastore.Migration.add_enable_options_to_indexers' NzbDrone.Core.Datastore.Migration.remove_enable_from_indexers' NzbDrone.Core.Datastore.Migration.clear_bad_scene_names' NzbDrone.Core.Datastore.Migration.convert_quality_models' NzbDrone.Core.Datastore.Migration.LegacyQualityModel062' NzbDrone.Core.Datastore.Migration.QualityModel062' NzbDrone.Core.Datastore.Migration.add_remotepathmappings' NzbDrone.Core.Datastore.Migration.remove_method_from_logs' NzbDrone.Core.Datastore.Migration.make_scene_numbering_nullable' NzbDrone.Core.Datastore.Migration.add_tags' NzbDrone.Core.Datastore.Migration.add_added_to_series' NzbDrone.Core.Datastore.Migration.add_release_restrictions' NzbDrone.Core.Datastore.Migration.quality_proper' NzbDrone.Core.Datastore.Migration.TokenMatch69' NzbDrone.Core.Datastore.Migration.delay_profile' NzbDrone.Core.Datastore.Migration.Profile69' NzbDrone.Core.Datastore.Migration.Series69' NzbDrone.Core.Datastore.Migration.Tag69' NzbDrone.Core.Datastore.Migration.DelayProfile70' NzbDrone.Core.Datastore.Migration.unknown_quality_in_profile' NzbDrone.Core.Datastore.Migration.Profile71' NzbDrone.Core.Datastore.Migration.ProfileItem71' NzbDrone.Core.Datastore.Migration.ProfileUpdater71' NzbDrone.Core.Datastore.Migration.history_downloadId' NzbDrone.Core.Datastore.Migration.History72' NzbDrone.Core.Datastore.Migration.clear_ratings' NzbDrone.Core.Datastore.Migration.disable_eztv' NzbDrone.Core.Datastore.Migration.force_lib_update' NzbDrone.Core.Datastore.Migration.ScheduledTasks75' NzbDrone.Core.Datastore.Migration.add_users_table' NzbDrone.Core.Datastore.Migration.add_add_options_to_series' NzbDrone.Core.Datastore.Migration.add_commands_table' NzbDrone.Core.Datastore.Migration.dedupe_tags' NzbDrone.Core.Datastore.Migration.Tag079' NzbDrone.Core.Datastore.Migration.TagReplacement079' NzbDrone.Core.Datastore.Migration.TaggedModel079' NzbDrone.Core.Datastore.Migration.move_dot_prefix_to_transmission_category' NzbDrone.Core.Datastore.Migration.DownloadClientDefinition81' NzbDrone.Core.Datastore.Migration.SabnzbdSettings81' NzbDrone.Core.Datastore.Migration.TransmissionSettings81' NzbDrone.Core.Datastore.Migration.add_fanzub_settings' NzbDrone.Core.Datastore.Migration.additonal_blacklist_columns' NzbDrone.Core.Datastore.Migration.update_quality_minmax_size' NzbDrone.Core.Datastore.Migration.QualityDefinition84' NzbDrone.Core.Datastore.Migration.expand_transmission_urlbase' NzbDrone.Core.Datastore.Migration.DelugeSettings85' NzbDrone.Core.Datastore.Migration.pushbullet_device_ids' NzbDrone.Core.Datastore.Migration.Notification86' NzbDrone.Core.Datastore.Migration.PushBulletSettings86' NzbDrone.Core.Datastore.Migration.remove_eztv' NzbDrone.Core.Datastore.Migration.pushbullet_devices_channels_list' NzbDrone.Core.Datastore.Migration.PushBulletSettings88' NzbDrone.Core.Datastore.Migration.add_on_rename_to_notifcations' NzbDrone.Core.Datastore.Migration.update_kickass_url' NzbDrone.Core.Datastore.Migration.IndexerDefinition90' NzbDrone.Core.Datastore.Migration.KickassTorrentsSettings90' NzbDrone.Core.Datastore.Migration.added_indexerstatus' NzbDrone.Core.Datastore.Migration.add_unverifiedscenenumbering' NzbDrone.Core.Datastore.Migration.naming_config_replace_illegal_characters' NzbDrone.Core.Datastore.Migration.add_tvmazeid' NzbDrone.Core.Datastore.Migration.add_additional_episodes_index' NzbDrone.Core.Datastore.Migration.disable_kickass' NzbDrone.Core.Datastore.Migration.add_reason_to_pending_releases' NzbDrone.Core.Datastore.Migration.remove_titans_of_tv' NzbDrone.Core.Datastore.Migration.extra_and_subtitle_files' NzbDrone.Core.Datastore.Migration.MetadataFile99' NzbDrone.Core.Datastore.Migration.add_scene_season_number' NzbDrone.Core.Datastore.Migration.add_ultrahd_quality_in_profiles' NzbDrone.Core.Datastore.Migration.add_language_to_episodeFiles_history_and_blacklist' NzbDrone.Core.Datastore.Migration.fix_metadata_file_extensions' NzbDrone.Core.Datastore.Migration.remove_kickass' NzbDrone.Core.Datastore.Migration.rename_torrent_downloadstation' NzbDrone.Core.Datastore.Migration.update_btn_url' NzbDrone.Core.Datastore.Migration.BroadcastheNetSettings106' NzbDrone.Core.Datastore.Migration.remove_wombles' NzbDrone.Core.Datastore.Migration.fix_extra_file_extension' NzbDrone.Core.Datastore.Migration.import_extra_files' NzbDrone.Core.Datastore.Migration.fix_extra_files_config' NzbDrone.Core.Datastore.Migration.create_language_profiles' NzbDrone.Core.Datastore.Migration.LanguageProfile111' NzbDrone.Core.Datastore.Migration.LanguageProfileItem111' NzbDrone.Core.Datastore.Migration.added_regex_to_scenemapping' NzbDrone.Core.Datastore.Migration.consolidate_indexer_baseurl' NzbDrone.Core.Datastore.Migration.rename_indexer_status_id' NzbDrone.Core.Datastore.Migration.add_downloadclient_status' NzbDrone.Core.Datastore.Migration.disable_nyaa' NzbDrone.Core.Datastore.Migration.add_webrip_and_br480_qualites_in_profile' NzbDrone.Core.Datastore.Migration.Profile117' NzbDrone.Core.Datastore.Migration.ProfileItem117' NzbDrone.Core.Datastore.Migration.ProfileUpdater117' NzbDrone.Core.Datastore.Migration.add_history_eventType_index' NzbDrone.Core.Datastore.Migration.separate_automatic_and_interactive_searches' NzbDrone.Core.Datastore.Migration.update_series_episodes_history_indexes' NzbDrone.Core.Datastore.Migration.update_animetosho_url' NzbDrone.Core.Datastore.Migration.IndexerDefinition121' NzbDrone.Core.Datastore.Migration.NewznabSettings121' NzbDrone.Core.Datastore.Migration.add_remux_qualities_in_profile' NzbDrone.Core.Datastore.Migration.Profile122' NzbDrone.Core.Datastore.Migration.ProfileItem122' NzbDrone.Core.Datastore.Migration.ProfileUpdater122' NzbDrone.Core.Datastore.Migration.add_history_seriesId_index' NzbDrone.Core.Datastore.Migration.remove_media_browser_metadata' NzbDrone.Core.Datastore.Migration.remove_notify_my_android_and_pushalot_notifications' NzbDrone.Core.Datastore.Migration.add_custom_filters' NzbDrone.Core.Datastore.Migration.rename_restrictions_to_release_profiles' NzbDrone.Core.Datastore.Migration.rename_quality_profiles_add_upgrade_allowed' NzbDrone.Core.Datastore.Migration.add_relative_original_path_to_episode_file' NzbDrone.Core.Datastore.Migration.episode_last_searched_time' NzbDrone.Core.Datastore.Migration.download_propers_config' NzbDrone.Core.Datastore.Migration.add_download_client_priority' NzbDrone.Core.Datastore.Migration.add_specials_folder_format' NzbDrone.Core.Datastore.Migration.health_issue_notification
Feature Concentration,Sonarr.Core,NzbDrone.Core.Datastore.Migration.Framework,The tool detected the smell in this component because the component realizes more than one architectural concern/feature. Independent sets of related classes within this component are: [MigrationContext' IMigrationController' MigrationController' MigrationOptions' MigrationType' NzbDroneMigrationBase' NzbDroneSqliteProcessorFactory' MigrationDbFactory' NzbDroneSqliteProcessor' SqliteSchemaDumper' SqliteSyntaxReader' TokenType]' [MigrationExtension]' [MigrationLogger]. LCC (Lack of Component Cohesion) = 0.21,NzbDrone.Core.Datastore.Migration.Framework.MigrationLogger,NzbDrone.Core.Datastore.Migration.Framework.MigrationContext' NzbDrone.Core.Datastore.Migration.Framework.IMigrationController' NzbDrone.Core.Datastore.Migration.Framework.MigrationController' NzbDrone.Core.Datastore.Migration.Framework.MigrationDbFactory' NzbDrone.Core.Datastore.Migration.Framework.MigrationExtension' NzbDrone.Core.Datastore.Migration.Framework.MigrationLogger' NzbDrone.Core.Datastore.Migration.Framework.MigrationOptions' NzbDrone.Core.Datastore.Migration.Framework.MigrationType' NzbDrone.Core.Datastore.Migration.Framework.NzbDroneMigrationBase' NzbDrone.Core.Datastore.Migration.Framework.NzbDroneSqliteProcessor' NzbDrone.Core.Datastore.Migration.Framework.NzbDroneSqliteProcessorFactory' NzbDrone.Core.Datastore.Migration.Framework.SqliteSchemaDumper' NzbDrone.Core.Datastore.Migration.Framework.SqliteSyntaxReader' NzbDrone.Core.Datastore.Migration.Framework.TokenType
Feature Concentration,Sonarr.Core,NzbDrone.Core.DecisionEngine,The tool detected the smell in this component because the component realizes more than one architectural concern/feature. Independent sets of related classes within this component are: [Decision]' [DownloadDecision' DownloadDecisionComparer' IMakeDownloadDecision' DownloadDecisionMaker' IPrioritizeDownloadDecision' DownloadDecisionPriorizationService' Rejection' RejectionType]' [IRejectWithReason]' [SpecificationPriority]. LCC (Lack of Component Cohesion) = 0.36,NzbDrone.Core.DecisionEngine.Decision' NzbDrone.Core.DecisionEngine.IRejectWithReason' NzbDrone.Core.DecisionEngine.SpecificationPriority,NzbDrone.Core.DecisionEngine.Decision' NzbDrone.Core.DecisionEngine.DownloadDecision' NzbDrone.Core.DecisionEngine.DownloadDecisionComparer' NzbDrone.Core.DecisionEngine.IMakeDownloadDecision' NzbDrone.Core.DecisionEngine.DownloadDecisionMaker' NzbDrone.Core.DecisionEngine.IPrioritizeDownloadDecision' NzbDrone.Core.DecisionEngine.DownloadDecisionPriorizationService' NzbDrone.Core.DecisionEngine.IRejectWithReason' NzbDrone.Core.DecisionEngine.Rejection' NzbDrone.Core.DecisionEngine.RejectionType' NzbDrone.Core.DecisionEngine.SpecificationPriority
Feature Concentration,Sonarr.Core,NzbDrone.Core.Download.Clients.DownloadStation.Responses,The tool detected the smell in this component because the component realizes more than one architectural concern/feature. Independent sets of related classes within this component are: [DiskStationAuthResponse]' [DiskStationError' DiskStationResponse<T>]' [DiskStationApiInfoResponse]' [DownloadStationTaskInfoResponse]' [DSMInfoResponse]' [FileStationListFileInfoResponse' FileStationListResponse]. LCC (Lack of Component Cohesion) = 0.75,NzbDrone.Core.Download.Clients.DownloadStation.Responses.FileStationListFileInfoResponse' NzbDrone.Core.Download.Clients.DownloadStation.Responses.FileStationListResponse' NzbDrone.Core.Download.Clients.DownloadStation.Responses.DiskStationAuthResponse' NzbDrone.Core.Download.Clients.DownloadStation.Responses.DiskStationApiInfoResponse' NzbDrone.Core.Download.Clients.DownloadStation.Responses.DownloadStationTaskInfoResponse' NzbDrone.Core.Download.Clients.DownloadStation.Responses.DSMInfoResponse,NzbDrone.Core.Download.Clients.DownloadStation.Responses.DiskStationAuthResponse' NzbDrone.Core.Download.Clients.DownloadStation.Responses.DiskStationError' NzbDrone.Core.Download.Clients.DownloadStation.Responses.DiskStationApiInfoResponse' NzbDrone.Core.Download.Clients.DownloadStation.Responses.DiskStationResponse<T>' NzbDrone.Core.Download.Clients.DownloadStation.Responses.DownloadStationTaskInfoResponse' NzbDrone.Core.Download.Clients.DownloadStation.Responses.DSMInfoResponse' NzbDrone.Core.Download.Clients.DownloadStation.Responses.FileStationListFileInfoResponse' NzbDrone.Core.Download.Clients.DownloadStation.Responses.FileStationListResponse
Feature Concentration,Sonarr.Core,NzbDrone.Core.Download.Clients.Nzbget,The tool detected the smell in this component because the component realizes more than one architectural concern/feature. Independent sets of related classes within this component are: [ErrorModel' JsonError]' [Nzbget' NzbgetCategory' INzbgetProxy' NzbgetProxy' NzbgetQueueItem' NzbgetSettings' NzbgetConfigItem' NzbgetGlobalStatus' NzbgetHistoryItem' NzbgetParameter' NzbgetPriority' NzbgetSettingsValidator]' [NzbgetPostQueueItem]' [NzbgetResponse<T>]. LCC (Lack of Component Cohesion) = 0.25,NzbDrone.Core.Download.Clients.Nzbget.NzbgetPostQueueItem' NzbDrone.Core.Download.Clients.Nzbget.NzbgetResponse<T>,NzbDrone.Core.Download.Clients.Nzbget.ErrorModel' NzbDrone.Core.Download.Clients.Nzbget.JsonError' NzbDrone.Core.Download.Clients.Nzbget.Nzbget' NzbDrone.Core.Download.Clients.Nzbget.NzbgetCategory' NzbDrone.Core.Download.Clients.Nzbget.NzbgetConfigItem' NzbDrone.Core.Download.Clients.Nzbget.NzbgetGlobalStatus' NzbDrone.Core.Download.Clients.Nzbget.NzbgetHistoryItem' NzbDrone.Core.Download.Clients.Nzbget.NzbgetParameter' NzbDrone.Core.Download.Clients.Nzbget.NzbgetPostQueueItem' NzbDrone.Core.Download.Clients.Nzbget.NzbgetPriority' NzbDrone.Core.Download.Clients.Nzbget.INzbgetProxy' NzbDrone.Core.Download.Clients.Nzbget.NzbgetProxy' NzbDrone.Core.Download.Clients.Nzbget.NzbgetQueueItem' NzbDrone.Core.Download.Clients.Nzbget.NzbgetResponse<T>' NzbDrone.Core.Download.Clients.Nzbget.NzbgetSettingsValidator' NzbDrone.Core.Download.Clients.Nzbget.NzbgetSettings
Feature Concentration,Sonarr.Core,NzbDrone.Core.Download.Clients.NzbVortex,The tool detected the smell in this component because the component realizes more than one architectural concern/feature. Independent sets of related classes within this component are: [NzbVortex' NzbVortexAuthenticationException' NzbVortexGroup' INzbVortexProxy' NzbVortexProxy' NzbVortexQueueItem' NzbVortexResultType' NzbVortexSettings' NzbVortexStateType' NzbVortexFile' NzbVortexLoginResultType' NzbVortexPriority' NzbVortexSettingsValidator]' [NzbVortexJsonError]' [NzbVortexNotLoggedInException]. LCC (Lack of Component Cohesion) = 0.2,NzbDrone.Core.Download.Clients.NzbVortex.NzbVortexNotLoggedInException,NzbDrone.Core.Download.Clients.NzbVortex.NzbVortex' NzbDrone.Core.Download.Clients.NzbVortex.NzbVortexAuthenticationException' NzbDrone.Core.Download.Clients.NzbVortex.NzbVortexFile' NzbDrone.Core.Download.Clients.NzbVortex.NzbVortexGroup' NzbDrone.Core.Download.Clients.NzbVortex.NzbVortexJsonError' NzbDrone.Core.Download.Clients.NzbVortex.NzbVortexLoginResultType' NzbDrone.Core.Download.Clients.NzbVortex.NzbVortexNotLoggedInException' NzbDrone.Core.Download.Clients.NzbVortex.NzbVortexPriority' NzbDrone.Core.Download.Clients.NzbVortex.INzbVortexProxy' NzbDrone.Core.Download.Clients.NzbVortex.NzbVortexProxy' NzbDrone.Core.Download.Clients.NzbVortex.NzbVortexQueueItem' NzbDrone.Core.Download.Clients.NzbVortex.NzbVortexResultType' NzbDrone.Core.Download.Clients.NzbVortex.NzbVortexSettingsValidator' NzbDrone.Core.Download.Clients.NzbVortex.NzbVortexSettings' NzbDrone.Core.Download.Clients.NzbVortex.NzbVortexStateType
Feature Concentration,Sonarr.Core,NzbDrone.Core.Download.Clients.NzbVortex.Responses,The tool detected the smell in this component because the component realizes more than one architectural concern/feature. Independent sets of related classes within this component are: [NzbVortexAddResponse' NzbVortexResponseBase' NzbVortexVersionResponse' NzbVortexApiVersionResponse' NzbVortexAuthResponse' NzbVortexFilesResponse' NzbVortexGroupResponse' NzbVortexQueueResponse]' [NzbVortexAuthNonceResponse]' [NzbVortexRetryResponse]. LCC (Lack of Component Cohesion) = 0.3,NzbDrone.Core.Download.Clients.NzbVortex.Responses.NzbVortexAuthNonceResponse' NzbDrone.Core.Download.Clients.NzbVortex.Responses.NzbVortexRetryResponse,NzbDrone.Core.Download.Clients.NzbVortex.Responses.NzbVortexAddResponse' NzbDrone.Core.Download.Clients.NzbVortex.Responses.NzbVortexApiVersionResponse' NzbDrone.Core.Download.Clients.NzbVortex.Responses.NzbVortexAuthNonceResponse' NzbDrone.Core.Download.Clients.NzbVortex.Responses.NzbVortexAuthResponse' NzbDrone.Core.Download.Clients.NzbVortex.Responses.NzbVortexFilesResponse' NzbDrone.Core.Download.Clients.NzbVortex.Responses.NzbVortexGroupResponse' NzbDrone.Core.Download.Clients.NzbVortex.Responses.NzbVortexQueueResponse' NzbDrone.Core.Download.Clients.NzbVortex.Responses.NzbVortexResponseBase' NzbDrone.Core.Download.Clients.NzbVortex.Responses.NzbVortexRetryResponse' NzbDrone.Core.Download.Clients.NzbVortex.Responses.NzbVortexVersionResponse
Feature Concentration,Sonarr.Core,NzbDrone.Core.Download.Clients.Sabnzbd.Responses,The tool detected the smell in this component because the component realizes more than one architectural concern/feature. Independent sets of related classes within this component are: [SabnzbdAddResponse]' [SabnzbdCategoryResponse]' [SabnzbdConfigResponse]' [SabnzbdFullStatusResponse]' [SabnzbdRetryResponse]' [SabnzbdVersionResponse]. LCC (Lack of Component Cohesion) = 1,NzbDrone.Core.Download.Clients.Sabnzbd.Responses.SabnzbdCategoryResponse' NzbDrone.Core.Download.Clients.Sabnzbd.Responses.SabnzbdConfigResponse' NzbDrone.Core.Download.Clients.Sabnzbd.Responses.SabnzbdFullStatusResponse' NzbDrone.Core.Download.Clients.Sabnzbd.Responses.SabnzbdRetryResponse' NzbDrone.Core.Download.Clients.Sabnzbd.Responses.SabnzbdVersionResponse,NzbDrone.Core.Download.Clients.Sabnzbd.Responses.SabnzbdAddResponse' NzbDrone.Core.Download.Clients.Sabnzbd.Responses.SabnzbdCategoryResponse' NzbDrone.Core.Download.Clients.Sabnzbd.Responses.SabnzbdConfigResponse' NzbDrone.Core.Download.Clients.Sabnzbd.Responses.SabnzbdFullStatusResponse' NzbDrone.Core.Download.Clients.Sabnzbd.Responses.SabnzbdRetryResponse' NzbDrone.Core.Download.Clients.Sabnzbd.Responses.SabnzbdVersionResponse
Feature Concentration,Sonarr.Core,NzbDrone.Core.Exceptions,The tool detected the smell in this component because the component realizes more than one architectural concern/feature. Independent sets of related classes within this component are: [BadRequestException' DownstreamException' StatusCodeToExceptions]' [DownloadClientRejectedReleaseException' ReleaseDownloadException' ReleaseUnavailableException]' [NzbDroneClientException]' [SearchFailedException]' [SeriesNotFoundException]. LCC (Lack of Component Cohesion) = 0.56,NzbDrone.Core.Exceptions.DownloadClientRejectedReleaseException' NzbDrone.Core.Exceptions.ReleaseDownloadException' NzbDrone.Core.Exceptions.ReleaseUnavailableException' NzbDrone.Core.Exceptions.NzbDroneClientException' NzbDrone.Core.Exceptions.SearchFailedException' NzbDrone.Core.Exceptions.SeriesNotFoundException,NzbDrone.Core.Exceptions.BadRequestException' NzbDrone.Core.Exceptions.DownloadClientRejectedReleaseException' NzbDrone.Core.Exceptions.DownstreamException' NzbDrone.Core.Exceptions.NzbDroneClientException' NzbDrone.Core.Exceptions.ReleaseDownloadException' NzbDrone.Core.Exceptions.ReleaseUnavailableException' NzbDrone.Core.Exceptions.SearchFailedException' NzbDrone.Core.Exceptions.SeriesNotFoundException' NzbDrone.Core.Exceptions.StatusCodeToExceptions
Feature Concentration,Sonarr.Core,NzbDrone.Core.Extras,The tool detected the smell in this component because the component realizes more than one architectural concern/feature. Independent sets of related classes within this component are: [ExistingExtraFileService' IImportExistingExtraFiles' ImportExistingExtraFilesBase<TExtraFile>' ImportExistingExtraFileFilterResult<TExtraFile>]' [IExtraService' ExtraService]. LCC (Lack of Component Cohesion) = 0.33,NzbDrone.Core.Extras.IExtraService' NzbDrone.Core.Extras.ExtraService,NzbDrone.Core.Extras.ExistingExtraFileService' NzbDrone.Core.Extras.IExtraService' NzbDrone.Core.Extras.ExtraService' NzbDrone.Core.Extras.IImportExistingExtraFiles' NzbDrone.Core.Extras.ImportExistingExtraFileFilterResult<TExtraFile>' NzbDrone.Core.Extras.ImportExistingExtraFilesBase<TExtraFile>
Feature Concentration,Sonarr.Core,NzbDrone.Core.Extras.Metadata.Files,The tool detected the smell in this component because the component realizes more than one architectural concern/feature. Independent sets of related classes within this component are: [ICleanMetadataService' CleanExtraFileService' IMetadataFileService' MetadataFileService' MetadataFile' IMetadataFileRepository' MetadataFileRepository]' [ImageFileResult]' [MetadataFileResult]. LCC (Lack of Component Cohesion) = 0.33,NzbDrone.Core.Extras.Metadata.Files.ImageFileResult' NzbDrone.Core.Extras.Metadata.Files.MetadataFileResult,NzbDrone.Core.Extras.Metadata.Files.ICleanMetadataService' NzbDrone.Core.Extras.Metadata.Files.CleanExtraFileService' NzbDrone.Core.Extras.Metadata.Files.ImageFileResult' NzbDrone.Core.Extras.Metadata.Files.MetadataFile' NzbDrone.Core.Extras.Metadata.Files.IMetadataFileRepository' NzbDrone.Core.Extras.Metadata.Files.MetadataFileRepository' NzbDrone.Core.Extras.Metadata.Files.MetadataFileResult' NzbDrone.Core.Extras.Metadata.Files.IMetadataFileService' NzbDrone.Core.Extras.Metadata.Files.MetadataFileService
Feature Concentration,Sonarr.Core,NzbDrone.Core.Extras.Subtitles,The tool detected the smell in this component because the component realizes more than one architectural concern/feature. Independent sets of related classes within this component are: [ExistingSubtitleImporter' SubtitleFile' SubtitleFileExtensions' ISubtitleFileRepository' SubtitleFileRepository' ISubtitleFileService' SubtitleFileService' SubtitleService]' [ImportedSubtitleFiles]. LCC (Lack of Component Cohesion) = 0.22,NzbDrone.Core.Extras.Subtitles.ImportedSubtitleFiles,NzbDrone.Core.Extras.Subtitles.ExistingSubtitleImporter' NzbDrone.Core.Extras.Subtitles.ImportedSubtitleFiles' NzbDrone.Core.Extras.Subtitles.SubtitleFile' NzbDrone.Core.Extras.Subtitles.SubtitleFileExtensions' NzbDrone.Core.Extras.Subtitles.ISubtitleFileRepository' NzbDrone.Core.Extras.Subtitles.SubtitleFileRepository' NzbDrone.Core.Extras.Subtitles.ISubtitleFileService' NzbDrone.Core.Extras.Subtitles.SubtitleFileService' NzbDrone.Core.Extras.Subtitles.SubtitleService
Feature Concentration,Sonarr.Core,NzbDrone.Core.HealthCheck.Checks,The tool detected the smell in this component because the component realizes more than one architectural concern/feature. Independent sets of related classes within this component are: [AppDataLocationCheck]' [DotnetVersionCheck]' [DownloadClientCheck]' [DownloadClientStatusCheck]' [ImportMechanismCheck' ImportMechanismCheckStatus]' [IndexerRssCheck]' [IndexerSearchCheck]' [IndexerStatusCheck]' [MediaInfoDllCheck]' [MonoDebugCheck' StackFrameHelper]' [MonoTlsCheck]' [MonoVersionCheck]' [MountCheck]' [ProxyCheck]' [RemovedSeriesCheck]' [RootFolderCheck]' [SystemTimeCheck' ServiceTimeResponse]' [UpdateCheck]. LCC (Lack of Component Cohesion) = 0.86,NzbDrone.Core.HealthCheck.Checks.MonoDebugCheck' NzbDrone.Core.HealthCheck.Checks.StackFrameHelper' NzbDrone.Core.HealthCheck.Checks.SystemTimeCheck' NzbDrone.Core.HealthCheck.Checks.ServiceTimeResponse' NzbDrone.Core.HealthCheck.Checks.AppDataLocationCheck' NzbDrone.Core.HealthCheck.Checks.DotnetVersionCheck' NzbDrone.Core.HealthCheck.Checks.DownloadClientCheck' NzbDrone.Core.HealthCheck.Checks.DownloadClientStatusCheck' NzbDrone.Core.HealthCheck.Checks.IndexerRssCheck' NzbDrone.Core.HealthCheck.Checks.IndexerSearchCheck' NzbDrone.Core.HealthCheck.Checks.IndexerStatusCheck' NzbDrone.Core.HealthCheck.Checks.MediaInfoDllCheck' NzbDrone.Core.HealthCheck.Checks.MonoTlsCheck' NzbDrone.Core.HealthCheck.Checks.MonoVersionCheck' NzbDrone.Core.HealthCheck.Checks.MountCheck' NzbDrone.Core.HealthCheck.Checks.ProxyCheck' NzbDrone.Core.HealthCheck.Checks.RemovedSeriesCheck' NzbDrone.Core.HealthCheck.Checks.RootFolderCheck' NzbDrone.Core.HealthCheck.Checks.UpdateCheck,NzbDrone.Core.HealthCheck.Checks.AppDataLocationCheck' NzbDrone.Core.HealthCheck.Checks.DotnetVersionCheck' NzbDrone.Core.HealthCheck.Checks.DownloadClientCheck' NzbDrone.Core.HealthCheck.Checks.DownloadClientStatusCheck' NzbDrone.Core.HealthCheck.Checks.ImportMechanismCheck' NzbDrone.Core.HealthCheck.Checks.ImportMechanismCheckStatus' NzbDrone.Core.HealthCheck.Checks.IndexerRssCheck' NzbDrone.Core.HealthCheck.Checks.IndexerSearchCheck' NzbDrone.Core.HealthCheck.Checks.IndexerStatusCheck' NzbDrone.Core.HealthCheck.Checks.MediaInfoDllCheck' NzbDrone.Core.HealthCheck.Checks.MonoDebugCheck' NzbDrone.Core.HealthCheck.Checks.StackFrameHelper' NzbDrone.Core.HealthCheck.Checks.MonoTlsCheck' NzbDrone.Core.HealthCheck.Checks.MonoVersionCheck' NzbDrone.Core.HealthCheck.Checks.MountCheck' NzbDrone.Core.HealthCheck.Checks.ProxyCheck' NzbDrone.Core.HealthCheck.Checks.RemovedSeriesCheck' NzbDrone.Core.HealthCheck.Checks.RootFolderCheck' NzbDrone.Core.HealthCheck.Checks.SystemTimeCheck' NzbDrone.Core.HealthCheck.Checks.ServiceTimeResponse' NzbDrone.Core.HealthCheck.Checks.UpdateCheck
Feature Concentration,Sonarr.Core,NzbDrone.Core.Housekeeping.Housekeepers,The tool detected the smell in this component because the component realizes more than one architectural concern/feature. Independent sets of related classes within this component are: [CleanupAbsolutePathMetadataFiles]' [CleanupAdditionalNamingSpecs]' [CleanupAdditionalUsers]' [CleanupCommandQueue]' [CleanupDownloadClientUnavailablePendingReleases]' [CleanupDuplicateMetadataFiles]' [CleanupOrphanedBlacklist]' [CleanupOrphanedDownloadClientStatus]' [CleanupOrphanedEpisodeFiles]' [CleanupOrphanedEpisodes]' [CleanupOrphanedHistoryItems]' [CleanupOrphanedIndexerStatus]' [CleanupOrphanedMetadataFiles]' [CleanupOrphanedPendingReleases]' [CleanupUnusedTags]' [DeleteBadMediaCovers]' [EnsureValidLanguageProfileId]' [FixFutureDownloadClientStatusTimes' FixFutureProviderStatusTimes<TModel>' FixFutureIndexerStatusTimes]' [FixFutureRunScheduledTasks]' [TrimLogDatabase]' [UpdateCleanTitleForSeries]. LCC (Lack of Component Cohesion) = 0.91,NzbDrone.Core.Housekeeping.Housekeepers.CleanupAbsolutePathMetadataFiles' NzbDrone.Core.Housekeeping.Housekeepers.CleanupAdditionalNamingSpecs' NzbDrone.Core.Housekeeping.Housekeepers.CleanupAdditionalUsers' NzbDrone.Core.Housekeeping.Housekeepers.CleanupCommandQueue' NzbDrone.Core.Housekeeping.Housekeepers.CleanupDownloadClientUnavailablePendingReleases' NzbDrone.Core.Housekeeping.Housekeepers.CleanupDuplicateMetadataFiles' NzbDrone.Core.Housekeeping.Housekeepers.CleanupOrphanedBlacklist' NzbDrone.Core.Housekeeping.Housekeepers.CleanupOrphanedDownloadClientStatus' NzbDrone.Core.Housekeeping.Housekeepers.CleanupOrphanedEpisodeFiles' NzbDrone.Core.Housekeeping.Housekeepers.CleanupOrphanedEpisodes' NzbDrone.Core.Housekeeping.Housekeepers.CleanupOrphanedHistoryItems' NzbDrone.Core.Housekeeping.Housekeepers.CleanupOrphanedIndexerStatus' NzbDrone.Core.Housekeeping.Housekeepers.CleanupOrphanedMetadataFiles' NzbDrone.Core.Housekeeping.Housekeepers.CleanupOrphanedPendingReleases' NzbDrone.Core.Housekeeping.Housekeepers.CleanupUnusedTags' NzbDrone.Core.Housekeeping.Housekeepers.DeleteBadMediaCovers' NzbDrone.Core.Housekeeping.Housekeepers.EnsureValidLanguageProfileId' NzbDrone.Core.Housekeeping.Housekeepers.FixFutureRunScheduledTasks' NzbDrone.Core.Housekeeping.Housekeepers.TrimLogDatabase' NzbDrone.Core.Housekeeping.Housekeepers.UpdateCleanTitleForSeries,NzbDrone.Core.Housekeeping.Housekeepers.CleanupAbsolutePathMetadataFiles' NzbDrone.Core.Housekeeping.Housekeepers.CleanupAdditionalNamingSpecs' NzbDrone.Core.Housekeeping.Housekeepers.CleanupAdditionalUsers' NzbDrone.Core.Housekeeping.Housekeepers.CleanupCommandQueue' NzbDrone.Core.Housekeeping.Housekeepers.CleanupDownloadClientUnavailablePendingReleases' NzbDrone.Core.Housekeeping.Housekeepers.CleanupDuplicateMetadataFiles' NzbDrone.Core.Housekeeping.Housekeepers.CleanupOrphanedBlacklist' NzbDrone.Core.Housekeeping.Housekeepers.CleanupOrphanedDownloadClientStatus' NzbDrone.Core.Housekeeping.Housekeepers.CleanupOrphanedEpisodeFiles' NzbDrone.Core.Housekeeping.Housekeepers.CleanupOrphanedEpisodes' NzbDrone.Core.Housekeeping.Housekeepers.CleanupOrphanedHistoryItems' NzbDrone.Core.Housekeeping.Housekeepers.CleanupOrphanedIndexerStatus' NzbDrone.Core.Housekeeping.Housekeepers.CleanupOrphanedMetadataFiles' NzbDrone.Core.Housekeeping.Housekeepers.CleanupOrphanedPendingReleases' NzbDrone.Core.Housekeeping.Housekeepers.CleanupUnusedTags' NzbDrone.Core.Housekeeping.Housekeepers.DeleteBadMediaCovers' NzbDrone.Core.Housekeeping.Housekeepers.EnsureValidLanguageProfileId' NzbDrone.Core.Housekeeping.Housekeepers.FixFutureDownloadClientStatusTimes' NzbDrone.Core.Housekeeping.Housekeepers.FixFutureIndexerStatusTimes' NzbDrone.Core.Housekeeping.Housekeepers.FixFutureProviderStatusTimes<TModel>' NzbDrone.Core.Housekeeping.Housekeepers.FixFutureRunScheduledTasks' NzbDrone.Core.Housekeeping.Housekeepers.TrimLogDatabase' NzbDrone.Core.Housekeeping.Housekeepers.UpdateCleanTitleForSeries
Feature Concentration,Sonarr.Core,NzbDrone.Core.Indexers.HDBits,The tool detected the smell in this component because the component realizes more than one architectural concern/feature. Independent sets of related classes within this component are: [HDBits' HDBitsParser' HDBitsRequestGenerator' HDBitsSettings' TorrentQuery' ImdbInfo' TvdbInfo' HDBitsResponse' StatusCode' TorrentQueryResponse' HDBitsSettingsValidator]' [HdBitsCategory]' [HdBitsCodec]' [HdBitsMedium]. LCC (Lack of Component Cohesion) = 0.29,NzbDrone.Core.Indexers.HDBits.HdBitsCodec' NzbDrone.Core.Indexers.HDBits.HdBitsMedium,NzbDrone.Core.Indexers.HDBits.HDBits' NzbDrone.Core.Indexers.HDBits.TorrentQuery' NzbDrone.Core.Indexers.HDBits.HDBitsResponse' NzbDrone.Core.Indexers.HDBits.TorrentQueryResponse' NzbDrone.Core.Indexers.HDBits.ImdbInfo' NzbDrone.Core.Indexers.HDBits.TvdbInfo' NzbDrone.Core.Indexers.HDBits.StatusCode' NzbDrone.Core.Indexers.HDBits.HDBitsParser' NzbDrone.Core.Indexers.HDBits.HDBitsRequestGenerator' NzbDrone.Core.Indexers.HDBits.HDBitsSettingsValidator' NzbDrone.Core.Indexers.HDBits.HDBitsSettings' NzbDrone.Core.Indexers.HDBits.HdBitsCategory' NzbDrone.Core.Indexers.HDBits.HdBitsCodec' NzbDrone.Core.Indexers.HDBits.HdBitsMedium
Feature Concentration,Sonarr.Core,NzbDrone.Core.Instrumentation,The tool detected the smell in this component because the component realizes more than one architectural concern/feature. Independent sets of related classes within this component are: [DatabaseTarget' Log' ILogRepository' LogRepository' ILogService' LogService' SlowRunningAsyncTargetWrapper]' [IDeleteLogFilesService' DeleteLogFilesService]' [ReconfigureLogging]. LCC (Lack of Component Cohesion) = 0.3,NzbDrone.Core.Instrumentation.IDeleteLogFilesService' NzbDrone.Core.Instrumentation.DeleteLogFilesService' NzbDrone.Core.Instrumentation.ReconfigureLogging,NzbDrone.Core.Instrumentation.DatabaseTarget' NzbDrone.Core.Instrumentation.IDeleteLogFilesService' NzbDrone.Core.Instrumentation.DeleteLogFilesService' NzbDrone.Core.Instrumentation.Log' NzbDrone.Core.Instrumentation.ILogRepository' NzbDrone.Core.Instrumentation.LogRepository' NzbDrone.Core.Instrumentation.ILogService' NzbDrone.Core.Instrumentation.LogService' NzbDrone.Core.Instrumentation.ReconfigureLogging' NzbDrone.Core.Instrumentation.SlowRunningAsyncTargetWrapper
Feature Concentration,Sonarr.Core,NzbDrone.Core.MediaFiles.Commands,The tool detected the smell in this component because the component realizes more than one architectural concern/feature. Independent sets of related classes within this component are: [BackendCommandAttribute]' [CleanUpRecycleBinCommand]' [DownloadedEpisodesScanCommand]' [RenameFilesCommand]' [RenameSeriesCommand]' [RescanSeriesCommand]. LCC (Lack of Component Cohesion) = 1,NzbDrone.Core.MediaFiles.Commands.CleanUpRecycleBinCommand' NzbDrone.Core.MediaFiles.Commands.DownloadedEpisodesScanCommand' NzbDrone.Core.MediaFiles.Commands.RenameFilesCommand' NzbDrone.Core.MediaFiles.Commands.RenameSeriesCommand' NzbDrone.Core.MediaFiles.Commands.RescanSeriesCommand,NzbDrone.Core.MediaFiles.Commands.BackendCommandAttribute' NzbDrone.Core.MediaFiles.Commands.CleanUpRecycleBinCommand' NzbDrone.Core.MediaFiles.Commands.DownloadedEpisodesScanCommand' NzbDrone.Core.MediaFiles.Commands.RenameFilesCommand' NzbDrone.Core.MediaFiles.Commands.RenameSeriesCommand' NzbDrone.Core.MediaFiles.Commands.RescanSeriesCommand
Feature Concentration,Sonarr.Core,NzbDrone.Core.MediaFiles.EpisodeImport.Specifications,The tool detected the smell in this component because the component realizes more than one architectural concern/feature. Independent sets of related classes within this component are: [AbsoluteEpisodeNumberSpecification]' [EpisodeTitleSpecification]' [FreeSpaceSpecification]' [FullSeasonSpecification]' [MatchesFolderSpecification]' [NotSampleSpecification]' [NotUnpackingSpecification]' [SameEpisodesImportSpecification]' [SameFileSpecification]' [UnverifiedSceneNumberingSpecification]' [UpgradeSpecification]. LCC (Lack of Component Cohesion) = 1,NzbDrone.Core.MediaFiles.EpisodeImport.Specifications.EpisodeTitleSpecification' NzbDrone.Core.MediaFiles.EpisodeImport.Specifications.FreeSpaceSpecification' NzbDrone.Core.MediaFiles.EpisodeImport.Specifications.FullSeasonSpecification' NzbDrone.Core.MediaFiles.EpisodeImport.Specifications.MatchesFolderSpecification' NzbDrone.Core.MediaFiles.EpisodeImport.Specifications.NotSampleSpecification' NzbDrone.Core.MediaFiles.EpisodeImport.Specifications.NotUnpackingSpecification' NzbDrone.Core.MediaFiles.EpisodeImport.Specifications.SameEpisodesImportSpecification' NzbDrone.Core.MediaFiles.EpisodeImport.Specifications.SameFileSpecification' NzbDrone.Core.MediaFiles.EpisodeImport.Specifications.UnverifiedSceneNumberingSpecification' NzbDrone.Core.MediaFiles.EpisodeImport.Specifications.UpgradeSpecification,NzbDrone.Core.MediaFiles.EpisodeImport.Specifications.AbsoluteEpisodeNumberSpecification' NzbDrone.Core.MediaFiles.EpisodeImport.Specifications.EpisodeTitleSpecification' NzbDrone.Core.MediaFiles.EpisodeImport.Specifications.FreeSpaceSpecification' NzbDrone.Core.MediaFiles.EpisodeImport.Specifications.FullSeasonSpecification' NzbDrone.Core.MediaFiles.EpisodeImport.Specifications.MatchesFolderSpecification' NzbDrone.Core.MediaFiles.EpisodeImport.Specifications.NotSampleSpecification' NzbDrone.Core.MediaFiles.EpisodeImport.Specifications.NotUnpackingSpecification' NzbDrone.Core.MediaFiles.EpisodeImport.Specifications.SameEpisodesImportSpecification' NzbDrone.Core.MediaFiles.EpisodeImport.Specifications.SameFileSpecification' NzbDrone.Core.MediaFiles.EpisodeImport.Specifications.UnverifiedSceneNumberingSpecification' NzbDrone.Core.MediaFiles.EpisodeImport.Specifications.UpgradeSpecification
Feature Concentration,Sonarr.Core,NzbDrone.Core.MediaFiles.Events,The tool detected the smell in this component because the component realizes more than one architectural concern/feature. Independent sets of related classes within this component are: [EpisodeFileAddedEvent]' [EpisodeFileDeletedEvent]' [EpisodeFileRenamedEvent]' [EpisodeFolderCreatedEvent]' [EpisodeImportedEvent]' [EpisodeImportFailedEvent]' [SeriesRenamedEvent]' [SeriesScannedEvent]' [SeriesScanSkippedEvent' SeriesScanSkippedReason]. LCC (Lack of Component Cohesion) = 0.9,NzbDrone.Core.MediaFiles.Events.EpisodeFileAddedEvent' NzbDrone.Core.MediaFiles.Events.EpisodeFileDeletedEvent' NzbDrone.Core.MediaFiles.Events.EpisodeFileRenamedEvent' NzbDrone.Core.MediaFiles.Events.EpisodeFolderCreatedEvent' NzbDrone.Core.MediaFiles.Events.EpisodeImportedEvent' NzbDrone.Core.MediaFiles.Events.EpisodeImportFailedEvent' NzbDrone.Core.MediaFiles.Events.SeriesRenamedEvent' NzbDrone.Core.MediaFiles.Events.SeriesScannedEvent,NzbDrone.Core.MediaFiles.Events.EpisodeFileAddedEvent' NzbDrone.Core.MediaFiles.Events.EpisodeFileDeletedEvent' NzbDrone.Core.MediaFiles.Events.EpisodeFileRenamedEvent' NzbDrone.Core.MediaFiles.Events.EpisodeFolderCreatedEvent' NzbDrone.Core.MediaFiles.Events.EpisodeImportedEvent' NzbDrone.Core.MediaFiles.Events.EpisodeImportFailedEvent' NzbDrone.Core.MediaFiles.Events.SeriesRenamedEvent' NzbDrone.Core.MediaFiles.Events.SeriesScannedEvent' NzbDrone.Core.MediaFiles.Events.SeriesScanSkippedEvent' NzbDrone.Core.MediaFiles.Events.SeriesScanSkippedReason
Feature Concentration,Sonarr.Core,NzbDrone.Core.MediaFiles.MediaInfo,The tool detected the smell in this component because the component realizes more than one architectural concern/feature. Independent sets of related classes within this component are: [MediaInfoFormatter' MediaInfoModel' IVideoFileInfoReader' VideoFileInfoReader' BufferStatus' MediaInfo' StreamKind' InfoKind' IUpdateMediaInfo' UpdateMediaInfoService]' [InfoOptions]' [InfoFileOptions]. LCC (Lack of Component Cohesion) = 0.25,NzbDrone.Core.MediaFiles.MediaInfo.InfoFileOptions,NzbDrone.Core.MediaFiles.MediaInfo.MediaInfoFormatter' NzbDrone.Core.MediaFiles.MediaInfo.BufferStatus' NzbDrone.Core.MediaFiles.MediaInfo.StreamKind' NzbDrone.Core.MediaFiles.MediaInfo.InfoKind' NzbDrone.Core.MediaFiles.MediaInfo.InfoOptions' NzbDrone.Core.MediaFiles.MediaInfo.InfoFileOptions' NzbDrone.Core.MediaFiles.MediaInfo.MediaInfo' NzbDrone.Core.MediaFiles.MediaInfo.MediaInfoModel' NzbDrone.Core.MediaFiles.MediaInfo.IUpdateMediaInfo' NzbDrone.Core.MediaFiles.MediaInfo.UpdateMediaInfoService' NzbDrone.Core.MediaFiles.MediaInfo.IVideoFileInfoReader' NzbDrone.Core.MediaFiles.MediaInfo.VideoFileInfoReader
Feature Concentration,Sonarr.Core,NzbDrone.Core.Messaging.Events,The tool detected the smell in this component because the component realizes more than one architectural concern/feature. Independent sets of related classes within this component are: [CommandExecutedEvent]' [EventAggregator' EventSubscribers<TEvent>' IEventAggregator' IHandle' IHandleAsync]. LCC (Lack of Component Cohesion) = 0.33,NzbDrone.Core.Messaging.Events.CommandExecutedEvent,NzbDrone.Core.Messaging.Events.CommandExecutedEvent' NzbDrone.Core.Messaging.Events.EventAggregator' NzbDrone.Core.Messaging.Events.EventSubscribers<TEvent>' NzbDrone.Core.Messaging.Events.IEventAggregator' NzbDrone.Core.Messaging.Events.IHandle' NzbDrone.Core.Messaging.Events.IHandleAsync
Feature Concentration,Sonarr.Core,NzbDrone.Core.Notifications.Gotify,The tool detected the smell in this component because the component realizes more than one architectural concern/feature. Independent sets of related classes within this component are: [Gotify' IGotifyProxy' GotifyProxy' GotifySettings' GotifyPriority' GotifySettingsValidator]' [InvalidResponseException]. LCC (Lack of Component Cohesion) = 0.29,NzbDrone.Core.Notifications.Gotify.InvalidResponseException,NzbDrone.Core.Notifications.Gotify.Gotify' NzbDrone.Core.Notifications.Gotify.GotifyPriority' NzbDrone.Core.Notifications.Gotify.IGotifyProxy' NzbDrone.Core.Notifications.Gotify.GotifyProxy' NzbDrone.Core.Notifications.Gotify.GotifySettingsValidator' NzbDrone.Core.Notifications.Gotify.GotifySettings' NzbDrone.Core.Notifications.Gotify.InvalidResponseException
Feature Concentration,Sonarr.Core,NzbDrone.Core.Notifications.Plex.HomeTheater,The tool detected the smell in this component because the component realizes more than one architectural concern/feature. Independent sets of related classes within this component are: [PlexClient' IPlexClientService' PlexClientService' PlexClientSettings' PlexClientSettingsValidator]' [PlexHomeTheater' PlexHomeTheaterSettings]. LCC (Lack of Component Cohesion) = 0.29,NzbDrone.Core.Notifications.Plex.HomeTheater.PlexHomeTheater' NzbDrone.Core.Notifications.Plex.HomeTheater.PlexHomeTheaterSettings,NzbDrone.Core.Notifications.Plex.HomeTheater.PlexClient' NzbDrone.Core.Notifications.Plex.HomeTheater.IPlexClientService' NzbDrone.Core.Notifications.Plex.HomeTheater.PlexClientService' NzbDrone.Core.Notifications.Plex.HomeTheater.PlexClientSettingsValidator' NzbDrone.Core.Notifications.Plex.HomeTheater.PlexClientSettings' NzbDrone.Core.Notifications.Plex.HomeTheater.PlexHomeTheater' NzbDrone.Core.Notifications.Plex.HomeTheater.PlexHomeTheaterSettings
Feature Concentration,Sonarr.Core,NzbDrone.Core.Notifications.Plex.PlexTv,The tool detected the smell in this component because the component realizes more than one architectural concern/feature. Independent sets of related classes within this component are: [PlexTvPinResponse' PlexTvProxy' IPlexTvProxy]' [PlexTvPinUrlResponse' IPlexTvService' PlexTvService' PlexTvSignInUrlResponse]. LCC (Lack of Component Cohesion) = 0.29,NzbDrone.Core.Notifications.Plex.PlexTv.PlexTvPinResponse' NzbDrone.Core.Notifications.Plex.PlexTv.PlexTvProxy' NzbDrone.Core.Notifications.Plex.PlexTv.IPlexTvProxy,NzbDrone.Core.Notifications.Plex.PlexTv.PlexTvPinResponse' NzbDrone.Core.Notifications.Plex.PlexTv.PlexTvPinUrlResponse' NzbDrone.Core.Notifications.Plex.PlexTv.IPlexTvProxy' NzbDrone.Core.Notifications.Plex.PlexTv.PlexTvProxy' NzbDrone.Core.Notifications.Plex.PlexTv.IPlexTvService' NzbDrone.Core.Notifications.Plex.PlexTv.PlexTvService' NzbDrone.Core.Notifications.Plex.PlexTv.PlexTvSignInUrlResponse
Feature Concentration,Sonarr.Core,NzbDrone.Core.Notifications.Pushover,The tool detected the smell in this component because the component realizes more than one architectural concern/feature. Independent sets of related classes within this component are: [InvalidResponseException]' [Pushover' IPushoverProxy' PushoverProxy' PushoverSettings' PushoverPriority' PushoverSettingsValidator]. LCC (Lack of Component Cohesion) = 0.29,NzbDrone.Core.Notifications.Pushover.InvalidResponseException,NzbDrone.Core.Notifications.Pushover.InvalidResponseException' NzbDrone.Core.Notifications.Pushover.Pushover' NzbDrone.Core.Notifications.Pushover.PushoverPriority' NzbDrone.Core.Notifications.Pushover.IPushoverProxy' NzbDrone.Core.Notifications.Pushover.PushoverProxy' NzbDrone.Core.Notifications.Pushover.PushoverSettingsValidator' NzbDrone.Core.Notifications.Pushover.PushoverSettings
Feature Concentration,Sonarr.Core,NzbDrone.Core.Notifications.Telegram,The tool detected the smell in this component because the component realizes more than one architectural concern/feature. Independent sets of related classes within this component are: [InvalidResponseException]' [Telegram' ITelegramProxy' TelegramProxy' TelegramSettings' TelegramError' TelegramSettingsValidator]. LCC (Lack of Component Cohesion) = 0.29,NzbDrone.Core.Notifications.Telegram.InvalidResponseException,NzbDrone.Core.Notifications.Telegram.InvalidResponseException' NzbDrone.Core.Notifications.Telegram.Telegram' NzbDrone.Core.Notifications.Telegram.TelegramError' NzbDrone.Core.Notifications.Telegram.ITelegramProxy' NzbDrone.Core.Notifications.Telegram.TelegramProxy' NzbDrone.Core.Notifications.Telegram.TelegramSettingsValidator' NzbDrone.Core.Notifications.Telegram.TelegramSettings
Feature Concentration,Sonarr.Core,NzbDrone.Core.Notifications.Xbmc.Model,The tool detected the smell in this component because the component realizes more than one architectural concern/feature. Independent sets of related classes within this component are: [ActivePlayer' ActivePlayersEdenResult]' [ActivePlayersDharmaResult]' [ErrorResult]' [TvShow' TvShowResult' TvShowResponse]' [VersionResult]' [XbmcJsonResult<T>]' [XbmcVersion]. LCC (Lack of Component Cohesion) = 0.7,NzbDrone.Core.Notifications.Xbmc.Model.ActivePlayer' NzbDrone.Core.Notifications.Xbmc.Model.ActivePlayersEdenResult' NzbDrone.Core.Notifications.Xbmc.Model.ActivePlayersDharmaResult' NzbDrone.Core.Notifications.Xbmc.Model.ErrorResult' NzbDrone.Core.Notifications.Xbmc.Model.VersionResult' NzbDrone.Core.Notifications.Xbmc.Model.XbmcJsonResult<T>' NzbDrone.Core.Notifications.Xbmc.Model.XbmcVersion,NzbDrone.Core.Notifications.Xbmc.Model.ActivePlayer' NzbDrone.Core.Notifications.Xbmc.Model.ActivePlayersDharmaResult' NzbDrone.Core.Notifications.Xbmc.Model.ActivePlayersEdenResult' NzbDrone.Core.Notifications.Xbmc.Model.ErrorResult' NzbDrone.Core.Notifications.Xbmc.Model.TvShow' NzbDrone.Core.Notifications.Xbmc.Model.TvShowResponse' NzbDrone.Core.Notifications.Xbmc.Model.TvShowResult' NzbDrone.Core.Notifications.Xbmc.Model.VersionResult' NzbDrone.Core.Notifications.Xbmc.Model.XbmcJsonResult<T>' NzbDrone.Core.Notifications.Xbmc.Model.XbmcVersion
Feature Concentration,Sonarr.Core,NzbDrone.Core.Qualities,The tool detected the smell in this component because the component realizes more than one architectural concern/feature. Independent sets of related classes within this component are: [ProperDownloadTypes]' [QualitiesBelowCutoff]' [Quality' QualityDefinition' IQualityDefinitionRepository' QualityDefinitionRepository' IQualityDefinitionService' QualityDefinitionService' QualityFinder' QualityModel' QualityModelComparer' QualitySource' Revision' QualityDetectionSource]. LCC (Lack of Component Cohesion) = 0.21,NzbDrone.Core.Qualities.QualitiesBelowCutoff,NzbDrone.Core.Qualities.ProperDownloadTypes' NzbDrone.Core.Qualities.QualitiesBelowCutoff' NzbDrone.Core.Qualities.Quality' NzbDrone.Core.Qualities.QualityDefinition' NzbDrone.Core.Qualities.IQualityDefinitionRepository' NzbDrone.Core.Qualities.QualityDefinitionRepository' NzbDrone.Core.Qualities.IQualityDefinitionService' NzbDrone.Core.Qualities.QualityDefinitionService' NzbDrone.Core.Qualities.QualityDetectionSource' NzbDrone.Core.Qualities.QualityFinder' NzbDrone.Core.Qualities.QualityModel' NzbDrone.Core.Qualities.QualityModelComparer' NzbDrone.Core.Qualities.QualitySource' NzbDrone.Core.Qualities.Revision
Feature Concentration,Sonarr.Core,NzbDrone.Core.Queue,The tool detected the smell in this component because the component realizes more than one architectural concern/feature. Independent sets of related classes within this component are: [EstimatedCompletionTimeComparer]' [Queue' IQueueService' QueueService' QueueUpdatedEvent]' [TimeleftComparer]. LCC (Lack of Component Cohesion) = 0.5,NzbDrone.Core.Queue.EstimatedCompletionTimeComparer' NzbDrone.Core.Queue.TimeleftComparer,NzbDrone.Core.Queue.EstimatedCompletionTimeComparer' NzbDrone.Core.Queue.Queue' NzbDrone.Core.Queue.IQueueService' NzbDrone.Core.Queue.QueueService' NzbDrone.Core.Queue.QueueUpdatedEvent' NzbDrone.Core.Queue.TimeleftComparer
Feature Concentration,Sonarr.Core,NzbDrone.Core.Tv.Events,The tool detected the smell in this component because the component realizes more than one architectural concern/feature. Independent sets of related classes within this component are: [EpisodeInfoRefreshedEvent]' [SeriesAddedEvent]' [SeriesDeletedEvent]' [SeriesEditedEvent]' [SeriesImportedEvent]' [SeriesMovedEvent]' [SeriesRefreshStartingEvent]' [SeriesUpdatedEvent]. LCC (Lack of Component Cohesion) = 1,NzbDrone.Core.Tv.Events.SeriesAddedEvent' NzbDrone.Core.Tv.Events.SeriesDeletedEvent' NzbDrone.Core.Tv.Events.SeriesEditedEvent' NzbDrone.Core.Tv.Events.SeriesImportedEvent' NzbDrone.Core.Tv.Events.SeriesMovedEvent' NzbDrone.Core.Tv.Events.SeriesRefreshStartingEvent' NzbDrone.Core.Tv.Events.SeriesUpdatedEvent,NzbDrone.Core.Tv.Events.EpisodeInfoRefreshedEvent' NzbDrone.Core.Tv.Events.SeriesAddedEvent' NzbDrone.Core.Tv.Events.SeriesDeletedEvent' NzbDrone.Core.Tv.Events.SeriesEditedEvent' NzbDrone.Core.Tv.Events.SeriesImportedEvent' NzbDrone.Core.Tv.Events.SeriesMovedEvent' NzbDrone.Core.Tv.Events.SeriesRefreshStartingEvent' NzbDrone.Core.Tv.Events.SeriesUpdatedEvent
Feature Concentration,Sonarr.Core,NzbDrone.Core.Validation,The tool detected the smell in this component because the component realizes more than one architectural concern/feature. Independent sets of related classes within this component are: [FolderValidator]' [IpValidation]' [LanguageProfileExistsValidator]' [NzbDroneValidationExtensions' NzbDroneValidationFailure' NzbDroneValidationResult' NzbDroneValidationState' RuleBuilderExtensions]' [ProfileExistsValidator]' [UrlValidation' UrlValidator]. LCC (Lack of Component Cohesion) = 0.55,NzbDrone.Core.Validation.UrlValidation' NzbDrone.Core.Validation.UrlValidator' NzbDrone.Core.Validation.FolderValidator' NzbDrone.Core.Validation.IpValidation' NzbDrone.Core.Validation.LanguageProfileExistsValidator' NzbDrone.Core.Validation.ProfileExistsValidator,NzbDrone.Core.Validation.FolderValidator' NzbDrone.Core.Validation.IpValidation' NzbDrone.Core.Validation.LanguageProfileExistsValidator' NzbDrone.Core.Validation.NzbDroneValidationExtensions' NzbDrone.Core.Validation.NzbDroneValidationFailure' NzbDrone.Core.Validation.NzbDroneValidationResult' NzbDrone.Core.Validation.NzbDroneValidationState' NzbDrone.Core.Validation.ProfileExistsValidator' NzbDrone.Core.Validation.RuleBuilderExtensions' NzbDrone.Core.Validation.UrlValidation' NzbDrone.Core.Validation.UrlValidator
Feature Concentration,Sonarr.Core,NzbDrone.Core.Validation.Paths,The tool detected the smell in this component because the component realizes more than one architectural concern/feature. Independent sets of related classes within this component are: [FolderWritableValidator]' [MappedNetworkDriveValidator]' [PathExistsValidator]' [PathValidation' PathValidator]' [RootFolderValidator]' [SeriesAncestorValidator]' [SeriesExistsValidator]' [SeriesPathValidator]' [StartupFolderValidator]' [SystemFolderValidator]. LCC (Lack of Component Cohesion) = 0.91,NzbDrone.Core.Validation.Paths.FolderWritableValidator' NzbDrone.Core.Validation.Paths.MappedNetworkDriveValidator' NzbDrone.Core.Validation.Paths.PathExistsValidator' NzbDrone.Core.Validation.Paths.RootFolderValidator' NzbDrone.Core.Validation.Paths.SeriesAncestorValidator' NzbDrone.Core.Validation.Paths.SeriesExistsValidator' NzbDrone.Core.Validation.Paths.SeriesPathValidator' NzbDrone.Core.Validation.Paths.StartupFolderValidator' NzbDrone.Core.Validation.Paths.SystemFolderValidator,NzbDrone.Core.Validation.Paths.FolderWritableValidator' NzbDrone.Core.Validation.Paths.MappedNetworkDriveValidator' NzbDrone.Core.Validation.Paths.PathExistsValidator' NzbDrone.Core.Validation.Paths.PathValidation' NzbDrone.Core.Validation.Paths.PathValidator' NzbDrone.Core.Validation.Paths.RootFolderValidator' NzbDrone.Core.Validation.Paths.SeriesAncestorValidator' NzbDrone.Core.Validation.Paths.SeriesExistsValidator' NzbDrone.Core.Validation.Paths.SeriesPathValidator' NzbDrone.Core.Validation.Paths.StartupFolderValidator' NzbDrone.Core.Validation.Paths.SystemFolderValidator
Scattered Functionality,Sonarr.Core,NzbDrone.Core.DecisionEngine.Specifications,The tool detected the smell in this component because a set of two or more components realizes the same high-level architectural concern. Following components realize the same concern: NzbDrone.Core.Qualities' NzbDrone.Core.Languages,NzbDrone.Core.Qualities.QualityModelComparer' NzbDrone.Core.Qualities.Revision' NzbDrone.Core.Languages.LanguageComparer,NzbDrone.Core.Qualities.QualityModelComparer' NzbDrone.Core.Qualities.Revision' NzbDrone.Core.Languages.LanguageComparer
Scattered Functionality,Sonarr.Core,NzbDrone.Core.HealthCheck.Checks,The tool detected the smell in this component because a set of two or more components realizes the same high-level architectural concern. Following components realize the same concern: NzbDrone.Core.ThingiProvider' NzbDrone.Core.ThingiProvider.Status,NzbDrone.Core.ThingiProvider.IProviderFactory' NzbDrone.Core.ThingiProvider.Status.IProviderStatusServiceBase,NzbDrone.Core.ThingiProvider.IProviderFactory' NzbDrone.Core.ThingiProvider.Status.IProviderStatusServiceBase
Scattered Functionality,Sonarr.Core,NzbDrone.Core.IndexerSearch,The tool detected the smell in this component because a set of two or more components realizes the same high-level architectural concern. Following components realize the same concern: NzbDrone.Core.Tv' NzbDrone.Core.Queue,NzbDrone.Core.Tv.IEpisodeService' NzbDrone.Core.Queue.IQueueService' NzbDrone.Core.Tv.IEpisodeCutoffService,NzbDrone.Core.Tv.IEpisodeService' NzbDrone.Core.Queue.IQueueService' NzbDrone.Core.Tv.IEpisodeCutoffService
Scattered Functionality,Sonarr.Core,NzbDrone.Core.MediaFiles.EpisodeImport.Specifications,The tool detected the smell in this component because a set of two or more components realizes the same high-level architectural concern. Following components realize the same concern: NzbDrone.Core.DecisionEngine' NzbDrone.Core.Organizer,NzbDrone.Core.DecisionEngine.Decision' NzbDrone.Core.Organizer.IBuildFileNames,NzbDrone.Core.DecisionEngine.Decision' NzbDrone.Core.Organizer.IBuildFileNames
Scattered Functionality,Sonarr.Core,NzbDrone.Core.Parser,The tool detected the smell in this component because a set of two or more components realizes the same high-level architectural concern. Following components realize the same concern: NzbDrone.Core.Tv' NzbDrone.Core.DataAugmentation.Scene,NzbDrone.Core.Tv.ISeriesService' NzbDrone.Core.DataAugmentation.Scene.ISceneMappingService' NzbDrone.Core.Tv.IEpisodeService,NzbDrone.Core.Tv.ISeriesService' NzbDrone.Core.DataAugmentation.Scene.ISceneMappingService' NzbDrone.Core.Tv.IEpisodeService
Scattered Functionality,Sonarr.Core,NzbDrone.Core.Tags,The tool detected the smell in this component because a set of two or more components realizes the same high-level architectural concern. Following components realize the same concern: NzbDrone.Core.Profiles.Delay' NzbDrone.Core.ThingiProvider' NzbDrone.Core.Profiles.Releases' NzbDrone.Core.Tv,NzbDrone.Core.Profiles.Delay.IDelayProfileService' NzbDrone.Core.ThingiProvider.IProviderFactory' NzbDrone.Core.Profiles.Releases.IReleaseProfileService' NzbDrone.Core.Tv.ISeriesService,NzbDrone.Core.Profiles.Delay.IDelayProfileService' NzbDrone.Core.ThingiProvider.IProviderFactory' NzbDrone.Core.Profiles.Releases.IReleaseProfileService' NzbDrone.Core.Tv.ISeriesService
