Project,Namespace,Ca types,Ce types
HighEnergy.TreeView.Demo.WP81,HighEnergy.TreeView.Demo.WP81,,
