Design smell,Namespace,Class,File,Cause
Unutilized Abstraction,Acme.Northwind.EFDAL.Interfaces.Entity,IAlphabeticallistofproducts,C:\repos\nHydrate_nHydrate\Samples\Northwind\Acme.Northwind.EFDAL.Interfaces\Entity\IAlphabeticallistofproducts.cs,The tool detected the smell in this class because this class is potentially unused.   (Please ignore the smell if the reported class is auto-generated and/or used to serve a specific known purpose.)
Unnecessary Abstraction,Acme.Northwind.EFDAL.Interfaces.Entity,ICategorizedSales,C:\repos\nHydrate_nHydrate\Samples\Northwind\Acme.Northwind.EFDAL.Interfaces\Entity\ICategorizedSales.cs,The tool detected the smell in this class because the class contains only a few data members without any method implementation' that indicates that the abstraction might not be required. Following fields and properties are declared in this class: ProductName' TotalPurchase
Unutilized Abstraction,Acme.Northwind.EFDAL.Interfaces.Entity,ICategorizedSales,C:\repos\nHydrate_nHydrate\Samples\Northwind\Acme.Northwind.EFDAL.Interfaces\Entity\ICategorizedSales.cs,The tool detected the smell in this class because this class is potentially unused.   (Please ignore the smell if the reported class is auto-generated and/or used to serve a specific known purpose.)
Duplicate Abstraction,Acme.Northwind.EFDAL.Interfaces.Entity,ICategory,C:\repos\nHydrate_nHydrate\Samples\Northwind\Acme.Northwind.EFDAL.Interfaces\Entity\ICategory.cs,The tool detected the smell in this class because two or more abstractions have identical names. The abstractions with identical names are: Acme.Northwind.EFDAL.Interfaces.Entity.ICategory' Acme.Northwind.EFDAL.Interfaces.Entity.Metadata.ICategory
Unutilized Abstraction,Acme.Northwind.EFDAL.Interfaces.Entity,CategoryMetadata,C:\repos\nHydrate_nHydrate\Samples\Northwind\Acme.Northwind.EFDAL.Interfaces\Entity\ICategory.Generated.cs,The tool detected the smell in this class because this class is potentially unused.   (Please ignore the smell if the reported class is auto-generated and/or used to serve a specific known purpose.)
Duplicate Abstraction,Acme.Northwind.EFDAL.Interfaces.Entity,CategoryMetadata,C:\repos\nHydrate_nHydrate\Samples\Northwind\Acme.Northwind.EFDAL.Interfaces\Entity\ICategory.Generated.cs,The tool detected the smell in this class because two or more abstractions have identical names. The abstractions with identical names are: Acme.Northwind.EFDAL.Interfaces.Entity.CategoryMetadata' Acme.Northwind.EFDAL.Interfaces.Entity.Metadata.CategoryMetadata
Unnecessary Abstraction,Acme.Northwind.EFDAL.Interfaces.Entity,ICategorySalesfor1997,C:\repos\nHydrate_nHydrate\Samples\Northwind\Acme.Northwind.EFDAL.Interfaces\Entity\ICategorySalesfor1997.cs,The tool detected the smell in this class because the class contains only a few data members without any method implementation' that indicates that the abstraction might not be required. Following fields and properties are declared in this class: CategoryName' CategorySales
Unutilized Abstraction,Acme.Northwind.EFDAL.Interfaces.Entity,ICategorySalesfor1997,C:\repos\nHydrate_nHydrate\Samples\Northwind\Acme.Northwind.EFDAL.Interfaces\Entity\ICategorySalesfor1997.cs,The tool detected the smell in this class because this class is potentially unused.   (Please ignore the smell if the reported class is auto-generated and/or used to serve a specific known purpose.)
Unnecessary Abstraction,Acme.Northwind.EFDAL.Interfaces.Entity,ICurrentProductList,C:\repos\nHydrate_nHydrate\Samples\Northwind\Acme.Northwind.EFDAL.Interfaces\Entity\ICurrentProductList.cs,The tool detected the smell in this class because the class contains only a few data members without any method implementation' that indicates that the abstraction might not be required. Following fields and properties are declared in this class: ProductID' ProductName
Unutilized Abstraction,Acme.Northwind.EFDAL.Interfaces.Entity,ICurrentProductList,C:\repos\nHydrate_nHydrate\Samples\Northwind\Acme.Northwind.EFDAL.Interfaces\Entity\ICurrentProductList.cs,The tool detected the smell in this class because this class is potentially unused.   (Please ignore the smell if the reported class is auto-generated and/or used to serve a specific known purpose.)
Duplicate Abstraction,Acme.Northwind.EFDAL.Interfaces.Entity,ICustomer,C:\repos\nHydrate_nHydrate\Samples\Northwind\Acme.Northwind.EFDAL.Interfaces\Entity\ICustomer.cs,The tool detected the smell in this class because two or more abstractions have identical names. The abstractions with identical names are: Acme.Northwind.EFDAL.Interfaces.Entity.ICustomer' Acme.Northwind.EFDAL.Interfaces.Entity.Metadata.ICustomer
Unutilized Abstraction,Acme.Northwind.EFDAL.Interfaces.Entity,CustomerMetadata,C:\repos\nHydrate_nHydrate\Samples\Northwind\Acme.Northwind.EFDAL.Interfaces\Entity\ICustomer.Generated.cs,The tool detected the smell in this class because this class is potentially unused.   (Please ignore the smell if the reported class is auto-generated and/or used to serve a specific known purpose.)
Duplicate Abstraction,Acme.Northwind.EFDAL.Interfaces.Entity,CustomerMetadata,C:\repos\nHydrate_nHydrate\Samples\Northwind\Acme.Northwind.EFDAL.Interfaces\Entity\ICustomer.Generated.cs,The tool detected the smell in this class because two or more abstractions have identical names. The abstractions with identical names are: Acme.Northwind.EFDAL.Interfaces.Entity.CustomerMetadata' Acme.Northwind.EFDAL.Interfaces.Entity.Metadata.CustomerMetadata
Unnecessary Abstraction,Acme.Northwind.EFDAL.Interfaces.Entity,ICustomerandSuppliersbyCity,C:\repos\nHydrate_nHydrate\Samples\Northwind\Acme.Northwind.EFDAL.Interfaces\Entity\ICustomerandSuppliersbyCity.cs,The tool detected the smell in this class because the class contains only a few data members without any method implementation' that indicates that the abstraction might not be required. Following fields and properties are declared in this class: City' CompanyName' ContactName' Relationship
Unutilized Abstraction,Acme.Northwind.EFDAL.Interfaces.Entity,ICustomerandSuppliersbyCity,C:\repos\nHydrate_nHydrate\Samples\Northwind\Acme.Northwind.EFDAL.Interfaces\Entity\ICustomerandSuppliersbyCity.cs,The tool detected the smell in this class because this class is potentially unused.   (Please ignore the smell if the reported class is auto-generated and/or used to serve a specific known purpose.)
Duplicate Abstraction,Acme.Northwind.EFDAL.Interfaces.Entity,ICustomerCustomerDemo,C:\repos\nHydrate_nHydrate\Samples\Northwind\Acme.Northwind.EFDAL.Interfaces\Entity\ICustomerCustomerDemo.cs,The tool detected the smell in this class because two or more abstractions have identical names. The abstractions with identical names are: Acme.Northwind.EFDAL.Interfaces.Entity.ICustomerCustomerDemo' Acme.Northwind.EFDAL.Interfaces.Entity.Metadata.ICustomerCustomerDemo
Unutilized Abstraction,Acme.Northwind.EFDAL.Interfaces.Entity,CustomerCustomerDemoMetadata,C:\repos\nHydrate_nHydrate\Samples\Northwind\Acme.Northwind.EFDAL.Interfaces\Entity\ICustomerCustomerDemo.Generated.cs,The tool detected the smell in this class because this class is potentially unused.   (Please ignore the smell if the reported class is auto-generated and/or used to serve a specific known purpose.)
Duplicate Abstraction,Acme.Northwind.EFDAL.Interfaces.Entity,CustomerCustomerDemoMetadata,C:\repos\nHydrate_nHydrate\Samples\Northwind\Acme.Northwind.EFDAL.Interfaces\Entity\ICustomerCustomerDemo.Generated.cs,The tool detected the smell in this class because two or more abstractions have identical names. The abstractions with identical names are: Acme.Northwind.EFDAL.Interfaces.Entity.CustomerCustomerDemoMetadata' Acme.Northwind.EFDAL.Interfaces.Entity.Metadata.CustomerCustomerDemoMetadata
Duplicate Abstraction,Acme.Northwind.EFDAL.Interfaces.Entity,ICustomerDemographic,C:\repos\nHydrate_nHydrate\Samples\Northwind\Acme.Northwind.EFDAL.Interfaces\Entity\ICustomerDemographic.cs,The tool detected the smell in this class because two or more abstractions have identical names. The abstractions with identical names are: Acme.Northwind.EFDAL.Interfaces.Entity.ICustomerDemographic' Acme.Northwind.EFDAL.Interfaces.Entity.Metadata.ICustomerDemographic
Unutilized Abstraction,Acme.Northwind.EFDAL.Interfaces.Entity,CustomerDemographicMetadata,C:\repos\nHydrate_nHydrate\Samples\Northwind\Acme.Northwind.EFDAL.Interfaces\Entity\ICustomerDemographic.Generated.cs,The tool detected the smell in this class because this class is potentially unused.   (Please ignore the smell if the reported class is auto-generated and/or used to serve a specific known purpose.)
Duplicate Abstraction,Acme.Northwind.EFDAL.Interfaces.Entity,CustomerDemographicMetadata,C:\repos\nHydrate_nHydrate\Samples\Northwind\Acme.Northwind.EFDAL.Interfaces\Entity\ICustomerDemographic.Generated.cs,The tool detected the smell in this class because two or more abstractions have identical names. The abstractions with identical names are: Acme.Northwind.EFDAL.Interfaces.Entity.CustomerDemographicMetadata' Acme.Northwind.EFDAL.Interfaces.Entity.Metadata.CustomerDemographicMetadata
Unnecessary Abstraction,Acme.Northwind.EFDAL.Interfaces.Entity,ICustOrderHist,C:\repos\nHydrate_nHydrate\Samples\Northwind\Acme.Northwind.EFDAL.Interfaces\Entity\ICustOrderHist.cs,The tool detected the smell in this class because the class contains only a few data members without any method implementation' that indicates that the abstraction might not be required. Following fields and properties are declared in this class: ProductName' Total
Unutilized Abstraction,Acme.Northwind.EFDAL.Interfaces.Entity,ICustOrderHist,C:\repos\nHydrate_nHydrate\Samples\Northwind\Acme.Northwind.EFDAL.Interfaces\Entity\ICustOrderHist.cs,The tool detected the smell in this class because this class is potentially unused.   (Please ignore the smell if the reported class is auto-generated and/or used to serve a specific known purpose.)
Unnecessary Abstraction,Acme.Northwind.EFDAL.Interfaces.Entity,ICustOrdersDetail,C:\repos\nHydrate_nHydrate\Samples\Northwind\Acme.Northwind.EFDAL.Interfaces\Entity\ICustOrdersDetail.cs,The tool detected the smell in this class because the class contains only a few data members without any method implementation' that indicates that the abstraction might not be required. Following fields and properties are declared in this class: Discount' ExtendedPrice' ProductName' Quantity' UnitPrice
Unutilized Abstraction,Acme.Northwind.EFDAL.Interfaces.Entity,ICustOrdersDetail,C:\repos\nHydrate_nHydrate\Samples\Northwind\Acme.Northwind.EFDAL.Interfaces\Entity\ICustOrdersDetail.cs,The tool detected the smell in this class because this class is potentially unused.   (Please ignore the smell if the reported class is auto-generated and/or used to serve a specific known purpose.)
Unnecessary Abstraction,Acme.Northwind.EFDAL.Interfaces.Entity,ICustOrdersOrders,C:\repos\nHydrate_nHydrate\Samples\Northwind\Acme.Northwind.EFDAL.Interfaces\Entity\ICustOrdersOrders.cs,The tool detected the smell in this class because the class contains only a few data members without any method implementation' that indicates that the abstraction might not be required. Following fields and properties are declared in this class: OrderDate' OrderID' RequiredDate' ShippedDate
Unutilized Abstraction,Acme.Northwind.EFDAL.Interfaces.Entity,ICustOrdersOrders,C:\repos\nHydrate_nHydrate\Samples\Northwind\Acme.Northwind.EFDAL.Interfaces\Entity\ICustOrdersOrders.cs,The tool detected the smell in this class because this class is potentially unused.   (Please ignore the smell if the reported class is auto-generated and/or used to serve a specific known purpose.)
Duplicate Abstraction,Acme.Northwind.EFDAL.Interfaces.Entity,IEmployee,C:\repos\nHydrate_nHydrate\Samples\Northwind\Acme.Northwind.EFDAL.Interfaces\Entity\IEmployee.cs,The tool detected the smell in this class because two or more abstractions have identical names. The abstractions with identical names are: Acme.Northwind.EFDAL.Interfaces.Entity.IEmployee' Acme.Northwind.EFDAL.Interfaces.Entity.Metadata.IEmployee
Unutilized Abstraction,Acme.Northwind.EFDAL.Interfaces.Entity,EmployeeMetadata,C:\repos\nHydrate_nHydrate\Samples\Northwind\Acme.Northwind.EFDAL.Interfaces\Entity\IEmployee.Generated.cs,The tool detected the smell in this class because this class is potentially unused.   (Please ignore the smell if the reported class is auto-generated and/or used to serve a specific known purpose.)
Duplicate Abstraction,Acme.Northwind.EFDAL.Interfaces.Entity,EmployeeMetadata,C:\repos\nHydrate_nHydrate\Samples\Northwind\Acme.Northwind.EFDAL.Interfaces\Entity\IEmployee.Generated.cs,The tool detected the smell in this class because two or more abstractions have identical names. The abstractions with identical names are: Acme.Northwind.EFDAL.Interfaces.Entity.EmployeeMetadata' Acme.Northwind.EFDAL.Interfaces.Entity.Metadata.EmployeeMetadata
Unutilized Abstraction,Acme.Northwind.EFDAL.Interfaces.Entity,IEmployeeSalesbyCountry,C:\repos\nHydrate_nHydrate\Samples\Northwind\Acme.Northwind.EFDAL.Interfaces\Entity\IEmployeeSalesbyCountry.cs,The tool detected the smell in this class because this class is potentially unused.   (Please ignore the smell if the reported class is auto-generated and/or used to serve a specific known purpose.)
Duplicate Abstraction,Acme.Northwind.EFDAL.Interfaces.Entity,IEmployeeTerritorie,C:\repos\nHydrate_nHydrate\Samples\Northwind\Acme.Northwind.EFDAL.Interfaces\Entity\IEmployeeTerritorie.cs,The tool detected the smell in this class because two or more abstractions have identical names. The abstractions with identical names are: Acme.Northwind.EFDAL.Interfaces.Entity.IEmployeeTerritorie' Acme.Northwind.EFDAL.Interfaces.Entity.Metadata.IEmployeeTerritorie
Unutilized Abstraction,Acme.Northwind.EFDAL.Interfaces.Entity,EmployeeTerritorieMetadata,C:\repos\nHydrate_nHydrate\Samples\Northwind\Acme.Northwind.EFDAL.Interfaces\Entity\IEmployeeTerritorie.Generated.cs,The tool detected the smell in this class because this class is potentially unused.   (Please ignore the smell if the reported class is auto-generated and/or used to serve a specific known purpose.)
Duplicate Abstraction,Acme.Northwind.EFDAL.Interfaces.Entity,EmployeeTerritorieMetadata,C:\repos\nHydrate_nHydrate\Samples\Northwind\Acme.Northwind.EFDAL.Interfaces\Entity\IEmployeeTerritorie.Generated.cs,The tool detected the smell in this class because two or more abstractions have identical names. The abstractions with identical names are: Acme.Northwind.EFDAL.Interfaces.Entity.EmployeeTerritorieMetadata' Acme.Northwind.EFDAL.Interfaces.Entity.Metadata.EmployeeTerritorieMetadata
Unutilized Abstraction,Acme.Northwind.EFDAL.Interfaces.Entity,IInvoices,C:\repos\nHydrate_nHydrate\Samples\Northwind\Acme.Northwind.EFDAL.Interfaces\Entity\IInvoices.cs,The tool detected the smell in this class because this class is potentially unused.   (Please ignore the smell if the reported class is auto-generated and/or used to serve a specific known purpose.)
Duplicate Abstraction,Acme.Northwind.EFDAL.Interfaces.Entity,IOrder,C:\repos\nHydrate_nHydrate\Samples\Northwind\Acme.Northwind.EFDAL.Interfaces\Entity\IOrder.cs,The tool detected the smell in this class because two or more abstractions have identical names. The abstractions with identical names are: Acme.Northwind.EFDAL.Interfaces.Entity.IOrder' Acme.Northwind.EFDAL.Interfaces.Entity.Metadata.IOrder
Unutilized Abstraction,Acme.Northwind.EFDAL.Interfaces.Entity,OrderMetadata,C:\repos\nHydrate_nHydrate\Samples\Northwind\Acme.Northwind.EFDAL.Interfaces\Entity\IOrder.Generated.cs,The tool detected the smell in this class because this class is potentially unused.   (Please ignore the smell if the reported class is auto-generated and/or used to serve a specific known purpose.)
Duplicate Abstraction,Acme.Northwind.EFDAL.Interfaces.Entity,OrderMetadata,C:\repos\nHydrate_nHydrate\Samples\Northwind\Acme.Northwind.EFDAL.Interfaces\Entity\IOrder.Generated.cs,The tool detected the smell in this class because two or more abstractions have identical names. The abstractions with identical names are: Acme.Northwind.EFDAL.Interfaces.Entity.OrderMetadata' Acme.Northwind.EFDAL.Interfaces.Entity.Metadata.OrderMetadata
Duplicate Abstraction,Acme.Northwind.EFDAL.Interfaces.Entity,IOrderDetail,C:\repos\nHydrate_nHydrate\Samples\Northwind\Acme.Northwind.EFDAL.Interfaces\Entity\IOrderDetail.cs,The tool detected the smell in this class because two or more abstractions have identical names. The abstractions with identical names are: Acme.Northwind.EFDAL.Interfaces.Entity.IOrderDetail' Acme.Northwind.EFDAL.Interfaces.Entity.Metadata.IOrderDetail
Unutilized Abstraction,Acme.Northwind.EFDAL.Interfaces.Entity,OrderDetailMetadata,C:\repos\nHydrate_nHydrate\Samples\Northwind\Acme.Northwind.EFDAL.Interfaces\Entity\IOrderDetail.Generated.cs,The tool detected the smell in this class because this class is potentially unused.   (Please ignore the smell if the reported class is auto-generated and/or used to serve a specific known purpose.)
Duplicate Abstraction,Acme.Northwind.EFDAL.Interfaces.Entity,OrderDetailMetadata,C:\repos\nHydrate_nHydrate\Samples\Northwind\Acme.Northwind.EFDAL.Interfaces\Entity\IOrderDetail.Generated.cs,The tool detected the smell in this class because two or more abstractions have identical names. The abstractions with identical names are: Acme.Northwind.EFDAL.Interfaces.Entity.OrderDetailMetadata' Acme.Northwind.EFDAL.Interfaces.Entity.Metadata.OrderDetailMetadata
Unutilized Abstraction,Acme.Northwind.EFDAL.Interfaces.Entity,IOrderDetailsExtended,C:\repos\nHydrate_nHydrate\Samples\Northwind\Acme.Northwind.EFDAL.Interfaces\Entity\IOrderDetailsExtended.cs,The tool detected the smell in this class because this class is potentially unused.   (Please ignore the smell if the reported class is auto-generated and/or used to serve a specific known purpose.)
Unutilized Abstraction,Acme.Northwind.EFDAL.Interfaces.Entity,IOrdersQry,C:\repos\nHydrate_nHydrate\Samples\Northwind\Acme.Northwind.EFDAL.Interfaces\Entity\IOrdersQry.cs,The tool detected the smell in this class because this class is potentially unused.   (Please ignore the smell if the reported class is auto-generated and/or used to serve a specific known purpose.)
Unnecessary Abstraction,Acme.Northwind.EFDAL.Interfaces.Entity,IOrderSubtotals,C:\repos\nHydrate_nHydrate\Samples\Northwind\Acme.Northwind.EFDAL.Interfaces\Entity\IOrderSubtotals.cs,The tool detected the smell in this class because the class contains only a few data members without any method implementation' that indicates that the abstraction might not be required. Following fields and properties are declared in this class: OrderID' Subtotal
Unutilized Abstraction,Acme.Northwind.EFDAL.Interfaces.Entity,IOrderSubtotals,C:\repos\nHydrate_nHydrate\Samples\Northwind\Acme.Northwind.EFDAL.Interfaces\Entity\IOrderSubtotals.cs,The tool detected the smell in this class because this class is potentially unused.   (Please ignore the smell if the reported class is auto-generated and/or used to serve a specific known purpose.)
Duplicate Abstraction,Acme.Northwind.EFDAL.Interfaces.Entity,IProduct,C:\repos\nHydrate_nHydrate\Samples\Northwind\Acme.Northwind.EFDAL.Interfaces\Entity\IProduct.cs,The tool detected the smell in this class because two or more abstractions have identical names. The abstractions with identical names are: Acme.Northwind.EFDAL.Interfaces.Entity.IProduct' Acme.Northwind.EFDAL.Interfaces.Entity.Metadata.IProduct
Unutilized Abstraction,Acme.Northwind.EFDAL.Interfaces.Entity,ProductMetadata,C:\repos\nHydrate_nHydrate\Samples\Northwind\Acme.Northwind.EFDAL.Interfaces\Entity\IProduct.Generated.cs,The tool detected the smell in this class because this class is potentially unused.   (Please ignore the smell if the reported class is auto-generated and/or used to serve a specific known purpose.)
Duplicate Abstraction,Acme.Northwind.EFDAL.Interfaces.Entity,ProductMetadata,C:\repos\nHydrate_nHydrate\Samples\Northwind\Acme.Northwind.EFDAL.Interfaces\Entity\IProduct.Generated.cs,The tool detected the smell in this class because two or more abstractions have identical names. The abstractions with identical names are: Acme.Northwind.EFDAL.Interfaces.Entity.ProductMetadata' Acme.Northwind.EFDAL.Interfaces.Entity.Metadata.ProductMetadata
Unnecessary Abstraction,Acme.Northwind.EFDAL.Interfaces.Entity,IProductsAboveAveragePrice,C:\repos\nHydrate_nHydrate\Samples\Northwind\Acme.Northwind.EFDAL.Interfaces\Entity\IProductsAboveAveragePrice.cs,The tool detected the smell in this class because the class contains only a few data members without any method implementation' that indicates that the abstraction might not be required. Following fields and properties are declared in this class: ProductName' UnitPrice
Unutilized Abstraction,Acme.Northwind.EFDAL.Interfaces.Entity,IProductsAboveAveragePrice,C:\repos\nHydrate_nHydrate\Samples\Northwind\Acme.Northwind.EFDAL.Interfaces\Entity\IProductsAboveAveragePrice.cs,The tool detected the smell in this class because this class is potentially unused.   (Please ignore the smell if the reported class is auto-generated and/or used to serve a specific known purpose.)
Unnecessary Abstraction,Acme.Northwind.EFDAL.Interfaces.Entity,IProductSalesfor1997,C:\repos\nHydrate_nHydrate\Samples\Northwind\Acme.Northwind.EFDAL.Interfaces\Entity\IProductSalesfor1997.cs,The tool detected the smell in this class because the class contains only a few data members without any method implementation' that indicates that the abstraction might not be required. Following fields and properties are declared in this class: CategoryName' ProductName' ProductSales
Unutilized Abstraction,Acme.Northwind.EFDAL.Interfaces.Entity,IProductSalesfor1997,C:\repos\nHydrate_nHydrate\Samples\Northwind\Acme.Northwind.EFDAL.Interfaces\Entity\IProductSalesfor1997.cs,The tool detected the smell in this class because this class is potentially unused.   (Please ignore the smell if the reported class is auto-generated and/or used to serve a specific known purpose.)
Unnecessary Abstraction,Acme.Northwind.EFDAL.Interfaces.Entity,IProductsbyCategory,C:\repos\nHydrate_nHydrate\Samples\Northwind\Acme.Northwind.EFDAL.Interfaces\Entity\IProductsbyCategory.cs,The tool detected the smell in this class because the class contains only a few data members without any method implementation' that indicates that the abstraction might not be required. Following fields and properties are declared in this class: CategoryName' Discontinued' ProductName' QuantityPerUnit' UnitsInStock
Unutilized Abstraction,Acme.Northwind.EFDAL.Interfaces.Entity,IProductsbyCategory,C:\repos\nHydrate_nHydrate\Samples\Northwind\Acme.Northwind.EFDAL.Interfaces\Entity\IProductsbyCategory.cs,The tool detected the smell in this class because this class is potentially unused.   (Please ignore the smell if the reported class is auto-generated and/or used to serve a specific known purpose.)
Unnecessary Abstraction,Acme.Northwind.EFDAL.Interfaces.Entity,IQuarterlyOrders,C:\repos\nHydrate_nHydrate\Samples\Northwind\Acme.Northwind.EFDAL.Interfaces\Entity\IQuarterlyOrders.cs,The tool detected the smell in this class because the class contains only a few data members without any method implementation' that indicates that the abstraction might not be required. Following fields and properties are declared in this class: City' CompanyName' Country' CustomerID
Unutilized Abstraction,Acme.Northwind.EFDAL.Interfaces.Entity,IQuarterlyOrders,C:\repos\nHydrate_nHydrate\Samples\Northwind\Acme.Northwind.EFDAL.Interfaces\Entity\IQuarterlyOrders.cs,The tool detected the smell in this class because this class is potentially unused.   (Please ignore the smell if the reported class is auto-generated and/or used to serve a specific known purpose.)
Duplicate Abstraction,Acme.Northwind.EFDAL.Interfaces.Entity,IRegion,C:\repos\nHydrate_nHydrate\Samples\Northwind\Acme.Northwind.EFDAL.Interfaces\Entity\IRegion.cs,The tool detected the smell in this class because two or more abstractions have identical names. The abstractions with identical names are: Acme.Northwind.EFDAL.Interfaces.Entity.IRegion' Acme.Northwind.EFDAL.Interfaces.Entity.Metadata.IRegion
Unutilized Abstraction,Acme.Northwind.EFDAL.Interfaces.Entity,RegionMetadata,C:\repos\nHydrate_nHydrate\Samples\Northwind\Acme.Northwind.EFDAL.Interfaces\Entity\IRegion.Generated.cs,The tool detected the smell in this class because this class is potentially unused.   (Please ignore the smell if the reported class is auto-generated and/or used to serve a specific known purpose.)
Duplicate Abstraction,Acme.Northwind.EFDAL.Interfaces.Entity,RegionMetadata,C:\repos\nHydrate_nHydrate\Samples\Northwind\Acme.Northwind.EFDAL.Interfaces\Entity\IRegion.Generated.cs,The tool detected the smell in this class because two or more abstractions have identical names. The abstractions with identical names are: Acme.Northwind.EFDAL.Interfaces.Entity.RegionMetadata' Acme.Northwind.EFDAL.Interfaces.Entity.Metadata.RegionMetadata
Unnecessary Abstraction,Acme.Northwind.EFDAL.Interfaces.Entity,ISalesbyCategory,C:\repos\nHydrate_nHydrate\Samples\Northwind\Acme.Northwind.EFDAL.Interfaces\Entity\ISalesbyCategory.cs,The tool detected the smell in this class because the class contains only a few data members without any method implementation' that indicates that the abstraction might not be required. Following fields and properties are declared in this class: CategoryID' CategoryName' ProductName' ProductSales
Unutilized Abstraction,Acme.Northwind.EFDAL.Interfaces.Entity,ISalesbyCategory,C:\repos\nHydrate_nHydrate\Samples\Northwind\Acme.Northwind.EFDAL.Interfaces\Entity\ISalesbyCategory.cs,The tool detected the smell in this class because this class is potentially unused.   (Please ignore the smell if the reported class is auto-generated and/or used to serve a specific known purpose.)
Unnecessary Abstraction,Acme.Northwind.EFDAL.Interfaces.Entity,ISalesbyYear,C:\repos\nHydrate_nHydrate\Samples\Northwind\Acme.Northwind.EFDAL.Interfaces\Entity\ISalesbyYear.cs,The tool detected the smell in this class because the class contains only a few data members without any method implementation' that indicates that the abstraction might not be required. Following fields and properties are declared in this class: OrderID' ShippedDate' Subtotal' Year
Unutilized Abstraction,Acme.Northwind.EFDAL.Interfaces.Entity,ISalesbyYear,C:\repos\nHydrate_nHydrate\Samples\Northwind\Acme.Northwind.EFDAL.Interfaces\Entity\ISalesbyYear.cs,The tool detected the smell in this class because this class is potentially unused.   (Please ignore the smell if the reported class is auto-generated and/or used to serve a specific known purpose.)
Unnecessary Abstraction,Acme.Northwind.EFDAL.Interfaces.Entity,ISalesTotalsbyAmount,C:\repos\nHydrate_nHydrate\Samples\Northwind\Acme.Northwind.EFDAL.Interfaces\Entity\ISalesTotalsbyAmount.cs,The tool detected the smell in this class because the class contains only a few data members without any method implementation' that indicates that the abstraction might not be required. Following fields and properties are declared in this class: CompanyName' OrderID' SaleAmount' ShippedDate
Unutilized Abstraction,Acme.Northwind.EFDAL.Interfaces.Entity,ISalesTotalsbyAmount,C:\repos\nHydrate_nHydrate\Samples\Northwind\Acme.Northwind.EFDAL.Interfaces\Entity\ISalesTotalsbyAmount.cs,The tool detected the smell in this class because this class is potentially unused.   (Please ignore the smell if the reported class is auto-generated and/or used to serve a specific known purpose.)
Duplicate Abstraction,Acme.Northwind.EFDAL.Interfaces.Entity,IShipper,C:\repos\nHydrate_nHydrate\Samples\Northwind\Acme.Northwind.EFDAL.Interfaces\Entity\IShipper.cs,The tool detected the smell in this class because two or more abstractions have identical names. The abstractions with identical names are: Acme.Northwind.EFDAL.Interfaces.Entity.IShipper' Acme.Northwind.EFDAL.Interfaces.Entity.Metadata.IShipper
Unutilized Abstraction,Acme.Northwind.EFDAL.Interfaces.Entity,ShipperMetadata,C:\repos\nHydrate_nHydrate\Samples\Northwind\Acme.Northwind.EFDAL.Interfaces\Entity\IShipper.Generated.cs,The tool detected the smell in this class because this class is potentially unused.   (Please ignore the smell if the reported class is auto-generated and/or used to serve a specific known purpose.)
Duplicate Abstraction,Acme.Northwind.EFDAL.Interfaces.Entity,ShipperMetadata,C:\repos\nHydrate_nHydrate\Samples\Northwind\Acme.Northwind.EFDAL.Interfaces\Entity\IShipper.Generated.cs,The tool detected the smell in this class because two or more abstractions have identical names. The abstractions with identical names are: Acme.Northwind.EFDAL.Interfaces.Entity.ShipperMetadata' Acme.Northwind.EFDAL.Interfaces.Entity.Metadata.ShipperMetadata
Unnecessary Abstraction,Acme.Northwind.EFDAL.Interfaces.Entity,ISummaryofSalesbyQuarter,C:\repos\nHydrate_nHydrate\Samples\Northwind\Acme.Northwind.EFDAL.Interfaces\Entity\ISummaryofSalesbyQuarter.cs,The tool detected the smell in this class because the class contains only a few data members without any method implementation' that indicates that the abstraction might not be required. Following fields and properties are declared in this class: OrderID' ShippedDate' Subtotal
Unutilized Abstraction,Acme.Northwind.EFDAL.Interfaces.Entity,ISummaryofSalesbyQuarter,C:\repos\nHydrate_nHydrate\Samples\Northwind\Acme.Northwind.EFDAL.Interfaces\Entity\ISummaryofSalesbyQuarter.cs,The tool detected the smell in this class because this class is potentially unused.   (Please ignore the smell if the reported class is auto-generated and/or used to serve a specific known purpose.)
Unnecessary Abstraction,Acme.Northwind.EFDAL.Interfaces.Entity,ISummaryofSalesbyYear,C:\repos\nHydrate_nHydrate\Samples\Northwind\Acme.Northwind.EFDAL.Interfaces\Entity\ISummaryofSalesbyYear.cs,The tool detected the smell in this class because the class contains only a few data members without any method implementation' that indicates that the abstraction might not be required. Following fields and properties are declared in this class: OrderID' ShippedDate' Subtotal
Unutilized Abstraction,Acme.Northwind.EFDAL.Interfaces.Entity,ISummaryofSalesbyYear,C:\repos\nHydrate_nHydrate\Samples\Northwind\Acme.Northwind.EFDAL.Interfaces\Entity\ISummaryofSalesbyYear.cs,The tool detected the smell in this class because this class is potentially unused.   (Please ignore the smell if the reported class is auto-generated and/or used to serve a specific known purpose.)
Duplicate Abstraction,Acme.Northwind.EFDAL.Interfaces.Entity,ISupplier,C:\repos\nHydrate_nHydrate\Samples\Northwind\Acme.Northwind.EFDAL.Interfaces\Entity\ISupplier.cs,The tool detected the smell in this class because two or more abstractions have identical names. The abstractions with identical names are: Acme.Northwind.EFDAL.Interfaces.Entity.ISupplier' Acme.Northwind.EFDAL.Interfaces.Entity.Metadata.ISupplier
Unutilized Abstraction,Acme.Northwind.EFDAL.Interfaces.Entity,SupplierMetadata,C:\repos\nHydrate_nHydrate\Samples\Northwind\Acme.Northwind.EFDAL.Interfaces\Entity\ISupplier.Generated.cs,The tool detected the smell in this class because this class is potentially unused.   (Please ignore the smell if the reported class is auto-generated and/or used to serve a specific known purpose.)
Duplicate Abstraction,Acme.Northwind.EFDAL.Interfaces.Entity,SupplierMetadata,C:\repos\nHydrate_nHydrate\Samples\Northwind\Acme.Northwind.EFDAL.Interfaces\Entity\ISupplier.Generated.cs,The tool detected the smell in this class because two or more abstractions have identical names. The abstractions with identical names are: Acme.Northwind.EFDAL.Interfaces.Entity.SupplierMetadata' Acme.Northwind.EFDAL.Interfaces.Entity.Metadata.SupplierMetadata
Unnecessary Abstraction,Acme.Northwind.EFDAL.Interfaces.Entity,ITenMostExpensiveProducts,C:\repos\nHydrate_nHydrate\Samples\Northwind\Acme.Northwind.EFDAL.Interfaces\Entity\ITenMostExpensiveProducts.cs,The tool detected the smell in this class because the class contains only a few data members without any method implementation' that indicates that the abstraction might not be required. Following fields and properties are declared in this class: Products' UnitPrice
Unutilized Abstraction,Acme.Northwind.EFDAL.Interfaces.Entity,ITenMostExpensiveProducts,C:\repos\nHydrate_nHydrate\Samples\Northwind\Acme.Northwind.EFDAL.Interfaces\Entity\ITenMostExpensiveProducts.cs,The tool detected the smell in this class because this class is potentially unused.   (Please ignore the smell if the reported class is auto-generated and/or used to serve a specific known purpose.)
Duplicate Abstraction,Acme.Northwind.EFDAL.Interfaces.Entity,ITerritory,C:\repos\nHydrate_nHydrate\Samples\Northwind\Acme.Northwind.EFDAL.Interfaces\Entity\ITerritory.cs,The tool detected the smell in this class because two or more abstractions have identical names. The abstractions with identical names are: Acme.Northwind.EFDAL.Interfaces.Entity.ITerritory' Acme.Northwind.EFDAL.Interfaces.Entity.Metadata.ITerritory
Unutilized Abstraction,Acme.Northwind.EFDAL.Interfaces.Entity,TerritoryMetadata,C:\repos\nHydrate_nHydrate\Samples\Northwind\Acme.Northwind.EFDAL.Interfaces\Entity\ITerritory.Generated.cs,The tool detected the smell in this class because this class is potentially unused.   (Please ignore the smell if the reported class is auto-generated and/or used to serve a specific known purpose.)
Duplicate Abstraction,Acme.Northwind.EFDAL.Interfaces.Entity,TerritoryMetadata,C:\repos\nHydrate_nHydrate\Samples\Northwind\Acme.Northwind.EFDAL.Interfaces\Entity\ITerritory.Generated.cs,The tool detected the smell in this class because two or more abstractions have identical names. The abstractions with identical names are: Acme.Northwind.EFDAL.Interfaces.Entity.TerritoryMetadata' Acme.Northwind.EFDAL.Interfaces.Entity.Metadata.TerritoryMetadata
Unutilized Abstraction,Acme.Northwind.EFDAL.Interfaces.Entity.Metadata,ICategory,C:\repos\nHydrate_nHydrate\Samples\Northwind\Acme.Northwind.EFDAL.Interfaces\Entity\ICategory.Generated.cs,The tool detected the smell in this class because this class is potentially unused.   (Please ignore the smell if the reported class is auto-generated and/or used to serve a specific known purpose.)
Unutilized Abstraction,Acme.Northwind.EFDAL.Interfaces.Entity.Metadata,CategoryMetadata,C:\repos\nHydrate_nHydrate\Samples\Northwind\Acme.Northwind.EFDAL.Interfaces\Entity\ICategory.Generated.cs,The tool detected the smell in this class because this class is potentially unused.   (Please ignore the smell if the reported class is auto-generated and/or used to serve a specific known purpose.)
Unutilized Abstraction,Acme.Northwind.EFDAL.Interfaces.Entity.Metadata,ICustomer,C:\repos\nHydrate_nHydrate\Samples\Northwind\Acme.Northwind.EFDAL.Interfaces\Entity\ICustomer.Generated.cs,The tool detected the smell in this class because this class is potentially unused.   (Please ignore the smell if the reported class is auto-generated and/or used to serve a specific known purpose.)
Unutilized Abstraction,Acme.Northwind.EFDAL.Interfaces.Entity.Metadata,CustomerMetadata,C:\repos\nHydrate_nHydrate\Samples\Northwind\Acme.Northwind.EFDAL.Interfaces\Entity\ICustomer.Generated.cs,The tool detected the smell in this class because this class is potentially unused.   (Please ignore the smell if the reported class is auto-generated and/or used to serve a specific known purpose.)
Unutilized Abstraction,Acme.Northwind.EFDAL.Interfaces.Entity.Metadata,ICustomerCustomerDemo,C:\repos\nHydrate_nHydrate\Samples\Northwind\Acme.Northwind.EFDAL.Interfaces\Entity\ICustomerCustomerDemo.Generated.cs,The tool detected the smell in this class because this class is potentially unused.   (Please ignore the smell if the reported class is auto-generated and/or used to serve a specific known purpose.)
Unutilized Abstraction,Acme.Northwind.EFDAL.Interfaces.Entity.Metadata,CustomerCustomerDemoMetadata,C:\repos\nHydrate_nHydrate\Samples\Northwind\Acme.Northwind.EFDAL.Interfaces\Entity\ICustomerCustomerDemo.Generated.cs,The tool detected the smell in this class because this class is potentially unused.   (Please ignore the smell if the reported class is auto-generated and/or used to serve a specific known purpose.)
Unutilized Abstraction,Acme.Northwind.EFDAL.Interfaces.Entity.Metadata,ICustomerDemographic,C:\repos\nHydrate_nHydrate\Samples\Northwind\Acme.Northwind.EFDAL.Interfaces\Entity\ICustomerDemographic.Generated.cs,The tool detected the smell in this class because this class is potentially unused.   (Please ignore the smell if the reported class is auto-generated and/or used to serve a specific known purpose.)
Unutilized Abstraction,Acme.Northwind.EFDAL.Interfaces.Entity.Metadata,CustomerDemographicMetadata,C:\repos\nHydrate_nHydrate\Samples\Northwind\Acme.Northwind.EFDAL.Interfaces\Entity\ICustomerDemographic.Generated.cs,The tool detected the smell in this class because this class is potentially unused.   (Please ignore the smell if the reported class is auto-generated and/or used to serve a specific known purpose.)
Unutilized Abstraction,Acme.Northwind.EFDAL.Interfaces.Entity.Metadata,IEmployee,C:\repos\nHydrate_nHydrate\Samples\Northwind\Acme.Northwind.EFDAL.Interfaces\Entity\IEmployee.Generated.cs,The tool detected the smell in this class because this class is potentially unused.   (Please ignore the smell if the reported class is auto-generated and/or used to serve a specific known purpose.)
Unutilized Abstraction,Acme.Northwind.EFDAL.Interfaces.Entity.Metadata,EmployeeMetadata,C:\repos\nHydrate_nHydrate\Samples\Northwind\Acme.Northwind.EFDAL.Interfaces\Entity\IEmployee.Generated.cs,The tool detected the smell in this class because this class is potentially unused.   (Please ignore the smell if the reported class is auto-generated and/or used to serve a specific known purpose.)
Unutilized Abstraction,Acme.Northwind.EFDAL.Interfaces.Entity.Metadata,IEmployeeTerritorie,C:\repos\nHydrate_nHydrate\Samples\Northwind\Acme.Northwind.EFDAL.Interfaces\Entity\IEmployeeTerritorie.Generated.cs,The tool detected the smell in this class because this class is potentially unused.   (Please ignore the smell if the reported class is auto-generated and/or used to serve a specific known purpose.)
Unutilized Abstraction,Acme.Northwind.EFDAL.Interfaces.Entity.Metadata,EmployeeTerritorieMetadata,C:\repos\nHydrate_nHydrate\Samples\Northwind\Acme.Northwind.EFDAL.Interfaces\Entity\IEmployeeTerritorie.Generated.cs,The tool detected the smell in this class because this class is potentially unused.   (Please ignore the smell if the reported class is auto-generated and/or used to serve a specific known purpose.)
Unutilized Abstraction,Acme.Northwind.EFDAL.Interfaces.Entity.Metadata,IOrder,C:\repos\nHydrate_nHydrate\Samples\Northwind\Acme.Northwind.EFDAL.Interfaces\Entity\IOrder.Generated.cs,The tool detected the smell in this class because this class is potentially unused.   (Please ignore the smell if the reported class is auto-generated and/or used to serve a specific known purpose.)
Unutilized Abstraction,Acme.Northwind.EFDAL.Interfaces.Entity.Metadata,OrderMetadata,C:\repos\nHydrate_nHydrate\Samples\Northwind\Acme.Northwind.EFDAL.Interfaces\Entity\IOrder.Generated.cs,The tool detected the smell in this class because this class is potentially unused.   (Please ignore the smell if the reported class is auto-generated and/or used to serve a specific known purpose.)
Unutilized Abstraction,Acme.Northwind.EFDAL.Interfaces.Entity.Metadata,IOrderDetail,C:\repos\nHydrate_nHydrate\Samples\Northwind\Acme.Northwind.EFDAL.Interfaces\Entity\IOrderDetail.Generated.cs,The tool detected the smell in this class because this class is potentially unused.   (Please ignore the smell if the reported class is auto-generated and/or used to serve a specific known purpose.)
Unutilized Abstraction,Acme.Northwind.EFDAL.Interfaces.Entity.Metadata,OrderDetailMetadata,C:\repos\nHydrate_nHydrate\Samples\Northwind\Acme.Northwind.EFDAL.Interfaces\Entity\IOrderDetail.Generated.cs,The tool detected the smell in this class because this class is potentially unused.   (Please ignore the smell if the reported class is auto-generated and/or used to serve a specific known purpose.)
Unutilized Abstraction,Acme.Northwind.EFDAL.Interfaces.Entity.Metadata,IProduct,C:\repos\nHydrate_nHydrate\Samples\Northwind\Acme.Northwind.EFDAL.Interfaces\Entity\IProduct.Generated.cs,The tool detected the smell in this class because this class is potentially unused.   (Please ignore the smell if the reported class is auto-generated and/or used to serve a specific known purpose.)
Unutilized Abstraction,Acme.Northwind.EFDAL.Interfaces.Entity.Metadata,ProductMetadata,C:\repos\nHydrate_nHydrate\Samples\Northwind\Acme.Northwind.EFDAL.Interfaces\Entity\IProduct.Generated.cs,The tool detected the smell in this class because this class is potentially unused.   (Please ignore the smell if the reported class is auto-generated and/or used to serve a specific known purpose.)
Unutilized Abstraction,Acme.Northwind.EFDAL.Interfaces.Entity.Metadata,IRegion,C:\repos\nHydrate_nHydrate\Samples\Northwind\Acme.Northwind.EFDAL.Interfaces\Entity\IRegion.Generated.cs,The tool detected the smell in this class because this class is potentially unused.   (Please ignore the smell if the reported class is auto-generated and/or used to serve a specific known purpose.)
Unutilized Abstraction,Acme.Northwind.EFDAL.Interfaces.Entity.Metadata,RegionMetadata,C:\repos\nHydrate_nHydrate\Samples\Northwind\Acme.Northwind.EFDAL.Interfaces\Entity\IRegion.Generated.cs,The tool detected the smell in this class because this class is potentially unused.   (Please ignore the smell if the reported class is auto-generated and/or used to serve a specific known purpose.)
Unutilized Abstraction,Acme.Northwind.EFDAL.Interfaces.Entity.Metadata,IShipper,C:\repos\nHydrate_nHydrate\Samples\Northwind\Acme.Northwind.EFDAL.Interfaces\Entity\IShipper.Generated.cs,The tool detected the smell in this class because this class is potentially unused.   (Please ignore the smell if the reported class is auto-generated and/or used to serve a specific known purpose.)
Unutilized Abstraction,Acme.Northwind.EFDAL.Interfaces.Entity.Metadata,ShipperMetadata,C:\repos\nHydrate_nHydrate\Samples\Northwind\Acme.Northwind.EFDAL.Interfaces\Entity\IShipper.Generated.cs,The tool detected the smell in this class because this class is potentially unused.   (Please ignore the smell if the reported class is auto-generated and/or used to serve a specific known purpose.)
Unutilized Abstraction,Acme.Northwind.EFDAL.Interfaces.Entity.Metadata,ISupplier,C:\repos\nHydrate_nHydrate\Samples\Northwind\Acme.Northwind.EFDAL.Interfaces\Entity\ISupplier.Generated.cs,The tool detected the smell in this class because this class is potentially unused.   (Please ignore the smell if the reported class is auto-generated and/or used to serve a specific known purpose.)
Unutilized Abstraction,Acme.Northwind.EFDAL.Interfaces.Entity.Metadata,SupplierMetadata,C:\repos\nHydrate_nHydrate\Samples\Northwind\Acme.Northwind.EFDAL.Interfaces\Entity\ISupplier.Generated.cs,The tool detected the smell in this class because this class is potentially unused.   (Please ignore the smell if the reported class is auto-generated and/or used to serve a specific known purpose.)
Unutilized Abstraction,Acme.Northwind.EFDAL.Interfaces.Entity.Metadata,ITerritory,C:\repos\nHydrate_nHydrate\Samples\Northwind\Acme.Northwind.EFDAL.Interfaces\Entity\ITerritory.Generated.cs,The tool detected the smell in this class because this class is potentially unused.   (Please ignore the smell if the reported class is auto-generated and/or used to serve a specific known purpose.)
Unutilized Abstraction,Acme.Northwind.EFDAL.Interfaces.Entity.Metadata,TerritoryMetadata,C:\repos\nHydrate_nHydrate\Samples\Northwind\Acme.Northwind.EFDAL.Interfaces\Entity\ITerritory.Generated.cs,The tool detected the smell in this class because this class is potentially unused.   (Please ignore the smell if the reported class is auto-generated and/or used to serve a specific known purpose.)
Unutilized Abstraction,Acme.Northwind.EFDAL.Interfaces,INorthwindEntities,C:\repos\nHydrate_nHydrate\Samples\Northwind\Acme.Northwind.EFDAL.Interfaces\INorthwindEntities.cs,The tool detected the smell in this class because this class is potentially unused.   (Please ignore the smell if the reported class is auto-generated and/or used to serve a specific known purpose.)
Unnecessary Abstraction,Acme.Northwind.EFDAL.Interfaces,IMetadata,C:\repos\nHydrate_nHydrate\Samples\Northwind\Acme.Northwind.EFDAL.Interfaces\INorthwindEntities.Generated.cs,The tool detected the smell in this class because the class contains only a few data members without any method implementation' that indicates that the abstraction might not be required. Following fields and properties are declared in this class: 
Unutilized Abstraction,Acme.Northwind.EFDAL.Interfaces,IMetadata,C:\repos\nHydrate_nHydrate\Samples\Northwind\Acme.Northwind.EFDAL.Interfaces\INorthwindEntities.Generated.cs,The tool detected the smell in this class because this class is potentially unused.   (Please ignore the smell if the reported class is auto-generated and/or used to serve a specific known purpose.)
Unnecessary Abstraction,Acme.Northwind.EFDAL.Interfaces,IDTO,C:\repos\nHydrate_nHydrate\Samples\Northwind\Acme.Northwind.EFDAL.Interfaces\INorthwindEntities.Generated.cs,The tool detected the smell in this class because the class contains only a few data members without any method implementation' that indicates that the abstraction might not be required. Following fields and properties are declared in this class: 
Unutilized Abstraction,Acme.Northwind.EFDAL.Interfaces,IDTO,C:\repos\nHydrate_nHydrate\Samples\Northwind\Acme.Northwind.EFDAL.Interfaces\INorthwindEntities.Generated.cs,The tool detected the smell in this class because this class is potentially unused.   (Please ignore the smell if the reported class is auto-generated and/or used to serve a specific known purpose.)
Deficient Encapsulation,Acme.Northwind.EFDAL.Interfaces.Entity,CategoryMetadata,C:\repos\nHydrate_nHydrate\Samples\Northwind\Acme.Northwind.EFDAL.Interfaces\Entity\ICategory.Generated.cs,The tool detected the smell in this class because the class exposes fields belonging to it with public accessibility. Following fields are declared with public accessiblity: CategoryID' CategoryName' Description' Picture' CreatedBy' CreatedDate' ModifiedBy' ModifiedDate' Timestamp
Deficient Encapsulation,Acme.Northwind.EFDAL.Interfaces.Entity,CustomerMetadata,C:\repos\nHydrate_nHydrate\Samples\Northwind\Acme.Northwind.EFDAL.Interfaces\Entity\ICustomer.Generated.cs,The tool detected the smell in this class because the class exposes fields belonging to it with public accessibility. Following fields are declared with public accessiblity: Address' City' CompanyName' ContactName' ContactTitle' Country' CustomerID' Fax' Phone' PostalCode' Region' CreatedBy' CreatedDate' ModifiedBy' ModifiedDate' Timestamp
Deficient Encapsulation,Acme.Northwind.EFDAL.Interfaces.Entity,CustomerCustomerDemoMetadata,C:\repos\nHydrate_nHydrate\Samples\Northwind\Acme.Northwind.EFDAL.Interfaces\Entity\ICustomerCustomerDemo.Generated.cs,The tool detected the smell in this class because the class exposes fields belonging to it with public accessibility. Following fields are declared with public accessiblity: CustomerID' CustomerTypeID' CreatedBy' CreatedDate' ModifiedBy' ModifiedDate' Timestamp
Deficient Encapsulation,Acme.Northwind.EFDAL.Interfaces.Entity,CustomerDemographicMetadata,C:\repos\nHydrate_nHydrate\Samples\Northwind\Acme.Northwind.EFDAL.Interfaces\Entity\ICustomerDemographic.Generated.cs,The tool detected the smell in this class because the class exposes fields belonging to it with public accessibility. Following fields are declared with public accessiblity: CustomerDesc' CustomerTypeID' CreatedBy' CreatedDate' ModifiedBy' ModifiedDate' Timestamp
Deficient Encapsulation,Acme.Northwind.EFDAL.Interfaces.Entity,EmployeeMetadata,C:\repos\nHydrate_nHydrate\Samples\Northwind\Acme.Northwind.EFDAL.Interfaces\Entity\IEmployee.Generated.cs,The tool detected the smell in this class because the class exposes fields belonging to it with public accessibility. Following fields are declared with public accessiblity: Address' BirthDate' City' Country' EmployeeID' Extension' FirstName' HireDate' HomePhone' LastName' Notes' Photo' PhotoPath' PostalCode' Region' ReportsTo' Title' TitleOfCourtesy' CreatedBy' CreatedDate' ModifiedBy' ModifiedDate' Timestamp
Deficient Encapsulation,Acme.Northwind.EFDAL.Interfaces.Entity,EmployeeTerritorieMetadata,C:\repos\nHydrate_nHydrate\Samples\Northwind\Acme.Northwind.EFDAL.Interfaces\Entity\IEmployeeTerritorie.Generated.cs,The tool detected the smell in this class because the class exposes fields belonging to it with public accessibility. Following fields are declared with public accessiblity: EmployeeID' TerritoryID' CreatedBy' CreatedDate' ModifiedBy' ModifiedDate' Timestamp
Deficient Encapsulation,Acme.Northwind.EFDAL.Interfaces.Entity,OrderMetadata,C:\repos\nHydrate_nHydrate\Samples\Northwind\Acme.Northwind.EFDAL.Interfaces\Entity\IOrder.Generated.cs,The tool detected the smell in this class because the class exposes fields belonging to it with public accessibility. Following fields are declared with public accessiblity: CustomerID' EmployeeID' Freight' OrderDate' OrderID' RequiredDate' ShipAddress' ShipCity' ShipCountry' ShipName' ShippedDate' ShipPostalCode' ShipRegion' ShipVia' CreatedBy' CreatedDate' ModifiedBy' ModifiedDate' Timestamp
Deficient Encapsulation,Acme.Northwind.EFDAL.Interfaces.Entity,OrderDetailMetadata,C:\repos\nHydrate_nHydrate\Samples\Northwind\Acme.Northwind.EFDAL.Interfaces\Entity\IOrderDetail.Generated.cs,The tool detected the smell in this class because the class exposes fields belonging to it with public accessibility. Following fields are declared with public accessiblity: Discount' OrderID' ProductID' Quantity' UnitPrice' CreatedBy' CreatedDate' ModifiedBy' ModifiedDate' Timestamp
Deficient Encapsulation,Acme.Northwind.EFDAL.Interfaces.Entity,ProductMetadata,C:\repos\nHydrate_nHydrate\Samples\Northwind\Acme.Northwind.EFDAL.Interfaces\Entity\IProduct.Generated.cs,The tool detected the smell in this class because the class exposes fields belonging to it with public accessibility. Following fields are declared with public accessiblity: CategoryID' Discontinued' ProductID' ProductName' QuantityPerUnit' ReorderLevel' SupplierID' UnitPrice' UnitsInStock' UnitsOnOrder' CreatedBy' CreatedDate' ModifiedBy' ModifiedDate' Timestamp
Deficient Encapsulation,Acme.Northwind.EFDAL.Interfaces.Entity,RegionMetadata,C:\repos\nHydrate_nHydrate\Samples\Northwind\Acme.Northwind.EFDAL.Interfaces\Entity\IRegion.Generated.cs,The tool detected the smell in this class because the class exposes fields belonging to it with public accessibility. Following fields are declared with public accessiblity: RegionDescription' RegionID' CreatedBy' CreatedDate' ModifiedBy' ModifiedDate' Timestamp
Deficient Encapsulation,Acme.Northwind.EFDAL.Interfaces.Entity,ShipperMetadata,C:\repos\nHydrate_nHydrate\Samples\Northwind\Acme.Northwind.EFDAL.Interfaces\Entity\IShipper.Generated.cs,The tool detected the smell in this class because the class exposes fields belonging to it with public accessibility. Following fields are declared with public accessiblity: CompanyName' Phone' ShipperID' CreatedBy' CreatedDate' ModifiedBy' ModifiedDate' Timestamp
Deficient Encapsulation,Acme.Northwind.EFDAL.Interfaces.Entity,SupplierMetadata,C:\repos\nHydrate_nHydrate\Samples\Northwind\Acme.Northwind.EFDAL.Interfaces\Entity\ISupplier.Generated.cs,The tool detected the smell in this class because the class exposes fields belonging to it with public accessibility. Following fields are declared with public accessiblity: Address' City' CompanyName' ContactName' ContactTitle' Country' Fax' HomePage' Phone' PostalCode' Region' SupplierID' CreatedBy' CreatedDate' ModifiedBy' ModifiedDate' Timestamp
Deficient Encapsulation,Acme.Northwind.EFDAL.Interfaces.Entity,TerritoryMetadata,C:\repos\nHydrate_nHydrate\Samples\Northwind\Acme.Northwind.EFDAL.Interfaces\Entity\ITerritory.Generated.cs,The tool detected the smell in this class because the class exposes fields belonging to it with public accessibility. Following fields are declared with public accessiblity: RegionID' TerritoryDescription' TerritoryID' CreatedBy' CreatedDate' ModifiedBy' ModifiedDate' Timestamp
Deficient Encapsulation,Acme.Northwind.EFDAL.Interfaces.Entity.Metadata,CategoryMetadata,C:\repos\nHydrate_nHydrate\Samples\Northwind\Acme.Northwind.EFDAL.Interfaces\Entity\ICategory.Generated.cs,The tool detected the smell in this class because the class exposes fields belonging to it with public accessibility. Following fields are declared with public accessiblity: CategoryID' CategoryName' Description' Picture' CreatedBy' CreatedDate' ModifiedBy' ModifiedDate' Timestamp
Deficient Encapsulation,Acme.Northwind.EFDAL.Interfaces.Entity.Metadata,CustomerMetadata,C:\repos\nHydrate_nHydrate\Samples\Northwind\Acme.Northwind.EFDAL.Interfaces\Entity\ICustomer.Generated.cs,The tool detected the smell in this class because the class exposes fields belonging to it with public accessibility. Following fields are declared with public accessiblity: Address' City' CompanyName' ContactName' ContactTitle' Country' CustomerID' Fax' Phone' PostalCode' Region' CreatedBy' CreatedDate' ModifiedBy' ModifiedDate' Timestamp
Deficient Encapsulation,Acme.Northwind.EFDAL.Interfaces.Entity.Metadata,CustomerCustomerDemoMetadata,C:\repos\nHydrate_nHydrate\Samples\Northwind\Acme.Northwind.EFDAL.Interfaces\Entity\ICustomerCustomerDemo.Generated.cs,The tool detected the smell in this class because the class exposes fields belonging to it with public accessibility. Following fields are declared with public accessiblity: CustomerID' CustomerTypeID' CreatedBy' CreatedDate' ModifiedBy' ModifiedDate' Timestamp
Deficient Encapsulation,Acme.Northwind.EFDAL.Interfaces.Entity.Metadata,CustomerDemographicMetadata,C:\repos\nHydrate_nHydrate\Samples\Northwind\Acme.Northwind.EFDAL.Interfaces\Entity\ICustomerDemographic.Generated.cs,The tool detected the smell in this class because the class exposes fields belonging to it with public accessibility. Following fields are declared with public accessiblity: CustomerDesc' CustomerTypeID' CreatedBy' CreatedDate' ModifiedBy' ModifiedDate' Timestamp
Deficient Encapsulation,Acme.Northwind.EFDAL.Interfaces.Entity.Metadata,EmployeeMetadata,C:\repos\nHydrate_nHydrate\Samples\Northwind\Acme.Northwind.EFDAL.Interfaces\Entity\IEmployee.Generated.cs,The tool detected the smell in this class because the class exposes fields belonging to it with public accessibility. Following fields are declared with public accessiblity: Address' BirthDate' City' Country' EmployeeID' Extension' FirstName' HireDate' HomePhone' LastName' Notes' Photo' PhotoPath' PostalCode' Region' ReportsTo' Title' TitleOfCourtesy' CreatedBy' CreatedDate' ModifiedBy' ModifiedDate' Timestamp
Deficient Encapsulation,Acme.Northwind.EFDAL.Interfaces.Entity.Metadata,EmployeeTerritorieMetadata,C:\repos\nHydrate_nHydrate\Samples\Northwind\Acme.Northwind.EFDAL.Interfaces\Entity\IEmployeeTerritorie.Generated.cs,The tool detected the smell in this class because the class exposes fields belonging to it with public accessibility. Following fields are declared with public accessiblity: EmployeeID' TerritoryID' CreatedBy' CreatedDate' ModifiedBy' ModifiedDate' Timestamp
Deficient Encapsulation,Acme.Northwind.EFDAL.Interfaces.Entity.Metadata,OrderMetadata,C:\repos\nHydrate_nHydrate\Samples\Northwind\Acme.Northwind.EFDAL.Interfaces\Entity\IOrder.Generated.cs,The tool detected the smell in this class because the class exposes fields belonging to it with public accessibility. Following fields are declared with public accessiblity: CustomerID' EmployeeID' Freight' OrderDate' OrderID' RequiredDate' ShipAddress' ShipCity' ShipCountry' ShipName' ShippedDate' ShipPostalCode' ShipRegion' ShipVia' CreatedBy' CreatedDate' ModifiedBy' ModifiedDate' Timestamp
Deficient Encapsulation,Acme.Northwind.EFDAL.Interfaces.Entity.Metadata,OrderDetailMetadata,C:\repos\nHydrate_nHydrate\Samples\Northwind\Acme.Northwind.EFDAL.Interfaces\Entity\IOrderDetail.Generated.cs,The tool detected the smell in this class because the class exposes fields belonging to it with public accessibility. Following fields are declared with public accessiblity: Discount' OrderID' ProductID' Quantity' UnitPrice' CreatedBy' CreatedDate' ModifiedBy' ModifiedDate' Timestamp
Deficient Encapsulation,Acme.Northwind.EFDAL.Interfaces.Entity.Metadata,ProductMetadata,C:\repos\nHydrate_nHydrate\Samples\Northwind\Acme.Northwind.EFDAL.Interfaces\Entity\IProduct.Generated.cs,The tool detected the smell in this class because the class exposes fields belonging to it with public accessibility. Following fields are declared with public accessiblity: CategoryID' Discontinued' ProductID' ProductName' QuantityPerUnit' ReorderLevel' SupplierID' UnitPrice' UnitsInStock' UnitsOnOrder' CreatedBy' CreatedDate' ModifiedBy' ModifiedDate' Timestamp
Deficient Encapsulation,Acme.Northwind.EFDAL.Interfaces.Entity.Metadata,RegionMetadata,C:\repos\nHydrate_nHydrate\Samples\Northwind\Acme.Northwind.EFDAL.Interfaces\Entity\IRegion.Generated.cs,The tool detected the smell in this class because the class exposes fields belonging to it with public accessibility. Following fields are declared with public accessiblity: RegionDescription' RegionID' CreatedBy' CreatedDate' ModifiedBy' ModifiedDate' Timestamp
Deficient Encapsulation,Acme.Northwind.EFDAL.Interfaces.Entity.Metadata,ShipperMetadata,C:\repos\nHydrate_nHydrate\Samples\Northwind\Acme.Northwind.EFDAL.Interfaces\Entity\IShipper.Generated.cs,The tool detected the smell in this class because the class exposes fields belonging to it with public accessibility. Following fields are declared with public accessiblity: CompanyName' Phone' ShipperID' CreatedBy' CreatedDate' ModifiedBy' ModifiedDate' Timestamp
Deficient Encapsulation,Acme.Northwind.EFDAL.Interfaces.Entity.Metadata,SupplierMetadata,C:\repos\nHydrate_nHydrate\Samples\Northwind\Acme.Northwind.EFDAL.Interfaces\Entity\ISupplier.Generated.cs,The tool detected the smell in this class because the class exposes fields belonging to it with public accessibility. Following fields are declared with public accessiblity: Address' City' CompanyName' ContactName' ContactTitle' Country' Fax' HomePage' Phone' PostalCode' Region' SupplierID' CreatedBy' CreatedDate' ModifiedBy' ModifiedDate' Timestamp
Deficient Encapsulation,Acme.Northwind.EFDAL.Interfaces.Entity.Metadata,TerritoryMetadata,C:\repos\nHydrate_nHydrate\Samples\Northwind\Acme.Northwind.EFDAL.Interfaces\Entity\ITerritory.Generated.cs,The tool detected the smell in this class because the class exposes fields belonging to it with public accessibility. Following fields are declared with public accessiblity: RegionID' TerritoryDescription' TerritoryID' CreatedBy' CreatedDate' ModifiedBy' ModifiedDate' Timestamp
Broken Modularization,Acme.Northwind.EFDAL.Interfaces.Entity,IAlphabeticallistofproducts,C:\repos\nHydrate_nHydrate\Samples\Northwind\Acme.Northwind.EFDAL.Interfaces\Entity\IAlphabeticallistofproducts.cs,The tool detected the smell in this class because it contains only data members without any method implementation. Following fields and properties are declared in this class: CategoryID' CategoryName' Discontinued' ProductID' ProductName' QuantityPerUnit' ReorderLevel' SupplierID' UnitPrice' UnitsInStock' UnitsOnOrder
Broken Modularization,Acme.Northwind.EFDAL.Interfaces.Entity,ICategory,C:\repos\nHydrate_nHydrate\Samples\Northwind\Acme.Northwind.EFDAL.Interfaces\Entity\ICategory.cs,The tool detected the smell in this class because it contains only data members without any method implementation. Following fields and properties are declared in this class: CategoryID' CategoryName' Description' Picture' CreatedBy' CreatedDate' ModifiedBy' ModifiedDate' ProductList
Broken Modularization,Acme.Northwind.EFDAL.Interfaces.Entity,CategoryMetadata,C:\repos\nHydrate_nHydrate\Samples\Northwind\Acme.Northwind.EFDAL.Interfaces\Entity\ICategory.Generated.cs,The tool detected the smell in this class because it contains only data members without any method implementation. Following fields and properties are declared in this class: ' CategoryID' CategoryName' Description' Picture' CreatedBy' CreatedDate' ModifiedBy' ModifiedDate' Timestamp
Broken Modularization,Acme.Northwind.EFDAL.Interfaces.Entity,ICustomer,C:\repos\nHydrate_nHydrate\Samples\Northwind\Acme.Northwind.EFDAL.Interfaces\Entity\ICustomer.cs,The tool detected the smell in this class because it contains only data members without any method implementation. Following fields and properties are declared in this class: Address' City' CompanyName' ContactName' ContactTitle' Country' CustomerID' Fax' Phone' PostalCode' Region' CreatedBy' CreatedDate' ModifiedBy' ModifiedDate' CustomerCustomerDemoList' OrderList
Broken Modularization,Acme.Northwind.EFDAL.Interfaces.Entity,CustomerMetadata,C:\repos\nHydrate_nHydrate\Samples\Northwind\Acme.Northwind.EFDAL.Interfaces\Entity\ICustomer.Generated.cs,The tool detected the smell in this class because it contains only data members without any method implementation. Following fields and properties are declared in this class: ' Address' City' CompanyName' ContactName' ContactTitle' Country' CustomerID' Fax' Phone' PostalCode' Region' CreatedBy' CreatedDate' ModifiedBy' ModifiedDate' Timestamp
Broken Modularization,Acme.Northwind.EFDAL.Interfaces.Entity,ICustomerCustomerDemo,C:\repos\nHydrate_nHydrate\Samples\Northwind\Acme.Northwind.EFDAL.Interfaces\Entity\ICustomerCustomerDemo.cs,The tool detected the smell in this class because it contains only data members without any method implementation. Following fields and properties are declared in this class: CustomerID' CustomerTypeID' CreatedBy' CreatedDate' ModifiedBy' ModifiedDate' CustomercustomerdemoCustomerDemographic' Customer
Broken Modularization,Acme.Northwind.EFDAL.Interfaces.Entity,CustomerCustomerDemoMetadata,C:\repos\nHydrate_nHydrate\Samples\Northwind\Acme.Northwind.EFDAL.Interfaces\Entity\ICustomerCustomerDemo.Generated.cs,The tool detected the smell in this class because it contains only data members without any method implementation. Following fields and properties are declared in this class: ' CustomerID' CustomerTypeID' CreatedBy' CreatedDate' ModifiedBy' ModifiedDate' Timestamp
Broken Modularization,Acme.Northwind.EFDAL.Interfaces.Entity,ICustomerDemographic,C:\repos\nHydrate_nHydrate\Samples\Northwind\Acme.Northwind.EFDAL.Interfaces\Entity\ICustomerDemographic.cs,The tool detected the smell in this class because it contains only data members without any method implementation. Following fields and properties are declared in this class: CustomerDesc' CustomerTypeID' CreatedBy' CreatedDate' ModifiedBy' ModifiedDate' CustomercustomerdemoCustomerCustomerDemoList
Broken Modularization,Acme.Northwind.EFDAL.Interfaces.Entity,CustomerDemographicMetadata,C:\repos\nHydrate_nHydrate\Samples\Northwind\Acme.Northwind.EFDAL.Interfaces\Entity\ICustomerDemographic.Generated.cs,The tool detected the smell in this class because it contains only data members without any method implementation. Following fields and properties are declared in this class: ' CustomerDesc' CustomerTypeID' CreatedBy' CreatedDate' ModifiedBy' ModifiedDate' Timestamp
Broken Modularization,Acme.Northwind.EFDAL.Interfaces.Entity,ICustOrdersDetail,C:\repos\nHydrate_nHydrate\Samples\Northwind\Acme.Northwind.EFDAL.Interfaces\Entity\ICustOrdersDetail.cs,The tool detected the smell in this class because it contains only data members without any method implementation. Following fields and properties are declared in this class: Discount' ExtendedPrice' ProductName' Quantity' UnitPrice
Broken Modularization,Acme.Northwind.EFDAL.Interfaces.Entity,IEmployee,C:\repos\nHydrate_nHydrate\Samples\Northwind\Acme.Northwind.EFDAL.Interfaces\Entity\IEmployee.cs,The tool detected the smell in this class because it contains only data members without any method implementation. Following fields and properties are declared in this class: Address' BirthDate' City' Country' EmployeeID' Extension' FirstName' HireDate' HomePhone' LastName' Notes' Photo' PhotoPath' PostalCode' Region' ReportsTo' Title' TitleOfCourtesy' CreatedBy' CreatedDate' ModifiedBy' ModifiedDate' ReportToEmployeeList' EmployeeTerritorieList' OrderList' ReportToEmployee
Broken Modularization,Acme.Northwind.EFDAL.Interfaces.Entity,EmployeeMetadata,C:\repos\nHydrate_nHydrate\Samples\Northwind\Acme.Northwind.EFDAL.Interfaces\Entity\IEmployee.Generated.cs,The tool detected the smell in this class because it contains only data members without any method implementation. Following fields and properties are declared in this class: ' Address' BirthDate' City' Country' EmployeeID' Extension' FirstName' HireDate' HomePhone' LastName' Notes' Photo' PhotoPath' PostalCode' Region' ReportsTo' Title' TitleOfCourtesy' CreatedBy' CreatedDate' ModifiedBy' ModifiedDate' Timestamp
Broken Modularization,Acme.Northwind.EFDAL.Interfaces.Entity,IEmployeeSalesbyCountry,C:\repos\nHydrate_nHydrate\Samples\Northwind\Acme.Northwind.EFDAL.Interfaces\Entity\IEmployeeSalesbyCountry.cs,The tool detected the smell in this class because it contains only data members without any method implementation. Following fields and properties are declared in this class: Country' FirstName' LastName' OrderID' SaleAmount' ShippedDate
Broken Modularization,Acme.Northwind.EFDAL.Interfaces.Entity,IEmployeeTerritorie,C:\repos\nHydrate_nHydrate\Samples\Northwind\Acme.Northwind.EFDAL.Interfaces\Entity\IEmployeeTerritorie.cs,The tool detected the smell in this class because it contains only data members without any method implementation. Following fields and properties are declared in this class: EmployeeID' TerritoryID' CreatedBy' CreatedDate' ModifiedBy' ModifiedDate' Employee' Territory
Broken Modularization,Acme.Northwind.EFDAL.Interfaces.Entity,EmployeeTerritorieMetadata,C:\repos\nHydrate_nHydrate\Samples\Northwind\Acme.Northwind.EFDAL.Interfaces\Entity\IEmployeeTerritorie.Generated.cs,The tool detected the smell in this class because it contains only data members without any method implementation. Following fields and properties are declared in this class: ' EmployeeID' TerritoryID' CreatedBy' CreatedDate' ModifiedBy' ModifiedDate' Timestamp
Broken Modularization,Acme.Northwind.EFDAL.Interfaces.Entity,IInvoices,C:\repos\nHydrate_nHydrate\Samples\Northwind\Acme.Northwind.EFDAL.Interfaces\Entity\IInvoices.cs,The tool detected the smell in this class because it contains only data members without any method implementation. Following fields and properties are declared in this class: Address' City' Country' CustomerID' CustomerName' Discount' ExtendedPrice' Freight' OrderDate' OrderID' PostalCode' ProductID' ProductName' Quantity' Region' RequiredDate' Salesperson' ShipAddress' ShipCity' ShipCountry' ShipName' ShippedDate' ShipperName' ShipPostalCode' ShipRegion' UnitPrice
Broken Modularization,Acme.Northwind.EFDAL.Interfaces.Entity,IOrder,C:\repos\nHydrate_nHydrate\Samples\Northwind\Acme.Northwind.EFDAL.Interfaces\Entity\IOrder.cs,The tool detected the smell in this class because it contains only data members without any method implementation. Following fields and properties are declared in this class: CustomerID' EmployeeID' Freight' OrderDate' OrderID' RequiredDate' ShipAddress' ShipCity' ShipCountry' ShipName' ShippedDate' ShipPostalCode' ShipRegion' ShipVia' CreatedBy' CreatedDate' ModifiedBy' ModifiedDate' Order_details_ordersOrderDetailList' Customer' Employee' Shipper
Broken Modularization,Acme.Northwind.EFDAL.Interfaces.Entity,OrderMetadata,C:\repos\nHydrate_nHydrate\Samples\Northwind\Acme.Northwind.EFDAL.Interfaces\Entity\IOrder.Generated.cs,The tool detected the smell in this class because it contains only data members without any method implementation. Following fields and properties are declared in this class: ' CustomerID' EmployeeID' Freight' OrderDate' OrderID' RequiredDate' ShipAddress' ShipCity' ShipCountry' ShipName' ShippedDate' ShipPostalCode' ShipRegion' ShipVia' CreatedBy' CreatedDate' ModifiedBy' ModifiedDate' Timestamp
Broken Modularization,Acme.Northwind.EFDAL.Interfaces.Entity,IOrderDetail,C:\repos\nHydrate_nHydrate\Samples\Northwind\Acme.Northwind.EFDAL.Interfaces\Entity\IOrderDetail.cs,The tool detected the smell in this class because it contains only data members without any method implementation. Following fields and properties are declared in this class: Discount' OrderID' ProductID' Quantity' UnitPrice' CreatedBy' CreatedDate' ModifiedBy' ModifiedDate' Order_details_ordersOrder' Order_details_productsProduct
Broken Modularization,Acme.Northwind.EFDAL.Interfaces.Entity,OrderDetailMetadata,C:\repos\nHydrate_nHydrate\Samples\Northwind\Acme.Northwind.EFDAL.Interfaces\Entity\IOrderDetail.Generated.cs,The tool detected the smell in this class because it contains only data members without any method implementation. Following fields and properties are declared in this class: ' Discount' OrderID' ProductID' Quantity' UnitPrice' CreatedBy' CreatedDate' ModifiedBy' ModifiedDate' Timestamp
Broken Modularization,Acme.Northwind.EFDAL.Interfaces.Entity,IOrderDetailsExtended,C:\repos\nHydrate_nHydrate\Samples\Northwind\Acme.Northwind.EFDAL.Interfaces\Entity\IOrderDetailsExtended.cs,The tool detected the smell in this class because it contains only data members without any method implementation. Following fields and properties are declared in this class: Discount' ExtendedPrice' OrderID' ProductID' ProductName' Quantity' UnitPrice
Broken Modularization,Acme.Northwind.EFDAL.Interfaces.Entity,IOrdersQry,C:\repos\nHydrate_nHydrate\Samples\Northwind\Acme.Northwind.EFDAL.Interfaces\Entity\IOrdersQry.cs,The tool detected the smell in this class because it contains only data members without any method implementation. Following fields and properties are declared in this class: Address' City' CompanyName' Country' CustomerID' EmployeeID' Freight' OrderDate' OrderID' PostalCode' Region' RequiredDate' ShipAddress' ShipCity' ShipCountry' ShipName' ShippedDate' ShipPostalCode' ShipRegion' ShipVia
Broken Modularization,Acme.Northwind.EFDAL.Interfaces.Entity,IProduct,C:\repos\nHydrate_nHydrate\Samples\Northwind\Acme.Northwind.EFDAL.Interfaces\Entity\IProduct.cs,The tool detected the smell in this class because it contains only data members without any method implementation. Following fields and properties are declared in this class: CategoryID' Discontinued' ProductID' ProductName' QuantityPerUnit' ReorderLevel' SupplierID' UnitPrice' UnitsInStock' UnitsOnOrder' CreatedBy' CreatedDate' ModifiedBy' ModifiedDate' Order_details_productsOrderDetailList' Category' Supplier
Broken Modularization,Acme.Northwind.EFDAL.Interfaces.Entity,ProductMetadata,C:\repos\nHydrate_nHydrate\Samples\Northwind\Acme.Northwind.EFDAL.Interfaces\Entity\IProduct.Generated.cs,The tool detected the smell in this class because it contains only data members without any method implementation. Following fields and properties are declared in this class: ' CategoryID' Discontinued' ProductID' ProductName' QuantityPerUnit' ReorderLevel' SupplierID' UnitPrice' UnitsInStock' UnitsOnOrder' CreatedBy' CreatedDate' ModifiedBy' ModifiedDate' Timestamp
Broken Modularization,Acme.Northwind.EFDAL.Interfaces.Entity,IProductsbyCategory,C:\repos\nHydrate_nHydrate\Samples\Northwind\Acme.Northwind.EFDAL.Interfaces\Entity\IProductsbyCategory.cs,The tool detected the smell in this class because it contains only data members without any method implementation. Following fields and properties are declared in this class: CategoryName' Discontinued' ProductName' QuantityPerUnit' UnitsInStock
Broken Modularization,Acme.Northwind.EFDAL.Interfaces.Entity,IRegion,C:\repos\nHydrate_nHydrate\Samples\Northwind\Acme.Northwind.EFDAL.Interfaces\Entity\IRegion.cs,The tool detected the smell in this class because it contains only data members without any method implementation. Following fields and properties are declared in this class: RegionDescription' RegionID' CreatedBy' CreatedDate' ModifiedBy' ModifiedDate' TerritoryList
Broken Modularization,Acme.Northwind.EFDAL.Interfaces.Entity,RegionMetadata,C:\repos\nHydrate_nHydrate\Samples\Northwind\Acme.Northwind.EFDAL.Interfaces\Entity\IRegion.Generated.cs,The tool detected the smell in this class because it contains only data members without any method implementation. Following fields and properties are declared in this class: ' RegionDescription' RegionID' CreatedBy' CreatedDate' ModifiedBy' ModifiedDate' Timestamp
Broken Modularization,Acme.Northwind.EFDAL.Interfaces.Entity,IShipper,C:\repos\nHydrate_nHydrate\Samples\Northwind\Acme.Northwind.EFDAL.Interfaces\Entity\IShipper.cs,The tool detected the smell in this class because it contains only data members without any method implementation. Following fields and properties are declared in this class: CompanyName' Phone' ShipperID' CreatedBy' CreatedDate' ModifiedBy' ModifiedDate' OrderList
Broken Modularization,Acme.Northwind.EFDAL.Interfaces.Entity,ShipperMetadata,C:\repos\nHydrate_nHydrate\Samples\Northwind\Acme.Northwind.EFDAL.Interfaces\Entity\IShipper.Generated.cs,The tool detected the smell in this class because it contains only data members without any method implementation. Following fields and properties are declared in this class: ' CompanyName' Phone' ShipperID' CreatedBy' CreatedDate' ModifiedBy' ModifiedDate' Timestamp
Broken Modularization,Acme.Northwind.EFDAL.Interfaces.Entity,ISupplier,C:\repos\nHydrate_nHydrate\Samples\Northwind\Acme.Northwind.EFDAL.Interfaces\Entity\ISupplier.cs,The tool detected the smell in this class because it contains only data members without any method implementation. Following fields and properties are declared in this class: Address' City' CompanyName' ContactName' ContactTitle' Country' Fax' HomePage' Phone' PostalCode' Region' SupplierID' CreatedBy' CreatedDate' ModifiedBy' ModifiedDate' ProductList
Broken Modularization,Acme.Northwind.EFDAL.Interfaces.Entity,SupplierMetadata,C:\repos\nHydrate_nHydrate\Samples\Northwind\Acme.Northwind.EFDAL.Interfaces\Entity\ISupplier.Generated.cs,The tool detected the smell in this class because it contains only data members without any method implementation. Following fields and properties are declared in this class: ' Address' City' CompanyName' ContactName' ContactTitle' Country' Fax' HomePage' Phone' PostalCode' Region' SupplierID' CreatedBy' CreatedDate' ModifiedBy' ModifiedDate' Timestamp
Broken Modularization,Acme.Northwind.EFDAL.Interfaces.Entity,ITerritory,C:\repos\nHydrate_nHydrate\Samples\Northwind\Acme.Northwind.EFDAL.Interfaces\Entity\ITerritory.cs,The tool detected the smell in this class because it contains only data members without any method implementation. Following fields and properties are declared in this class: RegionID' TerritoryDescription' TerritoryID' CreatedBy' CreatedDate' ModifiedBy' ModifiedDate' EmployeeTerritorieList' Region
Broken Modularization,Acme.Northwind.EFDAL.Interfaces.Entity,TerritoryMetadata,C:\repos\nHydrate_nHydrate\Samples\Northwind\Acme.Northwind.EFDAL.Interfaces\Entity\ITerritory.Generated.cs,The tool detected the smell in this class because it contains only data members without any method implementation. Following fields and properties are declared in this class: ' RegionID' TerritoryDescription' TerritoryID' CreatedBy' CreatedDate' ModifiedBy' ModifiedDate' Timestamp
Broken Modularization,Acme.Northwind.EFDAL.Interfaces.Entity.Metadata,ICategory,C:\repos\nHydrate_nHydrate\Samples\Northwind\Acme.Northwind.EFDAL.Interfaces\Entity\ICategory.Generated.cs,The tool detected the smell in this class because it contains only data members without any method implementation. Following fields and properties are declared in this class: CategoryID' CategoryName' Description' Picture' CreatedBy' CreatedDate' ModifiedBy' ModifiedDate' ProductList
Broken Modularization,Acme.Northwind.EFDAL.Interfaces.Entity.Metadata,CategoryMetadata,C:\repos\nHydrate_nHydrate\Samples\Northwind\Acme.Northwind.EFDAL.Interfaces\Entity\ICategory.Generated.cs,The tool detected the smell in this class because it contains only data members without any method implementation. Following fields and properties are declared in this class: ' CategoryID' CategoryName' Description' Picture' CreatedBy' CreatedDate' ModifiedBy' ModifiedDate' Timestamp
Broken Modularization,Acme.Northwind.EFDAL.Interfaces.Entity.Metadata,ICustomer,C:\repos\nHydrate_nHydrate\Samples\Northwind\Acme.Northwind.EFDAL.Interfaces\Entity\ICustomer.Generated.cs,The tool detected the smell in this class because it contains only data members without any method implementation. Following fields and properties are declared in this class: Address' City' CompanyName' ContactName' ContactTitle' Country' CustomerID' Fax' Phone' PostalCode' Region' CreatedBy' CreatedDate' ModifiedBy' ModifiedDate' CustomerCustomerDemoList' OrderList
Broken Modularization,Acme.Northwind.EFDAL.Interfaces.Entity.Metadata,CustomerMetadata,C:\repos\nHydrate_nHydrate\Samples\Northwind\Acme.Northwind.EFDAL.Interfaces\Entity\ICustomer.Generated.cs,The tool detected the smell in this class because it contains only data members without any method implementation. Following fields and properties are declared in this class: ' Address' City' CompanyName' ContactName' ContactTitle' Country' CustomerID' Fax' Phone' PostalCode' Region' CreatedBy' CreatedDate' ModifiedBy' ModifiedDate' Timestamp
Broken Modularization,Acme.Northwind.EFDAL.Interfaces.Entity.Metadata,ICustomerCustomerDemo,C:\repos\nHydrate_nHydrate\Samples\Northwind\Acme.Northwind.EFDAL.Interfaces\Entity\ICustomerCustomerDemo.Generated.cs,The tool detected the smell in this class because it contains only data members without any method implementation. Following fields and properties are declared in this class: CustomerID' CustomerTypeID' CreatedBy' CreatedDate' ModifiedBy' ModifiedDate' CustomercustomerdemoCustomerDemographic' Customer
Broken Modularization,Acme.Northwind.EFDAL.Interfaces.Entity.Metadata,CustomerCustomerDemoMetadata,C:\repos\nHydrate_nHydrate\Samples\Northwind\Acme.Northwind.EFDAL.Interfaces\Entity\ICustomerCustomerDemo.Generated.cs,The tool detected the smell in this class because it contains only data members without any method implementation. Following fields and properties are declared in this class: ' CustomerID' CustomerTypeID' CreatedBy' CreatedDate' ModifiedBy' ModifiedDate' Timestamp
Broken Modularization,Acme.Northwind.EFDAL.Interfaces.Entity.Metadata,ICustomerDemographic,C:\repos\nHydrate_nHydrate\Samples\Northwind\Acme.Northwind.EFDAL.Interfaces\Entity\ICustomerDemographic.Generated.cs,The tool detected the smell in this class because it contains only data members without any method implementation. Following fields and properties are declared in this class: CustomerDesc' CustomerTypeID' CreatedBy' CreatedDate' ModifiedBy' ModifiedDate' CustomercustomerdemoCustomerCustomerDemoList
Broken Modularization,Acme.Northwind.EFDAL.Interfaces.Entity.Metadata,CustomerDemographicMetadata,C:\repos\nHydrate_nHydrate\Samples\Northwind\Acme.Northwind.EFDAL.Interfaces\Entity\ICustomerDemographic.Generated.cs,The tool detected the smell in this class because it contains only data members without any method implementation. Following fields and properties are declared in this class: ' CustomerDesc' CustomerTypeID' CreatedBy' CreatedDate' ModifiedBy' ModifiedDate' Timestamp
Broken Modularization,Acme.Northwind.EFDAL.Interfaces.Entity.Metadata,IEmployee,C:\repos\nHydrate_nHydrate\Samples\Northwind\Acme.Northwind.EFDAL.Interfaces\Entity\IEmployee.Generated.cs,The tool detected the smell in this class because it contains only data members without any method implementation. Following fields and properties are declared in this class: Address' BirthDate' City' Country' EmployeeID' Extension' FirstName' HireDate' HomePhone' LastName' Notes' Photo' PhotoPath' PostalCode' Region' ReportsTo' Title' TitleOfCourtesy' CreatedBy' CreatedDate' ModifiedBy' ModifiedDate' ReportToEmployeeList' EmployeeTerritorieList' OrderList' ReportToEmployee
Broken Modularization,Acme.Northwind.EFDAL.Interfaces.Entity.Metadata,EmployeeMetadata,C:\repos\nHydrate_nHydrate\Samples\Northwind\Acme.Northwind.EFDAL.Interfaces\Entity\IEmployee.Generated.cs,The tool detected the smell in this class because it contains only data members without any method implementation. Following fields and properties are declared in this class: ' Address' BirthDate' City' Country' EmployeeID' Extension' FirstName' HireDate' HomePhone' LastName' Notes' Photo' PhotoPath' PostalCode' Region' ReportsTo' Title' TitleOfCourtesy' CreatedBy' CreatedDate' ModifiedBy' ModifiedDate' Timestamp
Broken Modularization,Acme.Northwind.EFDAL.Interfaces.Entity.Metadata,IEmployeeTerritorie,C:\repos\nHydrate_nHydrate\Samples\Northwind\Acme.Northwind.EFDAL.Interfaces\Entity\IEmployeeTerritorie.Generated.cs,The tool detected the smell in this class because it contains only data members without any method implementation. Following fields and properties are declared in this class: EmployeeID' TerritoryID' CreatedBy' CreatedDate' ModifiedBy' ModifiedDate' Employee' Territory
Broken Modularization,Acme.Northwind.EFDAL.Interfaces.Entity.Metadata,EmployeeTerritorieMetadata,C:\repos\nHydrate_nHydrate\Samples\Northwind\Acme.Northwind.EFDAL.Interfaces\Entity\IEmployeeTerritorie.Generated.cs,The tool detected the smell in this class because it contains only data members without any method implementation. Following fields and properties are declared in this class: ' EmployeeID' TerritoryID' CreatedBy' CreatedDate' ModifiedBy' ModifiedDate' Timestamp
Broken Modularization,Acme.Northwind.EFDAL.Interfaces.Entity.Metadata,IOrder,C:\repos\nHydrate_nHydrate\Samples\Northwind\Acme.Northwind.EFDAL.Interfaces\Entity\IOrder.Generated.cs,The tool detected the smell in this class because it contains only data members without any method implementation. Following fields and properties are declared in this class: CustomerID' EmployeeID' Freight' OrderDate' OrderID' RequiredDate' ShipAddress' ShipCity' ShipCountry' ShipName' ShippedDate' ShipPostalCode' ShipRegion' ShipVia' CreatedBy' CreatedDate' ModifiedBy' ModifiedDate' Order_details_ordersOrderDetailList' Customer' Employee' Shipper
Broken Modularization,Acme.Northwind.EFDAL.Interfaces.Entity.Metadata,OrderMetadata,C:\repos\nHydrate_nHydrate\Samples\Northwind\Acme.Northwind.EFDAL.Interfaces\Entity\IOrder.Generated.cs,The tool detected the smell in this class because it contains only data members without any method implementation. Following fields and properties are declared in this class: ' CustomerID' EmployeeID' Freight' OrderDate' OrderID' RequiredDate' ShipAddress' ShipCity' ShipCountry' ShipName' ShippedDate' ShipPostalCode' ShipRegion' ShipVia' CreatedBy' CreatedDate' ModifiedBy' ModifiedDate' Timestamp
Broken Modularization,Acme.Northwind.EFDAL.Interfaces.Entity.Metadata,IOrderDetail,C:\repos\nHydrate_nHydrate\Samples\Northwind\Acme.Northwind.EFDAL.Interfaces\Entity\IOrderDetail.Generated.cs,The tool detected the smell in this class because it contains only data members without any method implementation. Following fields and properties are declared in this class: Discount' OrderID' ProductID' Quantity' UnitPrice' CreatedBy' CreatedDate' ModifiedBy' ModifiedDate' Order_details_ordersOrder' Order_details_productsProduct
Broken Modularization,Acme.Northwind.EFDAL.Interfaces.Entity.Metadata,OrderDetailMetadata,C:\repos\nHydrate_nHydrate\Samples\Northwind\Acme.Northwind.EFDAL.Interfaces\Entity\IOrderDetail.Generated.cs,The tool detected the smell in this class because it contains only data members without any method implementation. Following fields and properties are declared in this class: ' Discount' OrderID' ProductID' Quantity' UnitPrice' CreatedBy' CreatedDate' ModifiedBy' ModifiedDate' Timestamp
Broken Modularization,Acme.Northwind.EFDAL.Interfaces.Entity.Metadata,IProduct,C:\repos\nHydrate_nHydrate\Samples\Northwind\Acme.Northwind.EFDAL.Interfaces\Entity\IProduct.Generated.cs,The tool detected the smell in this class because it contains only data members without any method implementation. Following fields and properties are declared in this class: CategoryID' Discontinued' ProductID' ProductName' QuantityPerUnit' ReorderLevel' SupplierID' UnitPrice' UnitsInStock' UnitsOnOrder' CreatedBy' CreatedDate' ModifiedBy' ModifiedDate' Order_details_productsOrderDetailList' Category' Supplier
Broken Modularization,Acme.Northwind.EFDAL.Interfaces.Entity.Metadata,ProductMetadata,C:\repos\nHydrate_nHydrate\Samples\Northwind\Acme.Northwind.EFDAL.Interfaces\Entity\IProduct.Generated.cs,The tool detected the smell in this class because it contains only data members without any method implementation. Following fields and properties are declared in this class: ' CategoryID' Discontinued' ProductID' ProductName' QuantityPerUnit' ReorderLevel' SupplierID' UnitPrice' UnitsInStock' UnitsOnOrder' CreatedBy' CreatedDate' ModifiedBy' ModifiedDate' Timestamp
Broken Modularization,Acme.Northwind.EFDAL.Interfaces.Entity.Metadata,IRegion,C:\repos\nHydrate_nHydrate\Samples\Northwind\Acme.Northwind.EFDAL.Interfaces\Entity\IRegion.Generated.cs,The tool detected the smell in this class because it contains only data members without any method implementation. Following fields and properties are declared in this class: RegionDescription' RegionID' CreatedBy' CreatedDate' ModifiedBy' ModifiedDate' TerritoryList
Broken Modularization,Acme.Northwind.EFDAL.Interfaces.Entity.Metadata,RegionMetadata,C:\repos\nHydrate_nHydrate\Samples\Northwind\Acme.Northwind.EFDAL.Interfaces\Entity\IRegion.Generated.cs,The tool detected the smell in this class because it contains only data members without any method implementation. Following fields and properties are declared in this class: ' RegionDescription' RegionID' CreatedBy' CreatedDate' ModifiedBy' ModifiedDate' Timestamp
Broken Modularization,Acme.Northwind.EFDAL.Interfaces.Entity.Metadata,IShipper,C:\repos\nHydrate_nHydrate\Samples\Northwind\Acme.Northwind.EFDAL.Interfaces\Entity\IShipper.Generated.cs,The tool detected the smell in this class because it contains only data members without any method implementation. Following fields and properties are declared in this class: CompanyName' Phone' ShipperID' CreatedBy' CreatedDate' ModifiedBy' ModifiedDate' OrderList
Broken Modularization,Acme.Northwind.EFDAL.Interfaces.Entity.Metadata,ShipperMetadata,C:\repos\nHydrate_nHydrate\Samples\Northwind\Acme.Northwind.EFDAL.Interfaces\Entity\IShipper.Generated.cs,The tool detected the smell in this class because it contains only data members without any method implementation. Following fields and properties are declared in this class: ' CompanyName' Phone' ShipperID' CreatedBy' CreatedDate' ModifiedBy' ModifiedDate' Timestamp
Broken Modularization,Acme.Northwind.EFDAL.Interfaces.Entity.Metadata,ISupplier,C:\repos\nHydrate_nHydrate\Samples\Northwind\Acme.Northwind.EFDAL.Interfaces\Entity\ISupplier.Generated.cs,The tool detected the smell in this class because it contains only data members without any method implementation. Following fields and properties are declared in this class: Address' City' CompanyName' ContactName' ContactTitle' Country' Fax' HomePage' Phone' PostalCode' Region' SupplierID' CreatedBy' CreatedDate' ModifiedBy' ModifiedDate' ProductList
Broken Modularization,Acme.Northwind.EFDAL.Interfaces.Entity.Metadata,SupplierMetadata,C:\repos\nHydrate_nHydrate\Samples\Northwind\Acme.Northwind.EFDAL.Interfaces\Entity\ISupplier.Generated.cs,The tool detected the smell in this class because it contains only data members without any method implementation. Following fields and properties are declared in this class: ' Address' City' CompanyName' ContactName' ContactTitle' Country' Fax' HomePage' Phone' PostalCode' Region' SupplierID' CreatedBy' CreatedDate' ModifiedBy' ModifiedDate' Timestamp
Broken Modularization,Acme.Northwind.EFDAL.Interfaces.Entity.Metadata,ITerritory,C:\repos\nHydrate_nHydrate\Samples\Northwind\Acme.Northwind.EFDAL.Interfaces\Entity\ITerritory.Generated.cs,The tool detected the smell in this class because it contains only data members without any method implementation. Following fields and properties are declared in this class: RegionID' TerritoryDescription' TerritoryID' CreatedBy' CreatedDate' ModifiedBy' ModifiedDate' EmployeeTerritorieList' Region
Broken Modularization,Acme.Northwind.EFDAL.Interfaces.Entity.Metadata,TerritoryMetadata,C:\repos\nHydrate_nHydrate\Samples\Northwind\Acme.Northwind.EFDAL.Interfaces\Entity\ITerritory.Generated.cs,The tool detected the smell in this class because it contains only data members without any method implementation. Following fields and properties are declared in this class: ' RegionID' TerritoryDescription' TerritoryID' CreatedBy' CreatedDate' ModifiedBy' ModifiedDate' Timestamp
Unfactored Hierarchy,Acme.Northwind.EFDAL.Interfaces.Entity,CategoryMetadata,C:\repos\nHydrate_nHydrate\Samples\Northwind\Acme.Northwind.EFDAL.Interfaces\Entity\ICategory.Generated.cs,The tool detected the smell because a set of code clones has been found where at least one pair of classes belong to the same inheritance hierarchy. List of classes with start and end line numbers where clones has been found are:  CategoryMetadata (C:\repos\nHydrate_nHydrate\Samples\Northwind\Acme.Northwind.EFDAL.Interfaces\Entity\ICategory.Generated.cs' [1' 22])' CustomerMetadata (C:\repos\nHydrate_nHydrate\Samples\Northwind\Acme.Northwind.EFDAL.Interfaces\Entity\ICustomer.Generated.cs' [1' 22])' CustomerCustomerDemoMetadata (C:\repos\nHydrate_nHydrate\Samples\Northwind\Acme.Northwind.EFDAL.Interfaces\Entity\ICustomerCustomerDemo.Generated.cs' [1' 22])' CustomerDemographicMetadata (C:\repos\nHydrate_nHydrate\Samples\Northwind\Acme.Northwind.EFDAL.Interfaces\Entity\ICustomerDemographic.Generated.cs' [1' 22])' EmployeeMetadata (C:\repos\nHydrate_nHydrate\Samples\Northwind\Acme.Northwind.EFDAL.Interfaces\Entity\IEmployee.Generated.cs' [1' 22])' EmployeeTerritorieMetadata (C:\repos\nHydrate_nHydrate\Samples\Northwind\Acme.Northwind.EFDAL.Interfaces\Entity\IEmployeeTerritorie.Generated.cs' [1' 22])' OrderMetadata (C:\repos\nHydrate_nHydrate\Samples\Northwind\Acme.Northwind.EFDAL.Interfaces\Entity\IOrder.Generated.cs' [1' 22])' OrderDetailMetadata (C:\repos\nHydrate_nHydrate\Samples\Northwind\Acme.Northwind.EFDAL.Interfaces\Entity\IOrderDetail.Generated.cs' [1' 22])' ProductMetadata (C:\repos\nHydrate_nHydrate\Samples\Northwind\Acme.Northwind.EFDAL.Interfaces\Entity\IProduct.Generated.cs' [1' 22])' RegionMetadata (C:\repos\nHydrate_nHydrate\Samples\Northwind\Acme.Northwind.EFDAL.Interfaces\Entity\IRegion.Generated.cs' [1' 22])' ShipperMetadata (C:\repos\nHydrate_nHydrate\Samples\Northwind\Acme.Northwind.EFDAL.Interfaces\Entity\IShipper.Generated.cs' [1' 22])' SupplierMetadata (C:\repos\nHydrate_nHydrate\Samples\Northwind\Acme.Northwind.EFDAL.Interfaces\Entity\ISupplier.Generated.cs' [1' 22])' TerritoryMetadata (C:\repos\nHydrate_nHydrate\Samples\Northwind\Acme.Northwind.EFDAL.Interfaces\Entity\ITerritory.Generated.cs' [1' 22])
Unfactored Hierarchy,Acme.Northwind.EFDAL.Interfaces.Entity,CategoryMetadata,C:\repos\nHydrate_nHydrate\Samples\Northwind\Acme.Northwind.EFDAL.Interfaces\Entity\ICategory.Generated.cs,The tool detected the smell because a set of code clones has been found where at least one pair of classes belong to the same inheritance hierarchy. List of classes with start and end line numbers where clones has been found are:  CategoryMetadata (C:\repos\nHydrate_nHydrate\Samples\Northwind\Acme.Northwind.EFDAL.Interfaces\Entity\ICategory.Generated.cs' [59' 88])' CustomerMetadata (C:\repos\nHydrate_nHydrate\Samples\Northwind\Acme.Northwind.EFDAL.Interfaces\Entity\ICustomer.Generated.cs' [108' 137])' CustomerCustomerDemoMetadata (C:\repos\nHydrate_nHydrate\Samples\Northwind\Acme.Northwind.EFDAL.Interfaces\Entity\ICustomerCustomerDemo.Generated.cs' [47' 76])' CustomerDemographicMetadata (C:\repos\nHydrate_nHydrate\Samples\Northwind\Acme.Northwind.EFDAL.Interfaces\Entity\ICustomerDemographic.Generated.cs' [45' 74])' EmployeeMetadata (C:\repos\nHydrate_nHydrate\Samples\Northwind\Acme.Northwind.EFDAL.Interfaces\Entity\IEmployee.Generated.cs' [157' 186])' EmployeeTerritorieMetadata (C:\repos\nHydrate_nHydrate\Samples\Northwind\Acme.Northwind.EFDAL.Interfaces\Entity\IEmployeeTerritorie.Generated.cs' [47' 76])' OrderMetadata (C:\repos\nHydrate_nHydrate\Samples\Northwind\Acme.Northwind.EFDAL.Interfaces\Entity\IOrder.Generated.cs' [129' 158])' OrderDetailMetadata (C:\repos\nHydrate_nHydrate\Samples\Northwind\Acme.Northwind.EFDAL.Interfaces\Entity\IOrderDetail.Generated.cs' [68' 97])' ProductMetadata (C:\repos\nHydrate_nHydrate\Samples\Northwind\Acme.Northwind.EFDAL.Interfaces\Entity\IProduct.Generated.cs' [101' 130])' RegionMetadata (C:\repos\nHydrate_nHydrate\Samples\Northwind\Acme.Northwind.EFDAL.Interfaces\Entity\IRegion.Generated.cs' [45' 74])' ShipperMetadata (C:\repos\nHydrate_nHydrate\Samples\Northwind\Acme.Northwind.EFDAL.Interfaces\Entity\IShipper.Generated.cs' [52' 81])' SupplierMetadata (C:\repos\nHydrate_nHydrate\Samples\Northwind\Acme.Northwind.EFDAL.Interfaces\Entity\ISupplier.Generated.cs' [115' 144])' TerritoryMetadata (C:\repos\nHydrate_nHydrate\Samples\Northwind\Acme.Northwind.EFDAL.Interfaces\Entity\ITerritory.Generated.cs' [52' 81])
Unfactored Hierarchy,Acme.Northwind.EFDAL.Interfaces.Entity,CategoryMetadata,C:\repos\nHydrate_nHydrate\Samples\Northwind\Acme.Northwind.EFDAL.Interfaces\Entity\ICategory.Generated.cs,The tool detected the smell because a set of code clones has been found where at least one pair of classes belong to the same inheritance hierarchy. List of classes with start and end line numbers where clones has been found are:  CategoryMetadata (C:\repos\nHydrate_nHydrate\Samples\Northwind\Acme.Northwind.EFDAL.Interfaces\Entity\ICategory.Generated.cs' [145' 187])' CustomerMetadata (C:\repos\nHydrate_nHydrate\Samples\Northwind\Acme.Northwind.EFDAL.Interfaces\Entity\ICustomer.Generated.cs' [254' 296])' CustomerCustomerDemoMetadata (C:\repos\nHydrate_nHydrate\Samples\Northwind\Acme.Northwind.EFDAL.Interfaces\Entity\ICustomerCustomerDemo.Generated.cs' [125' 167])' CustomerDemographicMetadata (C:\repos\nHydrate_nHydrate\Samples\Northwind\Acme.Northwind.EFDAL.Interfaces\Entity\ICustomerDemographic.Generated.cs' [118' 160])' EmployeeMetadata (C:\repos\nHydrate_nHydrate\Samples\Northwind\Acme.Northwind.EFDAL.Interfaces\Entity\IEmployee.Generated.cs' [362' 404])' EmployeeTerritorieMetadata (C:\repos\nHydrate_nHydrate\Samples\Northwind\Acme.Northwind.EFDAL.Interfaces\Entity\IEmployeeTerritorie.Generated.cs' [124' 166])' OrderMetadata (C:\repos\nHydrate_nHydrate\Samples\Northwind\Acme.Northwind.EFDAL.Interfaces\Entity\IOrder.Generated.cs' [294' 336])' OrderDetailMetadata (C:\repos\nHydrate_nHydrate\Samples\Northwind\Acme.Northwind.EFDAL.Interfaces\Entity\IOrderDetail.Generated.cs' [165' 207])' ProductMetadata (C:\repos\nHydrate_nHydrate\Samples\Northwind\Acme.Northwind.EFDAL.Interfaces\Entity\IProduct.Generated.cs' [234' 276])' RegionMetadata (C:\repos\nHydrate_nHydrate\Samples\Northwind\Acme.Northwind.EFDAL.Interfaces\Entity\IRegion.Generated.cs' [118' 160])' ShipperMetadata (C:\repos\nHydrate_nHydrate\Samples\Northwind\Acme.Northwind.EFDAL.Interfaces\Entity\IShipper.Generated.cs' [132' 174])' SupplierMetadata (C:\repos\nHydrate_nHydrate\Samples\Northwind\Acme.Northwind.EFDAL.Interfaces\Entity\ISupplier.Generated.cs' [258' 300])' TerritoryMetadata (C:\repos\nHydrate_nHydrate\Samples\Northwind\Acme.Northwind.EFDAL.Interfaces\Entity\ITerritory.Generated.cs' [138' 180])
Unfactored Hierarchy,Acme.Northwind.EFDAL.Interfaces.Entity,CustomerMetadata,C:\repos\nHydrate_nHydrate\Samples\Northwind\Acme.Northwind.EFDAL.Interfaces\Entity\ICustomer.Generated.cs,The tool detected the smell because a set of code clones has been found where at least one pair of classes belong to the same inheritance hierarchy. List of classes with start and end line numbers where clones has been found are:  CustomerMetadata (C:\repos\nHydrate_nHydrate\Samples\Northwind\Acme.Northwind.EFDAL.Interfaces\Entity\ICustomer.Generated.cs' [170' 216])' SupplierMetadata (C:\repos\nHydrate_nHydrate\Samples\Northwind\Acme.Northwind.EFDAL.Interfaces\Entity\ISupplier.Generated.cs' [168' 214])
Unfactored Hierarchy,Acme.Northwind.EFDAL.Interfaces.Entity,CustomerMetadata,C:\repos\nHydrate_nHydrate\Samples\Northwind\Acme.Northwind.EFDAL.Interfaces\Entity\ICustomer.Generated.cs,The tool detected the smell because a set of code clones has been found where at least one pair of classes belong to the same inheritance hierarchy. List of classes with start and end line numbers where clones has been found are:  CustomerMetadata (C:\repos\nHydrate_nHydrate\Samples\Northwind\Acme.Northwind.EFDAL.Interfaces\Entity\ICustomer.Generated.cs' [233' 255])' SupplierMetadata (C:\repos\nHydrate_nHydrate\Samples\Northwind\Acme.Northwind.EFDAL.Interfaces\Entity\ISupplier.Generated.cs' [227' 249])
Unfactored Hierarchy,Acme.Northwind.EFDAL.Interfaces.Entity,CustomerCustomerDemoMetadata,C:\repos\nHydrate_nHydrate\Samples\Northwind\Acme.Northwind.EFDAL.Interfaces\Entity\ICustomerCustomerDemo.Generated.cs,The tool detected the smell because a set of code clones has been found where at least one pair of classes belong to the same inheritance hierarchy. List of classes with start and end line numbers where clones has been found are:  CustomerCustomerDemoMetadata (C:\repos\nHydrate_nHydrate\Samples\Northwind\Acme.Northwind.EFDAL.Interfaces\Entity\ICustomerCustomerDemo.Generated.cs' [41' 65])' CustomerDemographicMetadata (C:\repos\nHydrate_nHydrate\Samples\Northwind\Acme.Northwind.EFDAL.Interfaces\Entity\ICustomerDemographic.Generated.cs' [39' 63])
Unfactored Hierarchy,Acme.Northwind.EFDAL.Interfaces.Entity,CustomerCustomerDemoMetadata,C:\repos\nHydrate_nHydrate\Samples\Northwind\Acme.Northwind.EFDAL.Interfaces\Entity\ICustomerCustomerDemo.Generated.cs,The tool detected the smell because a set of code clones has been found where at least one pair of classes belong to the same inheritance hierarchy. List of classes with start and end line numbers where clones has been found are:  CustomerCustomerDemoMetadata (C:\repos\nHydrate_nHydrate\Samples\Northwind\Acme.Northwind.EFDAL.Interfaces\Entity\ICustomerCustomerDemo.Generated.cs' [114' 143])' CustomerDemographicMetadata (C:\repos\nHydrate_nHydrate\Samples\Northwind\Acme.Northwind.EFDAL.Interfaces\Entity\ICustomerDemographic.Generated.cs' [107' 136])
Unfactored Hierarchy,Acme.Northwind.EFDAL.Interfaces.Entity,EmployeeTerritorieMetadata,C:\repos\nHydrate_nHydrate\Samples\Northwind\Acme.Northwind.EFDAL.Interfaces\Entity\IEmployeeTerritorie.Generated.cs,The tool detected the smell because a set of code clones has been found where at least one pair of classes belong to the same inheritance hierarchy. List of classes with start and end line numbers where clones has been found are:  EmployeeTerritorieMetadata (C:\repos\nHydrate_nHydrate\Samples\Northwind\Acme.Northwind.EFDAL.Interfaces\Entity\IEmployeeTerritorie.Generated.cs' [41' 65])' TerritoryMetadata (C:\repos\nHydrate_nHydrate\Samples\Northwind\Acme.Northwind.EFDAL.Interfaces\Entity\ITerritory.Generated.cs' [46' 70])
Unfactored Hierarchy,Acme.Northwind.EFDAL.Interfaces.Entity,EmployeeTerritorieMetadata,C:\repos\nHydrate_nHydrate\Samples\Northwind\Acme.Northwind.EFDAL.Interfaces\Entity\IEmployeeTerritorie.Generated.cs,The tool detected the smell because a set of code clones has been found where at least one pair of classes belong to the same inheritance hierarchy. List of classes with start and end line numbers where clones has been found are:  EmployeeTerritorieMetadata (C:\repos\nHydrate_nHydrate\Samples\Northwind\Acme.Northwind.EFDAL.Interfaces\Entity\IEmployeeTerritorie.Generated.cs' [113' 142])' TerritoryMetadata (C:\repos\nHydrate_nHydrate\Samples\Northwind\Acme.Northwind.EFDAL.Interfaces\Entity\ITerritory.Generated.cs' [127' 156])
Wide Hierarchy,Acme.Northwind.EFDAL.Interfaces,IMetadata,C:\repos\nHydrate_nHydrate\Samples\Northwind\Acme.Northwind.EFDAL.Interfaces\INorthwindEntities.Generated.cs,The tool detected the smell in this class because the number of children for the class is large. This class has following sub-classes: Acme.Northwind.EFDAL.Interfaces.Entity.CategoryMetadata' Acme.Northwind.EFDAL.Interfaces.Entity.CustomerMetadata' Acme.Northwind.EFDAL.Interfaces.Entity.CustomerCustomerDemoMetadata' Acme.Northwind.EFDAL.Interfaces.Entity.CustomerDemographicMetadata' Acme.Northwind.EFDAL.Interfaces.Entity.EmployeeMetadata' Acme.Northwind.EFDAL.Interfaces.Entity.EmployeeTerritorieMetadata' Acme.Northwind.EFDAL.Interfaces.Entity.OrderMetadata' Acme.Northwind.EFDAL.Interfaces.Entity.OrderDetailMetadata' Acme.Northwind.EFDAL.Interfaces.Entity.ProductMetadata' Acme.Northwind.EFDAL.Interfaces.Entity.RegionMetadata' Acme.Northwind.EFDAL.Interfaces.Entity.ShipperMetadata' Acme.Northwind.EFDAL.Interfaces.Entity.SupplierMetadata' Acme.Northwind.EFDAL.Interfaces.Entity.TerritoryMetadata' Acme.Northwind.EFDAL.Interfaces.Entity.Metadata.CategoryMetadata' Acme.Northwind.EFDAL.Interfaces.Entity.Metadata.CustomerMetadata' Acme.Northwind.EFDAL.Interfaces.Entity.Metadata.CustomerCustomerDemoMetadata' Acme.Northwind.EFDAL.Interfaces.Entity.Metadata.CustomerDemographicMetadata' Acme.Northwind.EFDAL.Interfaces.Entity.Metadata.EmployeeMetadata' Acme.Northwind.EFDAL.Interfaces.Entity.Metadata.EmployeeTerritorieMetadata' Acme.Northwind.EFDAL.Interfaces.Entity.Metadata.OrderMetadata' Acme.Northwind.EFDAL.Interfaces.Entity.Metadata.OrderDetailMetadata' Acme.Northwind.EFDAL.Interfaces.Entity.Metadata.ProductMetadata' Acme.Northwind.EFDAL.Interfaces.Entity.Metadata.RegionMetadata' Acme.Northwind.EFDAL.Interfaces.Entity.Metadata.ShipperMetadata' Acme.Northwind.EFDAL.Interfaces.Entity.Metadata.SupplierMetadata' Acme.Northwind.EFDAL.Interfaces.Entity.Metadata.TerritoryMetadata
