Project,Namespace,Ca types,Ce types
LayoutWithNavController,LayoutWithNavController,,
