Project,Namespace,Ca types,Ce types
BlingBag.StructureMap,BlingBag.StructureMap,,
