Design smell,Namespace,Class,File,Cause
Duplicate Abstraction,Castle.ActiveRecord.Tests,AbstractActiveRecordTest,D:\research\architectureSmells\repos\castleproject_Castle.ActiveRecord-READONLY\src\Castle.ActiveRecord.Tests\AbstractActiveRecordTest.cs,The tool detected the smell in this class because a set of code clones has been found and at least one of the clones found in this class. List of code clones with start and end line numbers are:  AbstractActiveRecordTest (D:\research\architectureSmells\repos\castleproject_Castle.ActiveRecord-READONLY\src\Castle.ActiveRecord.Tests\AbstractActiveRecordTest.cs' [1' 20])' ActiveRecordWithoutBaseTestCase (D:\research\architectureSmells\repos\castleproject_Castle.ActiveRecord-READONLY\src\Castle.ActiveRecord.Tests\ActiveRecordWithoutBaseTestCase.cs' [1' 20])' NestedClassWithMapTypeTestCase (D:\research\architectureSmells\repos\castleproject_Castle.ActiveRecord-READONLY\src\Castle.ActiveRecord.Tests\NestedClassWithMapTypeTestCase.cs' [1' 20])' NestedClassWithRelationsTestCase (D:\research\architectureSmells\repos\castleproject_Castle.ActiveRecord-READONLY\src\Castle.ActiveRecord.Tests\NestedClassWithRelationsTestCase.cs' [1' 20])' StrictModelTestCase (D:\research\architectureSmells\repos\castleproject_Castle.ActiveRecord-READONLY\src\Castle.ActiveRecord.Tests\StrictModelTestCase.cs' [1' 20])
Duplicate Abstraction,Castle.ActiveRecord.Tests,ActiveRecordLinqTestCase,D:\research\architectureSmells\repos\castleproject_Castle.ActiveRecord-READONLY\src\Castle.ActiveRecord.Tests\ActiveRecordLinqTestCase.cs,The tool detected the smell in this class because a set of code clones has been found and at least one of the clones found in this class. List of code clones with start and end line numbers are:  ActiveRecordLinqTestCase (D:\research\architectureSmells\repos\castleproject_Castle.ActiveRecord-READONLY\src\Castle.ActiveRecord.Tests\ActiveRecordLinqTestCase.cs' [39' 64])' ActiveRecordLinqTestCase (D:\research\architectureSmells\repos\castleproject_Castle.ActiveRecord-READONLY\src\Castle.ActiveRecord.Tests\ActiveRecordLinqTestCase.cs' [75' 100])
Duplicate Abstraction,Castle.ActiveRecord.Tests,ActiveRecordTestCase,D:\research\architectureSmells\repos\castleproject_Castle.ActiveRecord-READONLY\src\Castle.ActiveRecord.Tests\ActiveRecordTestCase.cs,The tool detected the smell in this class because a set of code clones has been found and at least one of the clones found in this class. List of code clones with start and end line numbers are:  ActiveRecordTestCase (D:\research\architectureSmells\repos\castleproject_Castle.ActiveRecord-READONLY\src\Castle.ActiveRecord.Tests\ActiveRecordTestCase.cs' [42' 68])' ActiveRecordTestCase (D:\research\architectureSmells\repos\castleproject_Castle.ActiveRecord-READONLY\src\Castle.ActiveRecord.Tests\ActiveRecordTestCase.cs' [627' 653])
Duplicate Abstraction,Castle.ActiveRecord.Tests,ActiveRecordTestCase,D:\research\architectureSmells\repos\castleproject_Castle.ActiveRecord-READONLY\src\Castle.ActiveRecord.Tests\ActiveRecordTestCase.cs,The tool detected the smell in this class because a set of code clones has been found and at least one of the clones found in this class. List of code clones with start and end line numbers are:  ActiveRecordTestCase (D:\research\architectureSmells\repos\castleproject_Castle.ActiveRecord-READONLY\src\Castle.ActiveRecord.Tests\ActiveRecordTestCase.cs' [392' 413])' ActiveRecordTestCase (D:\research\architectureSmells\repos\castleproject_Castle.ActiveRecord-READONLY\src\Castle.ActiveRecord.Tests\ActiveRecordTestCase.cs' [469' 490])
Duplicate Abstraction,Castle.ActiveRecord.Tests,Customer,D:\research\architectureSmells\repos\castleproject_Castle.ActiveRecord-READONLY\src\Castle.ActiveRecord.Tests\BugTestCase.cs,The tool detected the smell in this class because two or more abstractions have identical names. The abstractions with identical names are: Castle.ActiveRecord.Tests.Customer' Castle.ActiveRecord.Tests.Validation.GenericModel.Customer' Castle.ActiveRecord.Tests.Validation.Model.Customer
Unnecessary Abstraction,Castle.ActiveRecord.Tests,Card,D:\research\architectureSmells\repos\castleproject_Castle.ActiveRecord-READONLY\src\Castle.ActiveRecord.Tests\BugTestCase.cs,The tool detected the smell in this class because the class contains only a few data members without any method implementation' that indicates that the abstraction might not be required. Following fields and properties are declared in this class: Id' Customer' id' customer
Unnecessary Abstraction,Castle.ActiveRecord.Tests,Parent,D:\research\architectureSmells\repos\castleproject_Castle.ActiveRecord-READONLY\src\Castle.ActiveRecord.Tests\BugTestCase.cs,The tool detected the smell in this class because the class contains only a few data members without any method implementation' that indicates that the abstraction might not be required. Following fields and properties are declared in this class: Id' id
Unnecessary Abstraction,Castle.ActiveRecord.Tests,Child,D:\research\architectureSmells\repos\castleproject_Castle.ActiveRecord-READONLY\src\Castle.ActiveRecord.Tests\BugTestCase.cs,The tool detected the smell in this class because the class contains only a few data members without any method implementation' that indicates that the abstraction might not be required. Following fields and properties are declared in this class: 
Unnecessary Abstraction,Castle.ActiveRecord.Tests,GrandChild,D:\research\architectureSmells\repos\castleproject_Castle.ActiveRecord-READONLY\src\Castle.ActiveRecord.Tests\BugTestCase.cs,The tool detected the smell in this class because the class contains only a few data members without any method implementation' that indicates that the abstraction might not be required. Following fields and properties are declared in this class: 
Unnecessary Abstraction,Castle.ActiveRecord.Tests,HierarchyItem,D:\research\architectureSmells\repos\castleproject_Castle.ActiveRecord-READONLY\src\Castle.ActiveRecord.Tests\BugTestCase.cs,The tool detected the smell in this class because the class contains only a few data members without any method implementation' that indicates that the abstraction might not be required. Following fields and properties are declared in this class: Id' Parent' _id' _parent
Unnecessary Abstraction,Castle.ActiveRecord.Tests,FolderBase,D:\research\architectureSmells\repos\castleproject_Castle.ActiveRecord-READONLY\src\Castle.ActiveRecord.Tests\BugTestCase.cs,The tool detected the smell in this class because the class contains only a few data members without any method implementation' that indicates that the abstraction might not be required. Following fields and properties are declared in this class: Children
Unnecessary Abstraction,Castle.ActiveRecord.Tests,Folder,D:\research\architectureSmells\repos\castleproject_Castle.ActiveRecord-READONLY\src\Castle.ActiveRecord.Tests\BugTestCase.cs,The tool detected the smell in this class because the class contains only a few data members without any method implementation' that indicates that the abstraction might not be required. Following fields and properties are declared in this class: Children' children
Duplicate Abstraction,Castle.ActiveRecord.Tests,DifferentDatabaseScopeTestCase,D:\research\architectureSmells\repos\castleproject_Castle.ActiveRecord-READONLY\src\Castle.ActiveRecord.Tests\DifferentDatabaseScopeTestCase.cs,The tool detected the smell in this class because a set of code clones has been found and at least one of the clones found in this class. List of code clones with start and end line numbers are:  DifferentDatabaseScopeTestCase (D:\research\architectureSmells\repos\castleproject_Castle.ActiveRecord-READONLY\src\Castle.ActiveRecord.Tests\DifferentDatabaseScopeTestCase.cs' [123' 150])' DifferentDatabaseScopeTestCase (D:\research\architectureSmells\repos\castleproject_Castle.ActiveRecord-READONLY\src\Castle.ActiveRecord.Tests\DifferentDatabaseScopeTestCase.cs' [178' 205])
Duplicate Abstraction,Castle.ActiveRecord.Tests,DifferentDatabaseScopeTestCase,D:\research\architectureSmells\repos\castleproject_Castle.ActiveRecord-READONLY\src\Castle.ActiveRecord.Tests\DifferentDatabaseScopeTestCase.cs,The tool detected the smell in this class because a set of code clones has been found and at least one of the clones found in this class. List of code clones with start and end line numbers are:  DifferentDatabaseScopeTestCase (D:\research\architectureSmells\repos\castleproject_Castle.ActiveRecord-READONLY\src\Castle.ActiveRecord.Tests\DifferentDatabaseScopeTestCase.cs' [260' 311])' DifferentDatabaseScopeTestCase (D:\research\architectureSmells\repos\castleproject_Castle.ActiveRecord-READONLY\src\Castle.ActiveRecord.Tests\DifferentDatabaseScopeTestCase.cs' [337' 388])
Duplicate Abstraction,Castle.ActiveRecord.Tests,OtherDbBlog,D:\research\architectureSmells\repos\castleproject_Castle.ActiveRecord-READONLY\src\Castle.ActiveRecord.Tests\Model\OtherDbBlog.cs,The tool detected the smell in this class because a set of code clones has been found and at least one of the clones found in this class. List of code clones with start and end line numbers are:  OtherDbBlog (D:\research\architectureSmells\repos\castleproject_Castle.ActiveRecord-READONLY\src\Castle.ActiveRecord.Tests\Model\OtherDbBlog.cs' [33' 54])' BlogLazy (D:\research\architectureSmells\repos\castleproject_Castle.ActiveRecord-READONLY\src\Castle.ActiveRecord.Tests\Model\BlogLazy.cs' [33' 54])' Blog (D:\research\architectureSmells\repos\castleproject_Castle.ActiveRecord-READONLY\src\Castle.ActiveRecord.Tests\Model\Blog.cs' [43' 64])' Blog (D:\research\architectureSmells\repos\castleproject_Castle.ActiveRecord-READONLY\src\Castle.ActiveRecord.Tests\Model\Linq\Blog.cs' [40' 61])' Blog2 (D:\research\architectureSmells\repos\castleproject_Castle.ActiveRecord-READONLY\src\Castle.ActiveRecord.Tests\Validation\Model\Blog.cs' [69' 90])' Blog2 (D:\research\architectureSmells\repos\castleproject_Castle.ActiveRecord-READONLY\src\Castle.ActiveRecord.Tests\Validation\Model\Blog.cs' [202' 223])' Blog (D:\research\architectureSmells\repos\castleproject_Castle.ActiveRecord-READONLY\src\Castle.ActiveRecord.Tests\Model\MultipleDBWithMediator\Blog.cs' [38' 59])
Multifaceted Abstraction,Castle.ActiveRecord.Tests,OtherDbPost,D:\research\architectureSmells\repos\castleproject_Castle.ActiveRecord-READONLY\src\Castle.ActiveRecord.Tests\Model\OtherDbPost.cs,The tool detected the smell in this class because the cohesion among the methods of this class is low. LCOM of this class is: 1
Duplicate Abstraction,Castle.ActiveRecord.Tests,OtherDbPost,D:\research\architectureSmells\repos\castleproject_Castle.ActiveRecord-READONLY\src\Castle.ActiveRecord.Tests\Model\OtherDbPost.cs,The tool detected the smell in this class because a set of code clones has been found and at least one of the clones found in this class. List of code clones with start and end line numbers are:  OtherDbPost (D:\research\architectureSmells\repos\castleproject_Castle.ActiveRecord-READONLY\src\Castle.ActiveRecord.Tests\Model\OtherDbPost.cs' [39' 74])' Post (D:\research\architectureSmells\repos\castleproject_Castle.ActiveRecord-READONLY\src\Castle.ActiveRecord.Tests\Model\Post.cs' [36' 71])' Post (D:\research\architectureSmells\repos\castleproject_Castle.ActiveRecord-READONLY\src\Castle.ActiveRecord.Tests\Model\Linq\Post.cs' [37' 72])
Duplicate Abstraction,Castle.ActiveRecord.Tests,OtherDbPost,D:\research\architectureSmells\repos\castleproject_Castle.ActiveRecord-READONLY\src\Castle.ActiveRecord.Tests\Model\OtherDbPost.cs,The tool detected the smell in this class because a set of code clones has been found and at least one of the clones found in this class. List of code clones with start and end line numbers are:  OtherDbPost (D:\research\architectureSmells\repos\castleproject_Castle.ActiveRecord-READONLY\src\Castle.ActiveRecord.Tests\Model\OtherDbPost.cs' [76' 100])' Post (D:\research\architectureSmells\repos\castleproject_Castle.ActiveRecord-READONLY\src\Castle.ActiveRecord.Tests\Model\Linq\Post.cs' [74' 98])' Post (D:\research\architectureSmells\repos\castleproject_Castle.ActiveRecord-READONLY\src\Castle.ActiveRecord.Tests\Model\Post.cs' [73' 97])
Multifaceted Abstraction,Castle.ActiveRecord.Tests,PostLazy,D:\research\architectureSmells\repos\castleproject_Castle.ActiveRecord-READONLY\src\Castle.ActiveRecord.Tests\Model\PostLazy.cs,The tool detected the smell in this class because the cohesion among the methods of this class is low. LCOM of this class is: 1
Duplicate Abstraction,Castle.ActiveRecord.Tests,StrictModelTestCase,D:\research\architectureSmells\repos\castleproject_Castle.ActiveRecord-READONLY\src\Castle.ActiveRecord.Tests\StrictModelTestCase.cs,The tool detected the smell in this class because a set of code clones has been found and at least one of the clones found in this class. List of code clones with start and end line numbers are:  StrictModelTestCase (D:\research\architectureSmells\repos\castleproject_Castle.ActiveRecord-READONLY\src\Castle.ActiveRecord.Tests\StrictModelTestCase.cs' [68' 89])' StrictModelTestCase (D:\research\architectureSmells\repos\castleproject_Castle.ActiveRecord-READONLY\src\Castle.ActiveRecord.Tests\StrictModelTestCase.cs' [122' 143])
Duplicate Abstraction,Castle.ActiveRecord.Tests,TransactionScopeTestCase,D:\research\architectureSmells\repos\castleproject_Castle.ActiveRecord-READONLY\src\Castle.ActiveRecord.Tests\TransactionScopeTestCase.cs,The tool detected the smell in this class because a set of code clones has been found and at least one of the clones found in this class. List of code clones with start and end line numbers are:  TransactionScopeTestCase (D:\research\architectureSmells\repos\castleproject_Castle.ActiveRecord-READONLY\src\Castle.ActiveRecord.Tests\TransactionScopeTestCase.cs' [345' 374])' TransactionScopeTestCase (D:\research\architectureSmells\repos\castleproject_Castle.ActiveRecord-READONLY\src\Castle.ActiveRecord.Tests\TransactionScopeTestCase.cs' [424' 453])
Duplicate Abstraction,Castle.ActiveRecord.Tests,TransactionScopeTestCase,D:\research\architectureSmells\repos\castleproject_Castle.ActiveRecord-READONLY\src\Castle.ActiveRecord.Tests\TransactionScopeTestCase.cs,The tool detected the smell in this class because a set of code clones has been found and at least one of the clones found in this class. List of code clones with start and end line numbers are:  TransactionScopeTestCase (D:\research\architectureSmells\repos\castleproject_Castle.ActiveRecord-READONLY\src\Castle.ActiveRecord.Tests\TransactionScopeTestCase.cs' [465' 495])' TransactionScopeTestCase (D:\research\architectureSmells\repos\castleproject_Castle.ActiveRecord-READONLY\src\Castle.ActiveRecord.Tests\TransactionScopeTestCase.cs' [518' 548])
Unutilized Abstraction,Castle.ActiveRecord.Tests,DefaultConfigurationsTestCase,D:\research\architectureSmells\repos\castleproject_Castle.ActiveRecord-READONLY\src\Castle.ActiveRecord.Tests\DefaultConfigurationsTestCase.cs,The tool detected the smell in this class because this class is potentially unused.   (Please ignore the smell if the reported class is auto-generated and/or used to serve a specific known purpose.)
Unnecessary Abstraction,Castle.ActiveRecord.Tests,ActiveRecordClass,D:\research\architectureSmells\repos\castleproject_Castle.ActiveRecord-READONLY\src\Castle.ActiveRecord.Tests\IntegrationWithNHibernateTestCase.cs,The tool detected the smell in this class because the class contains only a few data members without any method implementation' that indicates that the abstraction might not be required. Following fields and properties are declared in this class: Id' Friend' id' friend
Unutilized Abstraction,Castle.ActiveRecord.Tests,InvalidRootTypeTestCase,D:\research\architectureSmells\repos\castleproject_Castle.ActiveRecord-READONLY\src\Castle.ActiveRecord.Tests\InvalidRootTypeTestCase.cs,The tool detected the smell in this class because this class is potentially unused.   (Please ignore the smell if the reported class is auto-generated and/or used to serve a specific known purpose.)
Unnecessary Abstraction,Castle.ActiveRecord.Tests,NonAbstractRootType,D:\research\architectureSmells\repos\castleproject_Castle.ActiveRecord-READONLY\src\Castle.ActiveRecord.Tests\InvalidRootTypeTestCase.cs,The tool detected the smell in this class because the class contains only a few data members without any method implementation' that indicates that the abstraction might not be required. Following fields and properties are declared in this class: 
Duplicate Abstraction,Castle.ActiveRecord.Tests,NestedModelValidation,D:\research\architectureSmells\repos\castleproject_Castle.ActiveRecord-READONLY\src\Castle.ActiveRecord.Tests\NestedModelValidation.cs,The tool detected the smell in this class because a set of code clones has been found and at least one of the clones found in this class. List of code clones with start and end line numbers are:  NestedModelValidation (D:\research\architectureSmells\repos\castleproject_Castle.ActiveRecord-READONLY\src\Castle.ActiveRecord.Tests\NestedModelValidation.cs' [32' 67])' NestedModelValidation (D:\research\architectureSmells\repos\castleproject_Castle.ActiveRecord-READONLY\src\Castle.ActiveRecord.Tests\NestedModelValidation.cs' [78' 113])
Unnecessary Abstraction,Castle.ActiveRecord.Tests.Bugs,Document,D:\research\architectureSmells\repos\castleproject_Castle.ActiveRecord-READONLY\src\Castle.ActiveRecord.Tests\Bugs\ARIssue157TestCase.cs,The tool detected the smell in this class because the class contains only a few data members without any method implementation' that indicates that the abstraction might not be required. Following fields and properties are declared in this class: Id
Unnecessary Abstraction,Castle.ActiveRecord.Tests.Bugs,OneKindOfDocument,D:\research\architectureSmells\repos\castleproject_Castle.ActiveRecord-READONLY\src\Castle.ActiveRecord.Tests\Bugs\ARIssue157TestCase.cs,The tool detected the smell in this class because the class contains only a few data members without any method implementation' that indicates that the abstraction might not be required. Following fields and properties are declared in this class: CompId
Unnecessary Abstraction,Castle.ActiveRecord.Tests.Bugs,DocumentSearchResult,D:\research\architectureSmells\repos\castleproject_Castle.ActiveRecord-READONLY\src\Castle.ActiveRecord.Tests\Bugs\ARIssue157TestCase.cs,The tool detected the smell in this class because the class contains only a few data members without any method implementation' that indicates that the abstraction might not be required. Following fields and properties are declared in this class: 
Unutilized Abstraction,Castle.ActiveRecord.Tests.Config,AspNet2ConfigurationIntegration,D:\research\architectureSmells\repos\castleproject_Castle.ActiveRecord-READONLY\src\Castle.ActiveRecord.Tests\Config\AspNet2.0ConfigurationIntegration.cs,The tool detected the smell in this class because this class is potentially unused.   (Please ignore the smell if the reported class is auto-generated and/or used to serve a specific known purpose.)
Unutilized Abstraction,Castle.ActiveRecord.Tests.Config,ConfigurationSource,D:\research\architectureSmells\repos\castleproject_Castle.ActiveRecord-READONLY\src\Castle.ActiveRecord.Tests\Config\ConfigurationSource.cs,The tool detected the smell in this class because this class is potentially unused.   (Please ignore the smell if the reported class is auto-generated and/or used to serve a specific known purpose.)
Unnecessary Abstraction,Castle.ActiveRecord.Tests.Config,MySessionFactoryHolder,D:\research\architectureSmells\repos\castleproject_Castle.ActiveRecord-READONLY\src\Castle.ActiveRecord.Tests\Config\ConfigurationSource.cs,The tool detected the smell in this class because the class contains only a few data members without any method implementation' that indicates that the abstraction might not be required. Following fields and properties are declared in this class: 
Unutilized Abstraction,Castle.ActiveRecord.Tests.Config,ConfigureTests,D:\research\architectureSmells\repos\castleproject_Castle.ActiveRecord-READONLY\src\Castle.ActiveRecord.Tests\Config\ConfigureTests.cs,The tool detected the smell in this class because this class is potentially unused.   (Please ignore the smell if the reported class is auto-generated and/or used to serve a specific known purpose.)
Unnecessary Abstraction,Castle.ActiveRecord.Tests.Config,SampleThreadScopeInfo,D:\research\architectureSmells\repos\castleproject_Castle.ActiveRecord-READONLY\src\Castle.ActiveRecord.Tests\Config\ConfigureTests.cs,The tool detected the smell in this class because the class contains only a few data members without any method implementation' that indicates that the abstraction might not be required. Following fields and properties are declared in this class: 
Unnecessary Abstraction,Castle.ActiveRecord.Tests.Config,SampleSessionFactoryHolder,D:\research\architectureSmells\repos\castleproject_Castle.ActiveRecord-READONLY\src\Castle.ActiveRecord.Tests\Config\ConfigureTests.cs,The tool detected the smell in this class because the class contains only a few data members without any method implementation' that indicates that the abstraction might not be required. Following fields and properties are declared in this class: 
Unnecessary Abstraction,Castle.ActiveRecord.Tests.Config,AuditType,D:\research\architectureSmells\repos\castleproject_Castle.ActiveRecord-READONLY\src\Castle.ActiveRecord.Tests\Config\ConfigureTests.cs,The tool detected the smell in this class because the class contains only a few data members without any method implementation' that indicates that the abstraction might not be required. Following fields and properties are declared in this class: 
Unnecessary Abstraction,Castle.ActiveRecord.Tests.Config,DefaultAuditorType,D:\research\architectureSmells\repos\castleproject_Castle.ActiveRecord-READONLY\src\Castle.ActiveRecord.Tests\Config\ConfigureTests.cs,The tool detected the smell in this class because the class contains only a few data members without any method implementation' that indicates that the abstraction might not be required. Following fields and properties are declared in this class: 
Unnecessary Abstraction,Castle.ActiveRecord.Tests.Config,MessagingImpl,D:\research\architectureSmells\repos\castleproject_Castle.ActiveRecord-READONLY\src\Castle.ActiveRecord.Tests\Config\ConfigureTests.cs,The tool detected the smell in this class because the class contains only a few data members without any method implementation' that indicates that the abstraction might not be required. Following fields and properties are declared in this class: 
Unnecessary Abstraction,Castle.ActiveRecord.Tests.Config,OneOfMyEntities,D:\research\architectureSmells\repos\castleproject_Castle.ActiveRecord-READONLY\src\Castle.ActiveRecord.Tests\Config\ConfigureTests.cs,The tool detected the smell in this class because the class contains only a few data members without any method implementation' that indicates that the abstraction might not be required. Following fields and properties are declared in this class: 
Unnecessary Abstraction,Castle.ActiveRecord.Tests.Config,MyMappingClass,D:\research\architectureSmells\repos\castleproject_Castle.ActiveRecord-READONLY\src\Castle.ActiveRecord.Tests\Config\ConfigureTests.cs,The tool detected the smell in this class because the class contains only a few data members without any method implementation' that indicates that the abstraction might not be required. Following fields and properties are declared in this class: 
Unutilized Abstraction,Castle.ActiveRecord.Tests.Config,StorageConfigurationDoesCreateCorrectConfigurationValues,D:\research\architectureSmells\repos\castleproject_Castle.ActiveRecord-READONLY\src\Castle.ActiveRecord.Tests\Config\StorageConfigurationTests.cs,The tool detected the smell in this class because this class is potentially unused.   (Please ignore the smell if the reported class is auto-generated and/or used to serve a specific known purpose.)
Unnecessary Abstraction,Castle.ActiveRecord.Tests.Model.GenericModel,CompanyEntity,D:\research\architectureSmells\repos\castleproject_Castle.ActiveRecord-READONLY\src\Castle.ActiveRecord.Tests\Model\GenericModel\Entity.cs,The tool detected the smell in this class because the class contains only a few data members without any method implementation' that indicates that the abstraction might not be required. Following fields and properties are declared in this class: CompId' CompanyType' company_type' comp_id
Duplicate Abstraction,Castle.ActiveRecord.Tests.Model.GenericModel,CompanyEntity,D:\research\architectureSmells\repos\castleproject_Castle.ActiveRecord-READONLY\src\Castle.ActiveRecord.Tests\Model\GenericModel\Entity.cs,The tool detected the smell in this class because two or more abstractions have identical names. The abstractions with identical names are: Castle.ActiveRecord.Tests.Model.GenericModel.CompanyEntity' Castle.ActiveRecord.Tests.Model.CompanyEntity
Unnecessary Abstraction,Castle.ActiveRecord.Tests.Model.GenericModel,PersonEntity,D:\research\architectureSmells\repos\castleproject_Castle.ActiveRecord-READONLY\src\Castle.ActiveRecord.Tests\Model\GenericModel\Entity.cs,The tool detected the smell in this class because the class contains only a few data members without any method implementation' that indicates that the abstraction might not be required. Following fields and properties are declared in this class: Person_Id' person_id
Duplicate Abstraction,Castle.ActiveRecord.Tests.Model.GenericModel,PersonEntity,D:\research\architectureSmells\repos\castleproject_Castle.ActiveRecord-READONLY\src\Castle.ActiveRecord.Tests\Model\GenericModel\Entity.cs,The tool detected the smell in this class because two or more abstractions have identical names. The abstractions with identical names are: Castle.ActiveRecord.Tests.Model.GenericModel.PersonEntity' Castle.ActiveRecord.Tests.Model.PersonEntity
Duplicate Abstraction,Castle.ActiveRecord.Tests.Model.GenericModel,Blog,D:\research\architectureSmells\repos\castleproject_Castle.ActiveRecord-READONLY\src\Castle.ActiveRecord.Tests\Model\GenericModel\Blog.cs,The tool detected the smell in this class because two or more abstractions have identical names. The abstractions with identical names are: Castle.ActiveRecord.Tests.Model.GenericModel.Blog' Castle.ActiveRecord.Tests.Model.Blog' Castle.ActiveRecord.Tests.Model.Linq.Blog' Castle.ActiveRecord.Tests.Model.MultipleDBWithMediator.Blog
Duplicate Abstraction,Castle.ActiveRecord.Tests.Model.GenericModel,Company,D:\research\architectureSmells\repos\castleproject_Castle.ActiveRecord-READONLY\src\Castle.ActiveRecord.Tests\Model\GenericModel\Company.cs,The tool detected the smell in this class because two or more abstractions have identical names. The abstractions with identical names are: Castle.ActiveRecord.Tests.Model.GenericModel.Company' Castle.ActiveRecord.Tests.Model.Company
Duplicate Abstraction,Castle.ActiveRecord.Tests.Model.GenericModel,PostalAddress,D:\research\architectureSmells\repos\castleproject_Castle.ActiveRecord-READONLY\src\Castle.ActiveRecord.Tests\Model\GenericModel\Company.cs,The tool detected the smell in this class because two or more abstractions have identical names. The abstractions with identical names are: Castle.ActiveRecord.Tests.Model.GenericModel.PostalAddress' Castle.ActiveRecord.Tests.Model.PostalAddress
Duplicate Abstraction,Castle.ActiveRecord.Tests.Model.GenericModel,Employee,D:\research\architectureSmells\repos\castleproject_Castle.ActiveRecord-READONLY\src\Castle.ActiveRecord.Tests\Model\GenericModel\Employee.cs,The tool detected the smell in this class because two or more abstractions have identical names. The abstractions with identical names are: Castle.ActiveRecord.Tests.Model.GenericModel.Employee' Castle.ActiveRecord.Tests.Model.Employee
Duplicate Abstraction,Castle.ActiveRecord.Tests.Model.GenericModel,Award,D:\research\architectureSmells\repos\castleproject_Castle.ActiveRecord-READONLY\src\Castle.ActiveRecord.Tests\Model\GenericModel\Employee.cs,The tool detected the smell in this class because two or more abstractions have identical names. The abstractions with identical names are: Castle.ActiveRecord.Tests.Model.GenericModel.Award' Castle.ActiveRecord.Tests.Model.Award
Duplicate Abstraction,Castle.ActiveRecord.Tests.Model.GenericModel,Person,D:\research\architectureSmells\repos\castleproject_Castle.ActiveRecord-READONLY\src\Castle.ActiveRecord.Tests\Model\GenericModel\Person.cs,The tool detected the smell in this class because two or more abstractions have identical names. The abstractions with identical names are: Castle.ActiveRecord.Tests.Model.GenericModel.Person' Castle.ActiveRecord.Tests.Model.Person' Castle.ActiveRecord.Tests.Validation.GenericModel.Person' Castle.ActiveRecord.Tests.Validation.Model.Person
Duplicate Abstraction,Castle.ActiveRecord.Tests.Model.GenericModel,Post,D:\research\architectureSmells\repos\castleproject_Castle.ActiveRecord-READONLY\src\Castle.ActiveRecord.Tests\Model\GenericModel\Post.cs,The tool detected the smell in this class because two or more abstractions have identical names. The abstractions with identical names are: Castle.ActiveRecord.Tests.Model.GenericModel.Post' Castle.ActiveRecord.Tests.Model.Post' Castle.ActiveRecord.Tests.Model.Linq.Post
Unnecessary Abstraction,Castle.ActiveRecord.Tests.Model.GenericModel,AbstractClass<T>,D:\research\architectureSmells\repos\castleproject_Castle.ActiveRecord-READONLY\src\Castle.ActiveRecord.Tests\Model\GenericModel\AbstractClass.cs,The tool detected the smell in this class because the class contains only a few data members without any method implementation' that indicates that the abstraction might not be required. Following fields and properties are declared in this class: Id' id
Unnecessary Abstraction,Castle.ActiveRecord.Tests.Model.GenericModel,ConcreteClass,D:\research\architectureSmells\repos\castleproject_Castle.ActiveRecord-READONLY\src\Castle.ActiveRecord.Tests\Model\GenericModel\AbstractClass.cs,The tool detected the smell in this class because the class contains only a few data members without any method implementation' that indicates that the abstraction might not be required. Following fields and properties are declared in this class: 
Unnecessary Abstraction,Castle.ActiveRecord.Tests.Model,LazyObjectWithLazyBlobProperty,D:\research\architectureSmells\repos\castleproject_Castle.ActiveRecord-READONLY\src\Castle.ActiveRecord.Tests\Model\LazyObjectWithLazyBlobProperty.cs,The tool detected the smell in this class because the class contains only a few data members without any method implementation' that indicates that the abstraction might not be required. Following fields and properties are declared in this class: Id' BlobData' id' blobdata
Unnecessary Abstraction,Castle.ActiveRecord.Tests.Model,ObjectWithLazyAssociation,D:\research\architectureSmells\repos\castleproject_Castle.ActiveRecord-READONLY\src\Castle.ActiveRecord.Tests\Model\ObjectWithLazyAssociation.cs,The tool detected the smell in this class because the class contains only a few data members without any method implementation' that indicates that the abstraction might not be required. Following fields and properties are declared in this class: Id' LazyObj' id' lazyObj
Unnecessary Abstraction,Castle.ActiveRecord.Tests.Model,ScopelessLazy,D:\research\architectureSmells\repos\castleproject_Castle.ActiveRecord-READONLY\src\Castle.ActiveRecord.Tests\Model\ScopelessLazy.cs,The tool detected the smell in this class because the class contains only a few data members without any method implementation' that indicates that the abstraction might not be required. Following fields and properties are declared in this class: 
Unnecessary Abstraction,Castle.ActiveRecord.Tests.Model,VeryLazyObject2,D:\research\architectureSmells\repos\castleproject_Castle.ActiveRecord-READONLY\src\Castle.ActiveRecord.Tests\Model\VeryLazyObject2.cs,The tool detected the smell in this class because the class contains only a few data members without any method implementation' that indicates that the abstraction might not be required. Following fields and properties are declared in this class: Id' Title' id' title
Unnecessary Abstraction,Castle.ActiveRecord.Tests.Model,BadPostClass,D:\research\architectureSmells\repos\castleproject_Castle.ActiveRecord-READONLY\src\Castle.ActiveRecord.Tests\Model\BadPostClass.cs,The tool detected the smell in this class because the class contains only a few data members without any method implementation' that indicates that the abstraction might not be required. Following fields and properties are declared in this class: Blog
Unutilized Abstraction,Castle.ActiveRecord.Tests.Model,BadPostClass,D:\research\architectureSmells\repos\castleproject_Castle.ActiveRecord-READONLY\src\Castle.ActiveRecord.Tests\Model\BadPostClass.cs,The tool detected the smell in this class because this class is potentially unused.   (Please ignore the smell if the reported class is auto-generated and/or used to serve a specific known purpose.)
Multifaceted Abstraction,Castle.ActiveRecord.Tests.Model,Blog,D:\research\architectureSmells\repos\castleproject_Castle.ActiveRecord-READONLY\src\Castle.ActiveRecord.Tests\Model\Blog.cs,The tool detected the smell in this class because the cohesion among the methods of this class is low. LCOM of this class is: 1
Duplicate Abstraction,Castle.ActiveRecord.Tests.Model,Blog,D:\research\architectureSmells\repos\castleproject_Castle.ActiveRecord-READONLY\src\Castle.ActiveRecord.Tests\Model\Blog.cs,The tool detected the smell in this class because a set of code clones has been found and at least one of the clones found in this class. List of code clones with start and end line numbers are:  Blog (D:\research\architectureSmells\repos\castleproject_Castle.ActiveRecord-READONLY\src\Castle.ActiveRecord.Tests\Model\Blog.cs' [43' 92])' Blog (D:\research\architectureSmells\repos\castleproject_Castle.ActiveRecord-READONLY\src\Castle.ActiveRecord.Tests\Model\Linq\Blog.cs' [40' 89])
Duplicate Abstraction,Castle.ActiveRecord.Tests.Model,Blog,D:\research\architectureSmells\repos\castleproject_Castle.ActiveRecord-READONLY\src\Castle.ActiveRecord.Tests\Model\Blog.cs,The tool detected the smell in this class because a set of code clones has been found and at least one of the clones found in this class. List of code clones with start and end line numbers are:  Blog (D:\research\architectureSmells\repos\castleproject_Castle.ActiveRecord-READONLY\src\Castle.ActiveRecord.Tests\Model\Blog.cs' [34' 61])' Blog (D:\research\architectureSmells\repos\castleproject_Castle.ActiveRecord-READONLY\src\Castle.ActiveRecord.Tests\Model\Linq\Blog.cs' [31' 58])
Duplicate Abstraction,Castle.ActiveRecord.Tests.Model,Blog,D:\research\architectureSmells\repos\castleproject_Castle.ActiveRecord-READONLY\src\Castle.ActiveRecord.Tests\Model\Blog.cs,The tool detected the smell in this class because a set of code clones has been found and at least one of the clones found in this class. List of code clones with start and end line numbers are:  Blog (D:\research\architectureSmells\repos\castleproject_Castle.ActiveRecord-READONLY\src\Castle.ActiveRecord.Tests\Model\Blog.cs' [34' 61])' Blog (D:\research\architectureSmells\repos\castleproject_Castle.ActiveRecord-READONLY\src\Castle.ActiveRecord.Tests\Model\MultipleDBWithMediator\Blog.cs' [29' 56])' Blog (D:\research\architectureSmells\repos\castleproject_Castle.ActiveRecord-READONLY\src\Castle.ActiveRecord.Tests\Model\Linq\Blog.cs' [31' 58])
Unnecessary Abstraction,Castle.ActiveRecord.Tests.Model,IManager,D:\research\architectureSmells\repos\castleproject_Castle.ActiveRecord-READONLY\src\Castle.ActiveRecord.Tests\Model\Entity.cs,The tool detected the smell in this class because the class contains only a few data members without any method implementation' that indicates that the abstraction might not be required. Following fields and properties are declared in this class: Id' Name
Duplicate Abstraction,Castle.ActiveRecord.Tests.Model,Order,D:\research\architectureSmells\repos\castleproject_Castle.ActiveRecord-READONLY\src\Castle.ActiveRecord.Tests\Model\Order.cs,The tool detected the smell in this class because two or more abstractions have identical names. The abstractions with identical names are: Castle.ActiveRecord.Tests.Model.Order' Castle.ActiveRecord.Tests.Model.AnyModel.Order
Duplicate Abstraction,Castle.ActiveRecord.Tests.Model,Order,D:\research\architectureSmells\repos\castleproject_Castle.ActiveRecord-READONLY\src\Castle.ActiveRecord.Tests\Model\Order.cs,The tool detected the smell in this class because a set of code clones has been found and at least one of the clones found in this class. List of code clones with start and end line numbers are:  Order (D:\research\architectureSmells\repos\castleproject_Castle.ActiveRecord-READONLY\src\Castle.ActiveRecord.Tests\Model\Order.cs' [30' 51])' Order (D:\research\architectureSmells\repos\castleproject_Castle.ActiveRecord-READONLY\src\Castle.ActiveRecord.Tests\Model\Order.cs' [79' 100])
Unnecessary Abstraction,Castle.ActiveRecord.Tests.Model,FullName,D:\research\architectureSmells\repos\castleproject_Castle.ActiveRecord-READONLY\src\Castle.ActiveRecord.Tests\Model\Person.cs,The tool detected the smell in this class because the class contains only a few data members without any method implementation' that indicates that the abstraction might not be required. Following fields and properties are declared in this class: First' Middle' _first' _middle' Last
Multifaceted Abstraction,Castle.ActiveRecord.Tests.Model,Post,D:\research\architectureSmells\repos\castleproject_Castle.ActiveRecord-READONLY\src\Castle.ActiveRecord.Tests\Model\Post.cs,The tool detected the smell in this class because the cohesion among the methods of this class is low. LCOM of this class is: 1
Duplicate Abstraction,Castle.ActiveRecord.Tests.Model,Post,D:\research\architectureSmells\repos\castleproject_Castle.ActiveRecord-READONLY\src\Castle.ActiveRecord.Tests\Model\Post.cs,The tool detected the smell in this class because a set of code clones has been found and at least one of the clones found in this class. List of code clones with start and end line numbers are:  Post (D:\research\architectureSmells\repos\castleproject_Castle.ActiveRecord-READONLY\src\Castle.ActiveRecord.Tests\Model\Post.cs' [36' 91])' Post (D:\research\architectureSmells\repos\castleproject_Castle.ActiveRecord-READONLY\src\Castle.ActiveRecord.Tests\Model\Linq\Post.cs' [37' 92])
Duplicate Abstraction,Castle.ActiveRecord.Tests.Model,Post,D:\research\architectureSmells\repos\castleproject_Castle.ActiveRecord-READONLY\src\Castle.ActiveRecord.Tests\Model\Post.cs,The tool detected the smell in this class because a set of code clones has been found and at least one of the clones found in this class. List of code clones with start and end line numbers are:  Post (D:\research\architectureSmells\repos\castleproject_Castle.ActiveRecord-READONLY\src\Castle.ActiveRecord.Tests\Model\Post.cs' [22' 54])' Post (D:\research\architectureSmells\repos\castleproject_Castle.ActiveRecord-READONLY\src\Castle.ActiveRecord.Tests\Model\Linq\Post.cs' [23' 55])
Duplicate Abstraction,Castle.ActiveRecord.Tests.Model,Post,D:\research\architectureSmells\repos\castleproject_Castle.ActiveRecord-READONLY\src\Castle.ActiveRecord.Tests\Model\Post.cs,The tool detected the smell in this class because a set of code clones has been found and at least one of the clones found in this class. List of code clones with start and end line numbers are:  Post (D:\research\architectureSmells\repos\castleproject_Castle.ActiveRecord-READONLY\src\Castle.ActiveRecord.Tests\Model\Post.cs' [102' 128])' Post (D:\research\architectureSmells\repos\castleproject_Castle.ActiveRecord-READONLY\src\Castle.ActiveRecord.Tests\Model\Linq\Post.cs' [106' 132])
Duplicate Abstraction,Castle.ActiveRecord.Tests.Model,Product,D:\research\architectureSmells\repos\castleproject_Castle.ActiveRecord-READONLY\src\Castle.ActiveRecord.Tests\Model\Product.cs,The tool detected the smell in this class because two or more abstractions have identical names. The abstractions with identical names are: Castle.ActiveRecord.Tests.Model.Product' Castle.ActiveRecord.Tests.Model.CompositeUserType.Product
Duplicate Abstraction,Castle.ActiveRecord.Tests.Model,Product,D:\research\architectureSmells\repos\castleproject_Castle.ActiveRecord-READONLY\src\Castle.ActiveRecord.Tests\Model\Product.cs,The tool detected the smell in this class because a set of code clones has been found and at least one of the clones found in this class. List of code clones with start and end line numbers are:  Product (D:\research\architectureSmells\repos\castleproject_Castle.ActiveRecord-READONLY\src\Castle.ActiveRecord.Tests\Model\Product.cs' [28' 56])' Product (D:\research\architectureSmells\repos\castleproject_Castle.ActiveRecord-READONLY\src\Castle.ActiveRecord.Tests\Model\Product.cs' [85' 113])
Unnecessary Abstraction,Castle.ActiveRecord.Tests.Model,SimpleModel,D:\research\architectureSmells\repos\castleproject_Castle.ActiveRecord-READONLY\src\Castle.ActiveRecord.Tests\Model\SimpleModel.cs,The tool detected the smell in this class because the class contains only a few data members without any method implementation' that indicates that the abstraction might not be required. Following fields and properties are declared in this class: id' name' _id' _name
Unutilized Abstraction,Castle.ActiveRecord.Tests.Model,SimpleModel,D:\research\architectureSmells\repos\castleproject_Castle.ActiveRecord-READONLY\src\Castle.ActiveRecord.Tests\Model\SimpleModel.cs,The tool detected the smell in this class because this class is potentially unused.   (Please ignore the smell if the reported class is auto-generated and/or used to serve a specific known purpose.)
Unnecessary Abstraction,Castle.ActiveRecord.Tests.Model,SimpleModel2,D:\research\architectureSmells\repos\castleproject_Castle.ActiveRecord-READONLY\src\Castle.ActiveRecord.Tests\Model\SimpleModel2.cs,The tool detected the smell in this class because the class contains only a few data members without any method implementation' that indicates that the abstraction might not be required. Following fields and properties are declared in this class: id' name' _id' _name
Unutilized Abstraction,Castle.ActiveRecord.Tests.Model,SimpleModel2,D:\research\architectureSmells\repos\castleproject_Castle.ActiveRecord-READONLY\src\Castle.ActiveRecord.Tests\Model\SimpleModel2.cs,The tool detected the smell in this class because this class is potentially unused.   (Please ignore the smell if the reported class is auto-generated and/or used to serve a specific known purpose.)
Unnecessary Abstraction,Castle.ActiveRecord.Tests.Model,SimpleModel3,D:\research\architectureSmells\repos\castleproject_Castle.ActiveRecord-READONLY\src\Castle.ActiveRecord.Tests\Model\SimpleModel3.cs,The tool detected the smell in this class because the class contains only a few data members without any method implementation' that indicates that the abstraction might not be required. Following fields and properties are declared in this class: id' name' _id' _name
Unutilized Abstraction,Castle.ActiveRecord.Tests.Model,SimpleModel3,D:\research\architectureSmells\repos\castleproject_Castle.ActiveRecord-READONLY\src\Castle.ActiveRecord.Tests\Model\SimpleModel3.cs,The tool detected the smell in this class because this class is potentially unused.   (Please ignore the smell if the reported class is auto-generated and/or used to serve a specific known purpose.)
Unnecessary Abstraction,Castle.ActiveRecord.Tests.Model,ProductWithGuid,D:\research\architectureSmells\repos\castleproject_Castle.ActiveRecord-READONLY\src\Castle.ActiveRecord.Tests\Model\ProductWithGuid.cs,The tool detected the smell in this class because the class contains only a few data members without any method implementation' that indicates that the abstraction might not be required. Following fields and properties are declared in this class: Id' Key' _id' key
Unnecessary Abstraction,Castle.ActiveRecord.Tests.Model,SimpleBlog,D:\research\architectureSmells\repos\castleproject_Castle.ActiveRecord-READONLY\src\Castle.ActiveRecord.Tests\Model\SimpleBlog.cs,The tool detected the smell in this class because the class contains only a few data members without any method implementation' that indicates that the abstraction might not be required. Following fields and properties are declared in this class: Id' Name' Posts' posts
Unnecessary Abstraction,Castle.ActiveRecord.Tests.Model,SimplePost,D:\research\architectureSmells\repos\castleproject_Castle.ActiveRecord-READONLY\src\Castle.ActiveRecord.Tests\Model\SimplePost.cs,The tool detected the smell in this class because the class contains only a few data members without any method implementation' that indicates that the abstraction might not be required. Following fields and properties are declared in this class: Id' Title' Blog
Unnecessary Abstraction,Castle.ActiveRecord.Tests.Model,Animal<T>,D:\research\architectureSmells\repos\castleproject_Castle.ActiveRecord-READONLY\src\Castle.ActiveRecord.Tests\Model\Animal.cs,The tool detected the smell in this class because the class contains only a few data members without any method implementation' that indicates that the abstraction might not be required. Following fields and properties are declared in this class: Id' Name' id' name
Unnecessary Abstraction,Castle.ActiveRecord.Tests.Model,Cat,D:\research\architectureSmells\repos\castleproject_Castle.ActiveRecord-READONLY\src\Castle.ActiveRecord.Tests\Model\Animal.cs,The tool detected the smell in this class because the class contains only a few data members without any method implementation' that indicates that the abstraction might not be required. Following fields and properties are declared in this class: AnimalId' Breed' breed' animal_id
Unnecessary Abstraction,Castle.ActiveRecord.Tests.Model,Dog,D:\research\architectureSmells\repos\castleproject_Castle.ActiveRecord-READONLY\src\Castle.ActiveRecord.Tests\Model\Animal.cs,The tool detected the smell in this class because the class contains only a few data members without any method implementation' that indicates that the abstraction might not be required. Following fields and properties are declared in this class: AnimalId' MastersName' animal_id' master_name
Unnecessary Abstraction,Castle.ActiveRecord.Tests.Model,ModelClassUsedToCreateTableForClassWithBrokenField,D:\research\architectureSmells\repos\castleproject_Castle.ActiveRecord-READONLY\src\Castle.ActiveRecord.Tests\Model\ClassWithBrokenField.cs,The tool detected the smell in this class because the class contains only a few data members without any method implementation' that indicates that the abstraction might not be required. Following fields and properties are declared in this class: Id' _id
Unnecessary Abstraction,Castle.ActiveRecord.Tests.Model,ModelClassWithBrokenField,D:\research\architectureSmells\repos\castleproject_Castle.ActiveRecord-READONLY\src\Castle.ActiveRecord.Tests\Model\ClassWithBrokenField.cs,The tool detected the smell in this class because the class contains only a few data members without any method implementation' that indicates that the abstraction might not be required. Following fields and properties are declared in this class: Broken' broken
Unnecessary Abstraction,Castle.ActiveRecord.Tests.Model,EnumModel,D:\research\architectureSmells\repos\castleproject_Castle.ActiveRecord-READONLY\src\Castle.ActiveRecord.Tests\Model\EnumModel.cs,The tool detected the smell in this class because the class contains only a few data members without any method implementation' that indicates that the abstraction might not be required. Following fields and properties are declared in this class: Id' Roles' _id' _roles
Unnecessary Abstraction,Castle.ActiveRecord.Tests.Model,Ship,D:\research\architectureSmells\repos\castleproject_Castle.ActiveRecord-READONLY\src\Castle.ActiveRecord.Tests\Model\Ship.cs,The tool detected the smell in this class because the class contains only a few data members without any method implementation' that indicates that the abstraction might not be required. Following fields and properties are declared in this class: Id' Name' id' name
Unnecessary Abstraction,Castle.ActiveRecord.Tests.Model,ShipWithBorkenField,D:\research\architectureSmells\repos\castleproject_Castle.ActiveRecord-READONLY\src\Castle.ActiveRecord.Tests\Model\Ship.cs,The tool detected the smell in this class because the class contains only a few data members without any method implementation' that indicates that the abstraction might not be required. Following fields and properties are declared in this class: Passangers' passangers
Unnecessary Abstraction,Castle.ActiveRecord.Tests.Model,Octopus,D:\research\architectureSmells\repos\castleproject_Castle.ActiveRecord-READONLY\src\Castle.ActiveRecord.Tests\Model\Octopus.cs,The tool detected the smell in this class because the class contains only a few data members without any method implementation' that indicates that the abstraction might not be required. Following fields and properties are declared in this class: Id' _id
Unnecessary Abstraction,Castle.ActiveRecord.Tests.Model,VeryLazyObject,D:\research\architectureSmells\repos\castleproject_Castle.ActiveRecord-READONLY\src\Castle.ActiveRecord.Tests\Model\VeryLazyObject.cs,The tool detected the smell in this class because the class contains only a few data members without any method implementation' that indicates that the abstraction might not be required. Following fields and properties are declared in this class: Id' Title' id' title
Multifaceted Abstraction,Castle.ActiveRecord.Tests.Model.CompositeModel,Group,D:\research\architectureSmells\repos\castleproject_Castle.ActiveRecord-READONLY\src\Castle.ActiveRecord.Tests\Model\CompositeModel\Group.cs,The tool detected the smell in this class because the cohesion among the methods of this class is low. LCOM of this class is: 1
Unnecessary Abstraction,Castle.ActiveRecord.Tests.Model.Nested,NestedInner,D:\research\architectureSmells\repos\castleproject_Castle.ActiveRecord-READONLY\src\Castle.ActiveRecord.Tests\Model\Nested\NestedParent.cs,The tool detected the smell in this class because the class contains only a few data members without any method implementation' that indicates that the abstraction might not be required. Following fields and properties are declared in this class: IntProp' DateProp' dateProp' intProp
Unnecessary Abstraction,Castle.ActiveRecord.Tests.Model.Nested,INestedInner,D:\research\architectureSmells\repos\castleproject_Castle.ActiveRecord-READONLY\src\Castle.ActiveRecord.Tests\Model\Nested\NestedParent.cs,The tool detected the smell in this class because the class contains only a few data members without any method implementation' that indicates that the abstraction might not be required. Following fields and properties are declared in this class: IntProp' DateProp
Unnecessary Abstraction,Castle.ActiveRecord.Tests.Model.Nested,Convention,D:\research\architectureSmells\repos\castleproject_Castle.ActiveRecord-READONLY\src\Castle.ActiveRecord.Tests\Model\Nested\Operation.cs,The tool detected the smell in this class because the class contains only a few data members without any method implementation' that indicates that the abstraction might not be required. Following fields and properties are declared in this class: Id' Description' id' description
Unnecessary Abstraction,Castle.ActiveRecord.Tests.Model.Nested,Name,D:\research\architectureSmells\repos\castleproject_Castle.ActiveRecord-READONLY\src\Castle.ActiveRecord.Tests\Model\Nested\WithPrefix.cs,The tool detected the smell in this class because the class contains only a few data members without any method implementation' that indicates that the abstraction might not be required. Following fields and properties are declared in this class: First' Last' first' last' Middle
Unnecessary Abstraction,Castle.ActiveRecord.Tests.Model.RulesModel,RuleBase,D:\research\architectureSmells\repos\castleproject_Castle.ActiveRecord-READONLY\src\Castle.ActiveRecord.Tests\Model\RulesModel\Rules.cs,The tool detected the smell in this class because the class contains only a few data members without any method implementation' that indicates that the abstraction might not be required. Following fields and properties are declared in this class: Count' count
Unnecessary Abstraction,Castle.ActiveRecord.Tests.Model.RulesModel,PersistedRule,D:\research\architectureSmells\repos\castleproject_Castle.ActiveRecord-READONLY\src\Castle.ActiveRecord.Tests\Model\RulesModel\Rules.cs,The tool detected the smell in this class because the class contains only a few data members without any method implementation' that indicates that the abstraction might not be required. Following fields and properties are declared in this class: Id' id
Unnecessary Abstraction,Castle.ActiveRecord.Tests.Model.RulesModel,EmployeeRule,D:\research\architectureSmells\repos\castleproject_Castle.ActiveRecord-READONLY\src\Castle.ActiveRecord.Tests\Model\RulesModel\Rules.cs,The tool detected the smell in this class because the class contains only a few data members without any method implementation' that indicates that the abstraction might not be required. Following fields and properties are declared in this class: Name' name
Unnecessary Abstraction,Castle.ActiveRecord.Tests.Model.RulesModel,WorkDaysRules,D:\research\architectureSmells\repos\castleproject_Castle.ActiveRecord-READONLY\src\Castle.ActiveRecord.Tests\Model\RulesModel\Rules.cs,The tool detected the smell in this class because the class contains only a few data members without any method implementation' that indicates that the abstraction might not be required. Following fields and properties are declared in this class: Days' days
Duplicate Abstraction,Castle.ActiveRecord.Tests.Model.StrictModel,EstratoType,D:\research\architectureSmells\repos\castleproject_Castle.ActiveRecord-READONLY\src\Castle.ActiveRecord.Tests\Model\StrictModel\Estrato.cs,The tool detected the smell in this class because a set of code clones has been found and at least one of the clones found in this class. List of code clones with start and end line numbers are:  EstratoType (D:\research\architectureSmells\repos\castleproject_Castle.ActiveRecord-READONLY\src\Castle.ActiveRecord.Tests\Model\StrictModel\Estrato.cs' [1' 20])' ContainerType (D:\research\architectureSmells\repos\castleproject_Castle.ActiveRecord-READONLY\src\Castle.ActiveRecord.Tests\Model\StrictModel\QuestionContainer.cs' [1' 20])' ReferenceEstrato (D:\research\architectureSmells\repos\castleproject_Castle.ActiveRecord-READONLY\src\Castle.ActiveRecord.Tests\Model\StrictModel\ReferenceEstrato.cs' [1' 20])' Repository (D:\research\architectureSmells\repos\castleproject_Castle.ActiveRecord-READONLY\src\Castle.ActiveRecord.Tests\Model\StrictModel\Repository.cs' [1' 20])' Survey (D:\research\architectureSmells\repos\castleproject_Castle.ActiveRecord-READONLY\src\Castle.ActiveRecord.Tests\Model\StrictModel\Survey.cs' [1' 20])' SurveyEstrato (D:\research\architectureSmells\repos\castleproject_Castle.ActiveRecord-READONLY\src\Castle.ActiveRecord.Tests\Model\StrictModel\SurveyEstrato.cs' [1' 20])
Duplicate Abstraction,Castle.ActiveRecord.Tests.Validation.GenericModel,Blog2,D:\research\architectureSmells\repos\castleproject_Castle.ActiveRecord-READONLY\src\Castle.ActiveRecord.Tests\Validation\GenericModel\Blog.cs,The tool detected the smell in this class because two or more abstractions have identical names. The abstractions with identical names are: Castle.ActiveRecord.Tests.Validation.GenericModel.Blog2' Castle.ActiveRecord.Tests.Validation.Model.Blog2
Duplicate Abstraction,Castle.ActiveRecord.Tests.Validation.GenericModel,User,D:\research\architectureSmells\repos\castleproject_Castle.ActiveRecord-READONLY\src\Castle.ActiveRecord.Tests\Validation\GenericModel\User.cs,The tool detected the smell in this class because two or more abstractions have identical names. The abstractions with identical names are: Castle.ActiveRecord.Tests.Validation.GenericModel.User' Castle.ActiveRecord.Tests.Validation.Model.User
Duplicate Abstraction,Castle.ActiveRecord.Tests.Validation.Model,Blog2,D:\research\architectureSmells\repos\castleproject_Castle.ActiveRecord-READONLY\src\Castle.ActiveRecord.Tests\Validation\Model\Blog.cs,The tool detected the smell in this class because a set of code clones has been found and at least one of the clones found in this class. List of code clones with start and end line numbers are:  Blog2 (D:\research\architectureSmells\repos\castleproject_Castle.ActiveRecord-READONLY\src\Castle.ActiveRecord.Tests\Validation\Model\Blog.cs' [28' 48])' Blog2 (D:\research\architectureSmells\repos\castleproject_Castle.ActiveRecord-READONLY\src\Castle.ActiveRecord.Tests\Validation\Model\Blog.cs' [161' 181])
Duplicate Abstraction,Castle.ActiveRecord.Tests.Validation.Model,Blog2,D:\research\architectureSmells\repos\castleproject_Castle.ActiveRecord-READONLY\src\Castle.ActiveRecord.Tests\Validation\Model\Blog.cs,The tool detected the smell in this class because a set of code clones has been found and at least one of the clones found in this class. List of code clones with start and end line numbers are:  Blog2 (D:\research\architectureSmells\repos\castleproject_Castle.ActiveRecord-READONLY\src\Castle.ActiveRecord.Tests\Validation\Model\Blog.cs' [34' 62])' Blog2 (D:\research\architectureSmells\repos\castleproject_Castle.ActiveRecord-READONLY\src\Castle.ActiveRecord.Tests\Validation\Model\Blog.cs' [78' 106])
Duplicate Abstraction,Castle.ActiveRecord.Tests.Validation.Model,Blog2,D:\research\architectureSmells\repos\castleproject_Castle.ActiveRecord-READONLY\src\Castle.ActiveRecord.Tests\Validation\Model\Blog.cs,The tool detected the smell in this class because a set of code clones has been found and at least one of the clones found in this class. List of code clones with start and end line numbers are:  Blog2 (D:\research\architectureSmells\repos\castleproject_Castle.ActiveRecord-READONLY\src\Castle.ActiveRecord.Tests\Validation\Model\Blog.cs' [65' 87])' Blog2 (D:\research\architectureSmells\repos\castleproject_Castle.ActiveRecord-READONLY\src\Castle.ActiveRecord.Tests\Validation\Model\Blog.cs' [198' 220])
Duplicate Abstraction,Castle.ActiveRecord.Tests.Validation.Model,Blog2,D:\research\architectureSmells\repos\castleproject_Castle.ActiveRecord-READONLY\src\Castle.ActiveRecord.Tests\Validation\Model\Blog.cs,The tool detected the smell in this class because a set of code clones has been found and at least one of the clones found in this class. List of code clones with start and end line numbers are:  Blog2 (D:\research\architectureSmells\repos\castleproject_Castle.ActiveRecord-READONLY\src\Castle.ActiveRecord.Tests\Validation\Model\Blog.cs' [72' 92])' Blog2 (D:\research\architectureSmells\repos\castleproject_Castle.ActiveRecord-READONLY\src\Castle.ActiveRecord.Tests\Validation\Model\Blog.cs' [117' 137])
Unnecessary Abstraction,Castle.ActiveRecord.Tests.Model.CompositeUserType,BadProduct_WithNoType,D:\research\architectureSmells\repos\castleproject_Castle.ActiveRecord-READONLY\src\Castle.ActiveRecord.Tests\Model\CompositeUserType\BadProduct.cs,The tool detected the smell in this class because the class contains only a few data members without any method implementation' that indicates that the abstraction might not be required. Following fields and properties are declared in this class: Id' ManufacturerName
Unnecessary Abstraction,Castle.ActiveRecord.Tests.Model.CompositeUserType,BadProduct_WithBadType,D:\research\architectureSmells\repos\castleproject_Castle.ActiveRecord-READONLY\src\Castle.ActiveRecord.Tests\Model\CompositeUserType\BadProduct.cs,The tool detected the smell in this class because the class contains only a few data members without any method implementation' that indicates that the abstraction might not be required. Following fields and properties are declared in this class: Id' ManufacturerName
Unnecessary Abstraction,Castle.ActiveRecord.Tests.Model.CompositeUserType,BadProduct_WithNoColumnNames,D:\research\architectureSmells\repos\castleproject_Castle.ActiveRecord-READONLY\src\Castle.ActiveRecord.Tests\Model\CompositeUserType\BadProduct.cs,The tool detected the smell in this class because the class contains only a few data members without any method implementation' that indicates that the abstraction might not be required. Following fields and properties are declared in this class: Id' ManufacturerName
Unnecessary Abstraction,Castle.ActiveRecord.Tests.Model.CompositeUserType,BadProduct_WithNoColumnLength,D:\research\architectureSmells\repos\castleproject_Castle.ActiveRecord-READONLY\src\Castle.ActiveRecord.Tests\Model\CompositeUserType\BadProduct.cs,The tool detected the smell in this class because the class contains only a few data members without any method implementation' that indicates that the abstraction might not be required. Following fields and properties are declared in this class: Id' ManufacturerName
Unnecessary Abstraction,Castle.ActiveRecord.Tests.Model.CompositeUserType,BadProduct_WithBadColumnLength,D:\research\architectureSmells\repos\castleproject_Castle.ActiveRecord-READONLY\src\Castle.ActiveRecord.Tests\Model\CompositeUserType\BadProduct.cs,The tool detected the smell in this class because the class contains only a few data members without any method implementation' that indicates that the abstraction might not be required. Following fields and properties are declared in this class: Id' ManufacturerName
Unnecessary Abstraction,Castle.ActiveRecord.Tests.Model.CompositeUserType,SecondCitizen,D:\research\architectureSmells\repos\castleproject_Castle.ActiveRecord-READONLY\src\Castle.ActiveRecord.Tests\Model\CompositeUserType\Product.cs,The tool detected the smell in this class because the class contains only a few data members without any method implementation' that indicates that the abstraction might not be required. Following fields and properties are declared in this class: 
Unnecessary Abstraction,Castle.ActiveRecord.Tests.Model.CompositeUserType,Names,D:\research\architectureSmells\repos\castleproject_Castle.ActiveRecord-READONLY\src\Castle.ActiveRecord.Tests\Model\CompositeUserType\Product.cs,The tool detected the smell in this class because the class contains only a few data members without any method implementation' that indicates that the abstraction might not be required. Following fields and properties are declared in this class: Name' name
Unnecessary Abstraction,Castle.ActiveRecord.Tests.PropertyAccessTests,Project,D:\research\architectureSmells\repos\castleproject_Castle.ActiveRecord-READONLY\src\Castle.ActiveRecord.Tests\PropertyAccessTests\Project.cs,The tool detected the smell in this class because the class contains only a few data members without any method implementation' that indicates that the abstraction might not be required. Following fields and properties are declared in this class: Id' Tasks' Name
Unnecessary Abstraction,Castle.ActiveRecord.Tests.PropertyAccessTests,Task,D:\research\architectureSmells\repos\castleproject_Castle.ActiveRecord-READONLY\src\Castle.ActiveRecord.Tests\PropertyAccessTests\Task.cs,The tool detected the smell in this class because the class contains only a few data members without any method implementation' that indicates that the abstraction might not be required. Following fields and properties are declared in this class: Id' Project' Name' ScheduledDate' IsScheduled
Duplicate Abstraction,Castle.ActiveRecord.Tests.Event,ContributorTest,D:\research\architectureSmells\repos\castleproject_Castle.ActiveRecord-READONLY\src\Castle.ActiveRecord.Tests\Event\ContributorTest.cs,The tool detected the smell in this class because a set of code clones has been found and at least one of the clones found in this class. List of code clones with start and end line numbers are:  ContributorTest (D:\research\architectureSmells\repos\castleproject_Castle.ActiveRecord-READONLY\src\Castle.ActiveRecord.Tests\Event\ContributorTest.cs' [1' 21])' NHEventListenersTest (D:\research\architectureSmells\repos\castleproject_Castle.ActiveRecord-READONLY\src\Castle.ActiveRecord.Tests\Event\NHEventListenersTest.cs' [1' 21])' EventListenerContributionTest (D:\research\architectureSmells\repos\castleproject_Castle.ActiveRecord-READONLY\src\Castle.ActiveRecord.Tests\Event\EventListenerContributionTest.cs' [1' 21])
Unutilized Abstraction,Castle.ActiveRecord.Tests.Event,NHEventListenersTest,D:\research\architectureSmells\repos\castleproject_Castle.ActiveRecord-READONLY\src\Castle.ActiveRecord.Tests\Event\NHEventListenersTest.cs,The tool detected the smell in this class because this class is potentially unused.   (Please ignore the smell if the reported class is auto-generated and/or used to serve a specific known purpose.)
Unnecessary Abstraction,Castle.ActiveRecord.Tests.Model.CompositeNested,Dependent,D:\research\architectureSmells\repos\castleproject_Castle.ActiveRecord-READONLY\src\Castle.ActiveRecord.Tests\Model\CompositeNested\CompositeNestedParent.cs,The tool detected the smell in this class because the class contains only a few data members without any method implementation' that indicates that the abstraction might not be required. Following fields and properties are declared in this class: NestedDependentProp' DateProp' dateProp' nestedDependentProp
Unnecessary Abstraction,Castle.ActiveRecord.Tests.Model.CompositeNested,NestedDependent,D:\research\architectureSmells\repos\castleproject_Castle.ActiveRecord-READONLY\src\Castle.ActiveRecord.Tests\Model\CompositeNested\CompositeNestedParent.cs,The tool detected the smell in this class because the class contains only a few data members without any method implementation' that indicates that the abstraction might not be required. Following fields and properties are declared in this class: IntProp' InnerNestedDependantProp' intProp' innerNestedDependantProp
Unnecessary Abstraction,Castle.ActiveRecord.Tests.Model.CompositeNested,InnerNestedDependant,D:\research\architectureSmells\repos\castleproject_Castle.ActiveRecord-READONLY\src\Castle.ActiveRecord.Tests\Model\CompositeNested\CompositeNestedParent.cs,The tool detected the smell in this class because the class contains only a few data members without any method implementation' that indicates that the abstraction might not be required. Following fields and properties are declared in this class: StringProp' stringProp
Duplicate Abstraction,Castle.ActiveRecord.Tests.Model.MultipleDBWithMediator,Author,D:\research\architectureSmells\repos\castleproject_Castle.ActiveRecord-READONLY\src\Castle.ActiveRecord.Tests\Model\MultipleDBWithMediator\Author.cs,The tool detected the smell in this class because a set of code clones has been found and at least one of the clones found in this class. List of code clones with start and end line numbers are:  Author (D:\research\architectureSmells\repos\castleproject_Castle.ActiveRecord-READONLY\src\Castle.ActiveRecord.Tests\Model\MultipleDBWithMediator\Author.cs' [1' 22])' Blog (D:\research\architectureSmells\repos\castleproject_Castle.ActiveRecord-READONLY\src\Castle.ActiveRecord.Tests\Model\MultipleDBWithMediator\Blog.cs' [1' 22])
Unnecessary Abstraction,Castle.ActiveRecord.Tests.Model.MultipleDBWithMediator,UserDB,D:\research\architectureSmells\repos\castleproject_Castle.ActiveRecord-READONLY\src\Castle.ActiveRecord.Tests\Model\MultipleDBWithMediator\UserDB.cs,The tool detected the smell in this class because the class contains only a few data members without any method implementation' that indicates that the abstraction might not be required. Following fields and properties are declared in this class: 
Unnecessary Abstraction,Castle.ActiveRecord.Tests.Model.NestedValidation,Address,D:\research\architectureSmells\repos\castleproject_Castle.ActiveRecord-READONLY\src\Castle.ActiveRecord.Tests\Model\NestedValidation\UserWithNestedAddress.cs,The tool detected the smell in this class because the class contains only a few data members without any method implementation' that indicates that the abstraction might not be required. Following fields and properties are declared in this class: AddressLine1' Country' addressLine1' country
Duplicate Abstraction,Castle.ActiveRecord.Tests.Model.AnyModel,Order,D:\research\architectureSmells\repos\castleproject_Castle.ActiveRecord-READONLY\src\Castle.ActiveRecord.Tests\Model\AnyModel\Models.cs,The tool detected the smell in this class because a set of code clones has been found and at least one of the clones found in this class. List of code clones with start and end line numbers are:  Order (D:\research\architectureSmells\repos\castleproject_Castle.ActiveRecord-READONLY\src\Castle.ActiveRecord.Tests\Model\AnyModel\Models.cs' [56' 78])' Order (D:\research\architectureSmells\repos\castleproject_Castle.ActiveRecord-READONLY\src\Castle.ActiveRecord.Tests\Model\AnyModel\Models.cs' [90' 112])
Unnecessary Abstraction,Castle.ActiveRecord.Tests.Model.AnyModel,IPayment,D:\research\architectureSmells\repos\castleproject_Castle.ActiveRecord-READONLY\src\Castle.ActiveRecord.Tests\Model\AnyModel\Models.cs,The tool detected the smell in this class because the class contains only a few data members without any method implementation' that indicates that the abstraction might not be required. Following fields and properties are declared in this class: Id' Order
Unnecessary Abstraction,Castle.ActiveRecord.Tests.Model.AnyModel,ModelWithInCorrectMapping,D:\research\architectureSmells\repos\castleproject_Castle.ActiveRecord-READONLY\src\Castle.ActiveRecord.Tests\Model\AnyModel\Models.cs,The tool detected the smell in this class because the class contains only a few data members without any method implementation' that indicates that the abstraction might not be required. Following fields and properties are declared in this class: Payment' payment
Unnecessary Abstraction,Castle.ActiveRecord.Tests.Validation.Model.GenericModel,TimeSlotFixedDate,D:\research\architectureSmells\repos\castleproject_Castle.ActiveRecord-READONLY\src\Castle.ActiveRecord.Tests\Validation\GenericModel\TimeSlotFixedDate.cs,The tool detected the smell in this class because the class contains only a few data members without any method implementation' that indicates that the abstraction might not be required. Following fields and properties are declared in this class: Day' myDay
Deficient Encapsulation,Castle.ActiveRecord.Tests.Model,Person,D:\research\architectureSmells\repos\castleproject_Castle.ActiveRecord-READONLY\src\Castle.ActiveRecord.Tests\Model\Person.cs,The tool detected the smell in this class because the class exposes fields belonging to it with public accessibility. Following fields are declared with public accessiblity: City
Deficient Encapsulation,Castle.ActiveRecord.Tests.Model,FullName,D:\research\architectureSmells\repos\castleproject_Castle.ActiveRecord-READONLY\src\Castle.ActiveRecord.Tests\Model\Person.cs,The tool detected the smell in this class because the class exposes fields belonging to it with public accessibility. Following fields are declared with public accessiblity: Last
Deficient Encapsulation,Castle.ActiveRecord.Tests.Model.Nested,Name,D:\research\architectureSmells\repos\castleproject_Castle.ActiveRecord-READONLY\src\Castle.ActiveRecord.Tests\Model\Nested\WithPrefix.cs,The tool detected the smell in this class because the class exposes fields belonging to it with public accessibility. Following fields are declared with public accessiblity: Middle
Deficient Encapsulation,Castle.ActiveRecord.Tests.Model.CompositeUserType,Citizen,D:\research\architectureSmells\repos\castleproject_Castle.ActiveRecord-READONLY\src\Castle.ActiveRecord.Tests\Model\CompositeUserType\Product.cs,The tool detected the smell in this class because the class exposes fields belonging to it with public accessibility. Following fields are declared with public accessiblity: SellersName
Insufficient Modularization,Castle.ActiveRecord.Tests,ActiveRecordTestCase,D:\research\architectureSmells\repos\castleproject_Castle.ActiveRecord-READONLY\src\Castle.ActiveRecord.Tests\ActiveRecordTestCase.cs,The tool detected the smell in this class becuase the class has bloated interface (large number of public methods). Total public methods in the class: 23 public methods
Broken Modularization,Castle.ActiveRecord.Tests,Bank,D:\research\architectureSmells\repos\castleproject_Castle.ActiveRecord-READONLY\src\Castle.ActiveRecord.Tests\BugTestCase.cs,The tool detected the smell in this class because it contains only data members without any method implementation. Following fields and properties are declared in this class: Id' Card' Customers' id' customers' card
Broken Modularization,Castle.ActiveRecord.Tests,Customer,D:\research\architectureSmells\repos\castleproject_Castle.ActiveRecord-READONLY\src\Castle.ActiveRecord.Tests\BugTestCase.cs,The tool detected the smell in this class because it contains only data members without any method implementation. Following fields and properties are declared in this class: Id' Bank' Cards' id' cards' bank
Insufficient Modularization,Castle.ActiveRecord.Tests,ActiveRecordGenericsTestCase,D:\research\architectureSmells\repos\castleproject_Castle.ActiveRecord-READONLY\src\Castle.ActiveRecord.Tests\ActiveRecordGenericsTestCase.cs,The tool detected the smell in this class becuase the class has bloated interface (large number of public methods). Total public methods in the class: 20 public methods
Broken Modularization,Castle.ActiveRecord.Tests.Model.GenericModel,Employee,D:\research\architectureSmells\repos\castleproject_Castle.ActiveRecord-READONLY\src\Castle.ActiveRecord.Tests\Model\GenericModel\Employee.cs,The tool detected the smell in this class because it contains only data members without any method implementation. Following fields and properties are declared in this class: ID' FirstName' LastName' Award' id' firstName' lastName' award
Insufficient Modularization,Castle.ActiveRecord.Tests.Model,Blog,D:\research\architectureSmells\repos\castleproject_Castle.ActiveRecord-READONLY\src\Castle.ActiveRecord.Tests\Model\Blog.cs,The tool detected the smell in this class becuase the class has bloated interface (large number of public methods). Total public methods in the class: 20 public methods
Broken Modularization,Castle.ActiveRecord.Tests.Model,FullName,D:\research\architectureSmells\repos\castleproject_Castle.ActiveRecord-READONLY\src\Castle.ActiveRecord.Tests\Model\Person.cs,The tool detected the smell in this class because it contains only data members without any method implementation. Following fields and properties are declared in this class: First' Middle' _first' _middle' Last
Broken Modularization,Castle.ActiveRecord.Tests.Model,TimeStamped,D:\research\architectureSmells\repos\castleproject_Castle.ActiveRecord-READONLY\src\Castle.ActiveRecord.Tests\Model\TimeStamped.cs,The tool detected the smell in this class because it contains only data members without any method implementation. Following fields and properties are declared in this class: id' name' LastSaved' _id' _name' lastsaved
Broken Modularization,Castle.ActiveRecord.Tests.Model.Nested,PaymentPlan,D:\research\architectureSmells\repos\castleproject_Castle.ActiveRecord-READONLY\src\Castle.ActiveRecord.Tests\Model\Nested\Operation.cs,The tool detected the smell in this class because it contains only data members without any method implementation. Following fields and properties are declared in this class: ExpirationDate' NumberOfPayments' Convention' Payments' expirationDate' numberOfPayments' convention' payments
Broken Modularization,Castle.ActiveRecord.Tests.Model.Nested,Payment,D:\research\architectureSmells\repos\castleproject_Castle.ActiveRecord-READONLY\src\Castle.ActiveRecord.Tests\Model\Nested\Operation.cs,The tool detected the smell in this class because it contains only data members without any method implementation. Following fields and properties are declared in this class: Id' Amount' Expiration' id' amount' expiration
Broken Modularization,Castle.ActiveRecord.Tests.Model.Nested,Name,D:\research\architectureSmells\repos\castleproject_Castle.ActiveRecord-READONLY\src\Castle.ActiveRecord.Tests\Model\Nested\WithPrefix.cs,The tool detected the smell in this class because it contains only data members without any method implementation. Following fields and properties are declared in this class: First' Last' first' last' Middle
Insufficient Modularization,Castle.ActiveRecord.Tests.Validation,ValidationTestCase,D:\research\architectureSmells\repos\castleproject_Castle.ActiveRecord-READONLY\src\Castle.ActiveRecord.Tests\Validation\ValidationTestCase.cs,The tool detected the smell in this class becuase the class has bloated interface (large number of public methods). Total public methods in the class: 21 public methods
Broken Modularization,Castle.ActiveRecord.Tests.Validation.GenericModel,Blog2,D:\research\architectureSmells\repos\castleproject_Castle.ActiveRecord-READONLY\src\Castle.ActiveRecord.Tests\Validation\GenericModel\Blog.cs,The tool detected the smell in this class because it contains only data members without any method implementation. Following fields and properties are declared in this class: Id' Name' Author' _id' _name' _author
Broken Modularization,Castle.ActiveRecord.Tests.Validation.GenericModel,User,D:\research\architectureSmells\repos\castleproject_Castle.ActiveRecord-READONLY\src\Castle.ActiveRecord.Tests\Validation\GenericModel\User.cs,The tool detected the smell in this class because it contains only data members without any method implementation. Following fields and properties are declared in this class: Id' Login' Name' Email' Password' ConfirmationPassword' login' name' email' password' confirmationPassword' id
Broken Modularization,Castle.ActiveRecord.Tests.Validation.Model,Blog5,D:\research\architectureSmells\repos\castleproject_Castle.ActiveRecord-READONLY\src\Castle.ActiveRecord.Tests\Validation\Model\Blog.cs,The tool detected the smell in this class because it contains only data members without any method implementation. Following fields and properties are declared in this class: Id' Name' Author' _id' _name' _author
Broken Modularization,Castle.ActiveRecord.Tests.Validation.Model,User,D:\research\architectureSmells\repos\castleproject_Castle.ActiveRecord-READONLY\src\Castle.ActiveRecord.Tests\Validation\Model\User.cs,The tool detected the smell in this class because it contains only data members without any method implementation. Following fields and properties are declared in this class: Id' Login' Name' Email' Password' ConfirmationPassword' login' name' email' password' confirmationPassword' id
Broken Modularization,Castle.ActiveRecord.Tests.Model.CompositeUserType,Citizen,D:\research\architectureSmells\repos\castleproject_Castle.ActiveRecord-READONLY\src\Castle.ActiveRecord.Tests\Model\CompositeUserType\Product.cs,The tool detected the smell in this class because it contains only data members without any method implementation. Following fields and properties are declared in this class: Id' Name' ManufacturerName' InventorsName' id' name' manufacturerName' inventorsName' SellersName
Broken Modularization,Castle.ActiveRecord.Tests.Model.CompositeUserType,NestedCitizen,D:\research\architectureSmells\repos\castleproject_Castle.ActiveRecord-READONLY\src\Castle.ActiveRecord.Tests\Model\CompositeUserType\Product.cs,The tool detected the smell in this class because it contains only data members without any method implementation. Following fields and properties are declared in this class: Id' Name' ManufacturerName' id' name' manufacturerName
Broken Modularization,Castle.ActiveRecord.Tests.PropertyAccessTests,Task,D:\research\architectureSmells\repos\castleproject_Castle.ActiveRecord-READONLY\src\Castle.ActiveRecord.Tests\PropertyAccessTests\Task.cs,The tool detected the smell in this class because it contains only data members without any method implementation. Following fields and properties are declared in this class: Id' Project' Name' ScheduledDate' IsScheduled
Broken Modularization,Castle.ActiveRecord.Tests.Model.NestedValidation,UserWithNestedAddress,D:\research\architectureSmells\repos\castleproject_Castle.ActiveRecord-READONLY\src\Castle.ActiveRecord.Tests\Model\NestedValidation\UserWithNestedAddress.cs,The tool detected the smell in this class because it contains only data members without any method implementation. Following fields and properties are declared in this class: Id' Email' PostalAddress' BillingAddress' id' email' postalAddress' billingAddress
Broken Modularization,Castle.ActiveRecord.Tests.Model.NestedValidation,UserWithNestedAddressNonGeneric,D:\research\architectureSmells\repos\castleproject_Castle.ActiveRecord-READONLY\src\Castle.ActiveRecord.Tests\Model\NestedValidation\UserWithNestedAddress.cs,The tool detected the smell in this class because it contains only data members without any method implementation. Following fields and properties are declared in this class: Id' Email' PostalAddress' BillingAddress' id' email' postalAddress' billingAddress
Broken Modularization,Castle.ActiveRecord.Tests.Validation.Model.GenericModel,AbstractTimeSlot<t>,D:\research\architectureSmells\repos\castleproject_Castle.ActiveRecord-READONLY\src\Castle.ActiveRecord.Tests\Validation\GenericModel\TimeSlotFixedDate.cs,The tool detected the smell in this class because it contains only data members without any method implementation. Following fields and properties are declared in this class: Id' Name' Hour' myId' myName' myHour
Cyclically-dependent Modularization,Castle.ActiveRecord.Tests,Bank,D:\research\architectureSmells\repos\castleproject_Castle.ActiveRecord-READONLY\src\Castle.ActiveRecord.Tests\BugTestCase.cs,The tool detected the smell in this class because this class participates in a cyclic dependency. The participating classes in the cycle are: Castle.ActiveRecord.Tests.Bank' Castle.ActiveRecord.Tests.Customer
Cyclically-dependent Modularization,Castle.ActiveRecord.Tests,Card,D:\research\architectureSmells\repos\castleproject_Castle.ActiveRecord-READONLY\src\Castle.ActiveRecord.Tests\BugTestCase.cs,The tool detected the smell in this class because this class participates in a cyclic dependency. The participating classes in the cycle are: Castle.ActiveRecord.Tests.Card' Castle.ActiveRecord.Tests.Customer
Cyclically-dependent Modularization,Castle.ActiveRecord.Tests,HierarchyItem,D:\research\architectureSmells\repos\castleproject_Castle.ActiveRecord-READONLY\src\Castle.ActiveRecord.Tests\BugTestCase.cs,The tool detected the smell in this class because this class participates in a cyclic dependency. The participating classes in the cycle are: Castle.ActiveRecord.Tests.HierarchyItem' Castle.ActiveRecord.Tests.Folder
Cyclically-dependent Modularization,Castle.ActiveRecord.Tests,OtherDbBlog,D:\research\architectureSmells\repos\castleproject_Castle.ActiveRecord-READONLY\src\Castle.ActiveRecord.Tests\Model\OtherDbBlog.cs,The tool detected the smell in this class because this class participates in a cyclic dependency. The participating classes in the cycle are: Castle.ActiveRecord.Tests.OtherDbBlog' Castle.ActiveRecord.Tests.OtherDbPost
Cyclically-dependent Modularization,Castle.ActiveRecord.Tests,BlogLazy,D:\research\architectureSmells\repos\castleproject_Castle.ActiveRecord-READONLY\src\Castle.ActiveRecord.Tests\Model\BlogLazy.cs,The tool detected the smell in this class because this class participates in a cyclic dependency. The participating classes in the cycle are: Castle.ActiveRecord.Tests.BlogLazy' Castle.ActiveRecord.Tests.PostLazy
Cyclically-dependent Modularization,Castle.ActiveRecord.Tests.Model.GenericModel,Blog,D:\research\architectureSmells\repos\castleproject_Castle.ActiveRecord-READONLY\src\Castle.ActiveRecord.Tests\Model\GenericModel\Blog.cs,The tool detected the smell in this class because this class participates in a cyclic dependency. The participating classes in the cycle are: Castle.ActiveRecord.Tests.Model.GenericModel.Blog' Castle.ActiveRecord.Tests.Model.GenericModel.Post
Cyclically-dependent Modularization,Castle.ActiveRecord.Tests.Model.GenericModel,Company,D:\research\architectureSmells\repos\castleproject_Castle.ActiveRecord-READONLY\src\Castle.ActiveRecord.Tests\Model\GenericModel\Company.cs,The tool detected the smell in this class because this class participates in a cyclic dependency. The participating classes in the cycle are: Castle.ActiveRecord.Tests.Model.GenericModel.Company' Castle.ActiveRecord.Tests.Model.GenericModel.Person
Cyclically-dependent Modularization,Castle.ActiveRecord.Tests.Model.GenericModel,Employee,D:\research\architectureSmells\repos\castleproject_Castle.ActiveRecord-READONLY\src\Castle.ActiveRecord.Tests\Model\GenericModel\Employee.cs,The tool detected the smell in this class because this class participates in a cyclic dependency. The participating classes in the cycle are: Castle.ActiveRecord.Tests.Model.GenericModel.Employee' Castle.ActiveRecord.Tests.Model.GenericModel.Award
Cyclically-dependent Modularization,Castle.ActiveRecord.Tests.Model,Blog,D:\research\architectureSmells\repos\castleproject_Castle.ActiveRecord-READONLY\src\Castle.ActiveRecord.Tests\Model\Blog.cs,The tool detected the smell in this class because this class participates in a cyclic dependency. The participating classes in the cycle are: Castle.ActiveRecord.Tests.Model.Blog' Castle.ActiveRecord.Tests.Model.Post
Cyclically-dependent Modularization,Castle.ActiveRecord.Tests.Model,Client,D:\research\architectureSmells\repos\castleproject_Castle.ActiveRecord-READONLY\src\Castle.ActiveRecord.Tests\Model\Client.cs,The tool detected the smell in this class because this class participates in a cyclic dependency. The participating classes in the cycle are: Castle.ActiveRecord.Tests.Model.Client' Castle.ActiveRecord.Tests.Model.Firm
Cyclically-dependent Modularization,Castle.ActiveRecord.Tests.Model,Company,D:\research\architectureSmells\repos\castleproject_Castle.ActiveRecord-READONLY\src\Castle.ActiveRecord.Tests\Model\Company.cs,The tool detected the smell in this class because this class participates in a cyclic dependency. The participating classes in the cycle are: Castle.ActiveRecord.Tests.Model.Company' Castle.ActiveRecord.Tests.Model.Person
Cyclically-dependent Modularization,Castle.ActiveRecord.Tests.Model,Employee,D:\research\architectureSmells\repos\castleproject_Castle.ActiveRecord-READONLY\src\Castle.ActiveRecord.Tests\Model\Employee.cs,The tool detected the smell in this class because this class participates in a cyclic dependency. The participating classes in the cycle are: Castle.ActiveRecord.Tests.Model.Employee' Castle.ActiveRecord.Tests.Model.Award
Cyclically-dependent Modularization,Castle.ActiveRecord.Tests.Model,Order,D:\research\architectureSmells\repos\castleproject_Castle.ActiveRecord-READONLY\src\Castle.ActiveRecord.Tests\Model\Order.cs,The tool detected the smell in this class because this class participates in a cyclic dependency. The participating classes in the cycle are: Castle.ActiveRecord.Tests.Model.Order' Castle.ActiveRecord.Tests.Model.Product
Cyclically-dependent Modularization,Castle.ActiveRecord.Tests.Model,OrderWithIDBag,D:\research\architectureSmells\repos\castleproject_Castle.ActiveRecord-READONLY\src\Castle.ActiveRecord.Tests\Model\Order.cs,The tool detected the smell in this class because this class participates in a cyclic dependency. The participating classes in the cycle are: Castle.ActiveRecord.Tests.Model.OrderWithIDBag' Castle.ActiveRecord.Tests.Model.ProductWithIDBag
Cyclically-dependent Modularization,Castle.ActiveRecord.Tests.Model,SimpleBlog,D:\research\architectureSmells\repos\castleproject_Castle.ActiveRecord-READONLY\src\Castle.ActiveRecord.Tests\Model\SimpleBlog.cs,The tool detected the smell in this class because this class participates in a cyclic dependency. The participating classes in the cycle are: Castle.ActiveRecord.Tests.Model.SimpleBlog' Castle.ActiveRecord.Tests.Model.SimplePost
Cyclically-dependent Modularization,Castle.ActiveRecord.Tests.Model.Linq,Blog,D:\research\architectureSmells\repos\castleproject_Castle.ActiveRecord-READONLY\src\Castle.ActiveRecord.Tests\Model\Linq\Blog.cs,The tool detected the smell in this class because this class participates in a cyclic dependency. The participating classes in the cycle are: Castle.ActiveRecord.Tests.Model.Linq.Blog' Castle.ActiveRecord.Tests.Model.Linq.Post
Cyclically-dependent Modularization,Castle.ActiveRecord.Tests.Model.CompositeModel,Agent,D:\research\architectureSmells\repos\castleproject_Castle.ActiveRecord-READONLY\src\Castle.ActiveRecord.Tests\Model\CompositeModel\Agent.cs,The tool detected the smell in this class because this class participates in a cyclic dependency. The participating classes in the cycle are: Castle.ActiveRecord.Tests.Model.CompositeModel.Agent' Castle.ActiveRecord.Tests.Model.CompositeModel.Group
Cyclically-dependent Modularization,Castle.ActiveRecord.Tests.Model.CompositeModel,Org,D:\research\architectureSmells\repos\castleproject_Castle.ActiveRecord-READONLY\src\Castle.ActiveRecord.Tests\Model\CompositeModel\Org.cs,The tool detected the smell in this class because this class participates in a cyclic dependency. The participating classes in the cycle are: Castle.ActiveRecord.Tests.Model.CompositeModel.Org' Castle.ActiveRecord.Tests.Model.CompositeModel.Agent
Cyclically-dependent Modularization,Castle.ActiveRecord.Tests.Model.LazyModel,ProductLazy,D:\research\architectureSmells\repos\castleproject_Castle.ActiveRecord-READONLY\src\Castle.ActiveRecord.Tests\Model\LazyModel\ProductLazy.cs,The tool detected the smell in this class because this class participates in a cyclic dependency. The participating classes in the cycle are: Castle.ActiveRecord.Tests.Model.LazyModel.ProductLazy' Castle.ActiveRecord.Tests.Model.LazyModel.CategoryLazy
Cyclically-dependent Modularization,Castle.ActiveRecord.Tests.Model.StrictModel,Estrato,D:\research\architectureSmells\repos\castleproject_Castle.ActiveRecord-READONLY\src\Castle.ActiveRecord.Tests\Model\StrictModel\Estrato.cs,The tool detected the smell in this class because this class participates in a cyclic dependency. The participating classes in the cycle are: Castle.ActiveRecord.Tests.Model.StrictModel.Estrato' Castle.ActiveRecord.Tests.Model.StrictModel.QuestionContainer
Cyclically-dependent Modularization,Castle.ActiveRecord.Tests.PropertyAccessTests,Project,D:\research\architectureSmells\repos\castleproject_Castle.ActiveRecord-READONLY\src\Castle.ActiveRecord.Tests\PropertyAccessTests\Project.cs,The tool detected the smell in this class because this class participates in a cyclic dependency. The participating classes in the cycle are: Castle.ActiveRecord.Tests.PropertyAccessTests.Project' Castle.ActiveRecord.Tests.PropertyAccessTests.Task
Cyclically-dependent Modularization,Castle.ActiveRecord.Tests.Model.AnyModel,Order,D:\research\architectureSmells\repos\castleproject_Castle.ActiveRecord-READONLY\src\Castle.ActiveRecord.Tests\Model\AnyModel\Models.cs,The tool detected the smell in this class because this class participates in a cyclic dependency. The participating classes in the cycle are: Castle.ActiveRecord.Tests.Model.AnyModel.Order' Castle.ActiveRecord.Tests.Model.AnyModel.CreditCards
Cyclically-dependent Modularization,Castle.ActiveRecord.Tests.Model.AnyModel,BankAccounts,D:\research\architectureSmells\repos\castleproject_Castle.ActiveRecord-READONLY\src\Castle.ActiveRecord.Tests\Model\AnyModel\Models.cs,The tool detected the smell in this class because this class participates in a cyclic dependency. The participating classes in the cycle are: Castle.ActiveRecord.Tests.Model.AnyModel.BankAccounts' Castle.ActiveRecord.Tests.Model.AnyModel.Order
Cyclically-dependent Modularization,Castle.ActiveRecord.Tests.Model.AnyModel,IPayment,D:\research\architectureSmells\repos\castleproject_Castle.ActiveRecord-READONLY\src\Castle.ActiveRecord.Tests\Model\AnyModel\Models.cs,The tool detected the smell in this class because this class participates in a cyclic dependency. The participating classes in the cycle are: Castle.ActiveRecord.Tests.Model.AnyModel.IPayment' Castle.ActiveRecord.Tests.Model.AnyModel.Order
Cyclically-dependent Modularization,Castle.ActiveRecord.Tests,Bank,D:\research\architectureSmells\repos\castleproject_Castle.ActiveRecord-READONLY\src\Castle.ActiveRecord.Tests\BugTestCase.cs,The tool detected the smell in this class because this class participates in a cyclic dependency. The participating classes in the cycle are: Castle.ActiveRecord.Tests.Bank' Castle.ActiveRecord.Tests.Customer' Castle.ActiveRecord.Tests.Card
Cyclically-dependent Modularization,Castle.ActiveRecord.Tests,HierarchyItem,D:\research\architectureSmells\repos\castleproject_Castle.ActiveRecord-READONLY\src\Castle.ActiveRecord.Tests\BugTestCase.cs,The tool detected the smell in this class because this class participates in a cyclic dependency. The participating classes in the cycle are: Castle.ActiveRecord.Tests.HierarchyItem' Castle.ActiveRecord.Tests.FolderBase' Castle.ActiveRecord.Tests.Folder
Cyclically-dependent Modularization,Castle.ActiveRecord.Tests.Model.CompositeModel,Group,D:\research\architectureSmells\repos\castleproject_Castle.ActiveRecord-READONLY\src\Castle.ActiveRecord.Tests\Model\CompositeModel\Group.cs,The tool detected the smell in this class because this class participates in a cyclic dependency. The participating classes in the cycle are: Castle.ActiveRecord.Tests.Model.CompositeModel.Group' Castle.ActiveRecord.Tests.Model.CompositeModel.Agent' Castle.ActiveRecord.Tests.Model.CompositeModel.Org
Cyclically-dependent Modularization,Castle.ActiveRecord.Tests.Model.AnyModel,Order,D:\research\architectureSmells\repos\castleproject_Castle.ActiveRecord-READONLY\src\Castle.ActiveRecord.Tests\Model\AnyModel\Models.cs,The tool detected the smell in this class because this class participates in a cyclic dependency. The participating classes in the cycle are: Castle.ActiveRecord.Tests.Model.AnyModel.Order' Castle.ActiveRecord.Tests.Model.AnyModel.IPayment' Castle.ActiveRecord.Tests.Model.AnyModel.CreditCards
Cyclically-dependent Modularization,Castle.ActiveRecord.Tests.Model.AnyModel,CreditCards,D:\research\architectureSmells\repos\castleproject_Castle.ActiveRecord-READONLY\src\Castle.ActiveRecord.Tests\Model\AnyModel\Models.cs,The tool detected the smell in this class because this class participates in a cyclic dependency. The participating classes in the cycle are: Castle.ActiveRecord.Tests.Model.AnyModel.CreditCards' Castle.ActiveRecord.Tests.Model.AnyModel.Order' Castle.ActiveRecord.Tests.Model.AnyModel.BankAccounts
Cyclically-dependent Modularization,Castle.ActiveRecord.Tests.Model.AnyModel,BankAccounts,D:\research\architectureSmells\repos\castleproject_Castle.ActiveRecord-READONLY\src\Castle.ActiveRecord.Tests\Model\AnyModel\Models.cs,The tool detected the smell in this class because this class participates in a cyclic dependency. The participating classes in the cycle are: Castle.ActiveRecord.Tests.Model.AnyModel.BankAccounts' Castle.ActiveRecord.Tests.Model.AnyModel.Order' Castle.ActiveRecord.Tests.Model.AnyModel.IPayment
Cyclically-dependent Modularization,Castle.ActiveRecord.Tests.Model.AnyModel,CreditCards,D:\research\architectureSmells\repos\castleproject_Castle.ActiveRecord-READONLY\src\Castle.ActiveRecord.Tests\Model\AnyModel\Models.cs,The tool detected the smell in this class because this class participates in a cyclic dependency. The participating classes in the cycle are: Castle.ActiveRecord.Tests.Model.AnyModel.CreditCards' Castle.ActiveRecord.Tests.Model.AnyModel.Order' Castle.ActiveRecord.Tests.Model.AnyModel.IPayment' Castle.ActiveRecord.Tests.Model.AnyModel.BankAccounts
Wide Hierarchy,Castle.ActiveRecord.Tests,AbstractActiveRecordTest,D:\research\architectureSmells\repos\castleproject_Castle.ActiveRecord-READONLY\src\Castle.ActiveRecord.Tests\AbstractActiveRecordTest.cs,The tool detected the smell in this class because the number of children for the class is large. This class has following sub-classes: Castle.ActiveRecord.Tests.ActiveRecordLinqTestCase' Castle.ActiveRecord.Tests.ActiveRecordTestCase' Castle.ActiveRecord.Tests.ActiveRecordWithoutBaseTestCase' Castle.ActiveRecord.Tests.ActiveRecordBaseGenericsTestCase' Castle.ActiveRecord.Tests.BugTestCase' Castle.ActiveRecord.Tests.JoinedSubClassTestCase' Castle.ActiveRecord.Tests.NestedClassWithPrefixTestCase' Castle.ActiveRecord.Tests.DifferentDatabaseScopeTestCase' Castle.ActiveRecord.Tests.NestedClassWithMapTypeTestCase' Castle.ActiveRecord.Tests.NestedClassWithRelationsTestCase' Castle.ActiveRecord.Tests.NullablesGenericsTestCase' Castle.ActiveRecord.Tests.GenericJoinedSubClassTestCase' Castle.ActiveRecord.Tests.MultipleDatabasesTestCase' Castle.ActiveRecord.Tests.ActiveRecordGenericsTestCase' Castle.ActiveRecord.Tests.SessionScopeTestCase' Castle.ActiveRecord.Tests.StrictModelTestCase' Castle.ActiveRecord.Tests.TableHierarchyTestCase' Castle.ActiveRecord.Tests.TransactionScopeTestCase' Castle.ActiveRecord.Tests.ActiveRecordDetachedQueryGenericTestCase' Castle.ActiveRecord.Tests.ActiveRecordDetachedQueryTestCase' Castle.ActiveRecord.Tests.AnyRelationTestCase' Castle.ActiveRecord.Tests.CompositeNestedClassTestCase' Castle.ActiveRecord.Tests.CompositeUserTypeTestCase' Castle.ActiveRecord.Tests.FetchTestCase' Castle.ActiveRecord.Tests.SimpleQueryWithParameterTypesTestCase' Castle.ActiveRecord.Tests.StatelessSessionScopeTestCase' Castle.ActiveRecord.Tests.EnumModelTestCase' Castle.ActiveRecord.Tests.JoinedSubClassWithDiscriminatorTestCase' Castle.ActiveRecord.Tests.JoinedTableTestCase' Castle.ActiveRecord.Tests.CountQueryTestCase' Castle.ActiveRecord.Tests.IntegrationWithNHibernateTestCase' Castle.ActiveRecord.Tests.MultipleDBMediatorTest' Castle.ActiveRecord.Tests.NestedModelValidation' Castle.ActiveRecord.Tests.ScalarQueryTestCase' Castle.ActiveRecord.Tests.ScopeDefaultFlushingBehaviourTestCase' Castle.ActiveRecord.Tests.SessionScopeAutoflushTestCase' Castle.ActiveRecord.Tests.VerifyModelsAgainstDBSchemaTestCase' Castle.ActiveRecord.Tests.LazyTestCase' Castle.ActiveRecord.Tests.PluralizationTestCase' Castle.ActiveRecord.Tests.Bugs.ARIssue293TestCase' Castle.ActiveRecord.Tests.Bugs.ARIssue157TestCase' Castle.ActiveRecord.Tests.Validation.ValidationTestCaseGeneric' Castle.ActiveRecord.Tests.Validation.ValidationTestCase' Castle.ActiveRecord.Tests.Validation.ARValidatorTestCase' Castle.ActiveRecord.Tests.Event.AbstractEventListenerTest' Castle.ActiveRecord.Tests.Event.ContributorTest' Castle.ActiveRecord.Tests.Event.EventListenerContributionTest
Broken Hierarchy,Castle.ActiveRecord.Tests,ActiveRecordLinqTestCase,D:\research\architectureSmells\repos\castleproject_Castle.ActiveRecord-READONLY\src\Castle.ActiveRecord.Tests\ActiveRecordLinqTestCase.cs,The tool detected a potential instance of the smell because this type does not implement or override any method from it's supertype(s): Castle.ActiveRecord.Tests.AbstractActiveRecordTest
Unfactored Hierarchy,Castle.ActiveRecord.Tests,ActiveRecordTestCase,D:\research\architectureSmells\repos\castleproject_Castle.ActiveRecord-READONLY\src\Castle.ActiveRecord.Tests\ActiveRecordTestCase.cs,The tool detected the smell because a set of code clones has been found where at least one pair of classes belong to the same inheritance hierarchy. List of classes with start and end line numbers where clones has been found are:  ActiveRecordTestCase (D:\research\architectureSmells\repos\castleproject_Castle.ActiveRecord-READONLY\src\Castle.ActiveRecord.Tests\ActiveRecordTestCase.cs' [77' 106])' ActiveRecordBaseGenericsTestCase (D:\research\architectureSmells\repos\castleproject_Castle.ActiveRecord-READONLY\src\Castle.ActiveRecord.Tests\ActiveRecordBaseGenericsTestCase.cs' [98' 127])
Unfactored Hierarchy,Castle.ActiveRecord.Tests,ActiveRecordTestCase,D:\research\architectureSmells\repos\castleproject_Castle.ActiveRecord-READONLY\src\Castle.ActiveRecord.Tests\ActiveRecordTestCase.cs,The tool detected the smell because a set of code clones has been found where at least one pair of classes belong to the same inheritance hierarchy. List of classes with start and end line numbers where clones has been found are:  ActiveRecordTestCase (D:\research\architectureSmells\repos\castleproject_Castle.ActiveRecord-READONLY\src\Castle.ActiveRecord.Tests\ActiveRecordTestCase.cs' [77' 105])' ActiveRecordGenericsTestCase (D:\research\architectureSmells\repos\castleproject_Castle.ActiveRecord-READONLY\src\Castle.ActiveRecord.Tests\ActiveRecordGenericsTestCase.cs' [173' 201])' ActiveRecordBaseGenericsTestCase (D:\research\architectureSmells\repos\castleproject_Castle.ActiveRecord-READONLY\src\Castle.ActiveRecord.Tests\ActiveRecordBaseGenericsTestCase.cs' [98' 126])
Unfactored Hierarchy,Castle.ActiveRecord.Tests,ActiveRecordTestCase,D:\research\architectureSmells\repos\castleproject_Castle.ActiveRecord-READONLY\src\Castle.ActiveRecord.Tests\ActiveRecordTestCase.cs,The tool detected the smell because a set of code clones has been found where at least one pair of classes belong to the same inheritance hierarchy. List of classes with start and end line numbers where clones has been found are:  ActiveRecordTestCase (D:\research\architectureSmells\repos\castleproject_Castle.ActiveRecord-READONLY\src\Castle.ActiveRecord.Tests\ActiveRecordTestCase.cs' [144' 163])' ActiveRecordBaseGenericsTestCase (D:\research\architectureSmells\repos\castleproject_Castle.ActiveRecord-READONLY\src\Castle.ActiveRecord.Tests\ActiveRecordBaseGenericsTestCase.cs' [151' 170])' ActiveRecordGenericsTestCase (D:\research\architectureSmells\repos\castleproject_Castle.ActiveRecord-READONLY\src\Castle.ActiveRecord.Tests\ActiveRecordGenericsTestCase.cs' [206' 225])
Unfactored Hierarchy,Castle.ActiveRecord.Tests,ActiveRecordTestCase,D:\research\architectureSmells\repos\castleproject_Castle.ActiveRecord-READONLY\src\Castle.ActiveRecord.Tests\ActiveRecordTestCase.cs,The tool detected the smell because a set of code clones has been found where at least one pair of classes belong to the same inheritance hierarchy. List of classes with start and end line numbers where clones has been found are:  ActiveRecordTestCase (D:\research\architectureSmells\repos\castleproject_Castle.ActiveRecord-READONLY\src\Castle.ActiveRecord.Tests\ActiveRecordTestCase.cs' [170' 193])' ActiveRecordBaseGenericsTestCase (D:\research\architectureSmells\repos\castleproject_Castle.ActiveRecord-READONLY\src\Castle.ActiveRecord.Tests\ActiveRecordBaseGenericsTestCase.cs' [171' 194])
Unfactored Hierarchy,Castle.ActiveRecord.Tests,ActiveRecordTestCase,D:\research\architectureSmells\repos\castleproject_Castle.ActiveRecord-READONLY\src\Castle.ActiveRecord.Tests\ActiveRecordTestCase.cs,The tool detected the smell because a set of code clones has been found where at least one pair of classes belong to the same inheritance hierarchy. List of classes with start and end line numbers where clones has been found are:  ActiveRecordTestCase (D:\research\architectureSmells\repos\castleproject_Castle.ActiveRecord-READONLY\src\Castle.ActiveRecord.Tests\ActiveRecordTestCase.cs' [170' 193])' ActiveRecordGenericsTestCase (D:\research\architectureSmells\repos\castleproject_Castle.ActiveRecord-READONLY\src\Castle.ActiveRecord.Tests\ActiveRecordGenericsTestCase.cs' [226' 249])' ActiveRecordBaseGenericsTestCase (D:\research\architectureSmells\repos\castleproject_Castle.ActiveRecord-READONLY\src\Castle.ActiveRecord.Tests\ActiveRecordBaseGenericsTestCase.cs' [171' 194])
Unfactored Hierarchy,Castle.ActiveRecord.Tests,ActiveRecordTestCase,D:\research\architectureSmells\repos\castleproject_Castle.ActiveRecord-READONLY\src\Castle.ActiveRecord.Tests\ActiveRecordTestCase.cs,The tool detected the smell because a set of code clones has been found where at least one pair of classes belong to the same inheritance hierarchy. List of classes with start and end line numbers where clones has been found are:  ActiveRecordTestCase (D:\research\architectureSmells\repos\castleproject_Castle.ActiveRecord-READONLY\src\Castle.ActiveRecord.Tests\ActiveRecordTestCase.cs' [273' 300])' ActiveRecordGenericsTestCase (D:\research\architectureSmells\repos\castleproject_Castle.ActiveRecord-READONLY\src\Castle.ActiveRecord.Tests\ActiveRecordGenericsTestCase.cs' [252' 279])
Unfactored Hierarchy,Castle.ActiveRecord.Tests,ActiveRecordTestCase,D:\research\architectureSmells\repos\castleproject_Castle.ActiveRecord-READONLY\src\Castle.ActiveRecord.Tests\ActiveRecordTestCase.cs,The tool detected the smell because a set of code clones has been found where at least one pair of classes belong to the same inheritance hierarchy. List of classes with start and end line numbers where clones has been found are:  ActiveRecordTestCase (D:\research\architectureSmells\repos\castleproject_Castle.ActiveRecord-READONLY\src\Castle.ActiveRecord.Tests\ActiveRecordTestCase.cs' [362' 392])' ActiveRecordBaseGenericsTestCase (D:\research\architectureSmells\repos\castleproject_Castle.ActiveRecord-READONLY\src\Castle.ActiveRecord.Tests\ActiveRecordBaseGenericsTestCase.cs' [259' 289])' ActiveRecordGenericsTestCase (D:\research\architectureSmells\repos\castleproject_Castle.ActiveRecord-READONLY\src\Castle.ActiveRecord.Tests\ActiveRecordGenericsTestCase.cs' [358' 388])
Unfactored Hierarchy,Castle.ActiveRecord.Tests,ActiveRecordTestCase,D:\research\architectureSmells\repos\castleproject_Castle.ActiveRecord-READONLY\src\Castle.ActiveRecord.Tests\ActiveRecordTestCase.cs,The tool detected the smell because a set of code clones has been found where at least one pair of classes belong to the same inheritance hierarchy. List of classes with start and end line numbers where clones has been found are:  ActiveRecordTestCase (D:\research\architectureSmells\repos\castleproject_Castle.ActiveRecord-READONLY\src\Castle.ActiveRecord.Tests\ActiveRecordTestCase.cs' [399' 420])' ActiveRecordBaseGenericsTestCase (D:\research\architectureSmells\repos\castleproject_Castle.ActiveRecord-READONLY\src\Castle.ActiveRecord.Tests\ActiveRecordBaseGenericsTestCase.cs' [290' 311])' ActiveRecordGenericsTestCase (D:\research\architectureSmells\repos\castleproject_Castle.ActiveRecord-READONLY\src\Castle.ActiveRecord.Tests\ActiveRecordGenericsTestCase.cs' [389' 410])
Unfactored Hierarchy,Castle.ActiveRecord.Tests,ActiveRecordTestCase,D:\research\architectureSmells\repos\castleproject_Castle.ActiveRecord-READONLY\src\Castle.ActiveRecord.Tests\ActiveRecordTestCase.cs,The tool detected the smell because a set of code clones has been found where at least one pair of classes belong to the same inheritance hierarchy. List of classes with start and end line numbers where clones has been found are:  ActiveRecordTestCase (D:\research\architectureSmells\repos\castleproject_Castle.ActiveRecord-READONLY\src\Castle.ActiveRecord.Tests\ActiveRecordTestCase.cs' [399' 422])' ActiveRecordGenericsTestCase (D:\research\architectureSmells\repos\castleproject_Castle.ActiveRecord-READONLY\src\Castle.ActiveRecord.Tests\ActiveRecordGenericsTestCase.cs' [389' 412])
Unfactored Hierarchy,Castle.ActiveRecord.Tests,ActiveRecordTestCase,D:\research\architectureSmells\repos\castleproject_Castle.ActiveRecord-READONLY\src\Castle.ActiveRecord.Tests\ActiveRecordTestCase.cs,The tool detected the smell because a set of code clones has been found where at least one pair of classes belong to the same inheritance hierarchy. List of classes with start and end line numbers where clones has been found are:  ActiveRecordTestCase (D:\research\architectureSmells\repos\castleproject_Castle.ActiveRecord-READONLY\src\Castle.ActiveRecord.Tests\ActiveRecordTestCase.cs' [690' 711])' ActiveRecordGenericsTestCase (D:\research\architectureSmells\repos\castleproject_Castle.ActiveRecord-READONLY\src\Castle.ActiveRecord.Tests\ActiveRecordGenericsTestCase.cs' [82' 103])
Unfactored Hierarchy,Castle.ActiveRecord.Tests,ActiveRecordTestCase,D:\research\architectureSmells\repos\castleproject_Castle.ActiveRecord-READONLY\src\Castle.ActiveRecord.Tests\ActiveRecordTestCase.cs,The tool detected the smell because a set of code clones has been found where at least one pair of classes belong to the same inheritance hierarchy. List of classes with start and end line numbers where clones has been found are:  ActiveRecordTestCase (D:\research\architectureSmells\repos\castleproject_Castle.ActiveRecord-READONLY\src\Castle.ActiveRecord.Tests\ActiveRecordTestCase.cs' [716' 744])' ActiveRecordGenericsTestCase (D:\research\architectureSmells\repos\castleproject_Castle.ActiveRecord-READONLY\src\Castle.ActiveRecord.Tests\ActiveRecordGenericsTestCase.cs' [104' 132])
Broken Hierarchy,Castle.ActiveRecord.Tests,ActiveRecordTestCase,D:\research\architectureSmells\repos\castleproject_Castle.ActiveRecord-READONLY\src\Castle.ActiveRecord.Tests\ActiveRecordTestCase.cs,The tool detected a potential instance of the smell because this type does not implement or override any method from it's supertype(s): Castle.ActiveRecord.Tests.AbstractActiveRecordTest
Broken Hierarchy,Castle.ActiveRecord.Tests,ActiveRecordWithoutBaseTestCase,D:\research\architectureSmells\repos\castleproject_Castle.ActiveRecord-READONLY\src\Castle.ActiveRecord.Tests\ActiveRecordWithoutBaseTestCase.cs,The tool detected a potential instance of the smell because this type does not implement or override any method from it's supertype(s): Castle.ActiveRecord.Tests.AbstractActiveRecordTest
Unfactored Hierarchy,Castle.ActiveRecord.Tests,ActiveRecordBaseGenericsTestCase,D:\research\architectureSmells\repos\castleproject_Castle.ActiveRecord-READONLY\src\Castle.ActiveRecord.Tests\ActiveRecordBaseGenericsTestCase.cs,The tool detected the smell because a set of code clones has been found where at least one pair of classes belong to the same inheritance hierarchy. List of classes with start and end line numbers where clones has been found are:  ActiveRecordBaseGenericsTestCase (D:\research\architectureSmells\repos\castleproject_Castle.ActiveRecord-READONLY\src\Castle.ActiveRecord.Tests\ActiveRecordBaseGenericsTestCase.cs' [151' 206])' ActiveRecordGenericsTestCase (D:\research\architectureSmells\repos\castleproject_Castle.ActiveRecord-READONLY\src\Castle.ActiveRecord.Tests\ActiveRecordGenericsTestCase.cs' [206' 261])
Unfactored Hierarchy,Castle.ActiveRecord.Tests,ActiveRecordBaseGenericsTestCase,D:\research\architectureSmells\repos\castleproject_Castle.ActiveRecord-READONLY\src\Castle.ActiveRecord.Tests\ActiveRecordBaseGenericsTestCase.cs,The tool detected the smell because a set of code clones has been found where at least one pair of classes belong to the same inheritance hierarchy. List of classes with start and end line numbers where clones has been found are:  ActiveRecordBaseGenericsTestCase (D:\research\architectureSmells\repos\castleproject_Castle.ActiveRecord-READONLY\src\Castle.ActiveRecord.Tests\ActiveRecordBaseGenericsTestCase.cs' [259' 308])' ActiveRecordGenericsTestCase (D:\research\architectureSmells\repos\castleproject_Castle.ActiveRecord-READONLY\src\Castle.ActiveRecord.Tests\ActiveRecordGenericsTestCase.cs' [358' 407])
Unfactored Hierarchy,Castle.ActiveRecord.Tests,ActiveRecordBaseGenericsTestCase,D:\research\architectureSmells\repos\castleproject_Castle.ActiveRecord-READONLY\src\Castle.ActiveRecord.Tests\ActiveRecordBaseGenericsTestCase.cs,The tool detected the smell because a set of code clones has been found where at least one pair of classes belong to the same inheritance hierarchy. List of classes with start and end line numbers where clones has been found are:  ActiveRecordBaseGenericsTestCase (D:\research\architectureSmells\repos\castleproject_Castle.ActiveRecord-READONLY\src\Castle.ActiveRecord.Tests\ActiveRecordBaseGenericsTestCase.cs' [53' 75])' ActiveRecordGenericsTestCase (D:\research\architectureSmells\repos\castleproject_Castle.ActiveRecord-READONLY\src\Castle.ActiveRecord.Tests\ActiveRecordGenericsTestCase.cs' [53' 75])
Unfactored Hierarchy,Castle.ActiveRecord.Tests,ActiveRecordBaseGenericsTestCase,D:\research\architectureSmells\repos\castleproject_Castle.ActiveRecord-READONLY\src\Castle.ActiveRecord.Tests\ActiveRecordBaseGenericsTestCase.cs,The tool detected the smell because a set of code clones has been found where at least one pair of classes belong to the same inheritance hierarchy. List of classes with start and end line numbers where clones has been found are:  ActiveRecordBaseGenericsTestCase (D:\research\architectureSmells\repos\castleproject_Castle.ActiveRecord-READONLY\src\Castle.ActiveRecord.Tests\ActiveRecordBaseGenericsTestCase.cs' [92' 116])' ActiveRecordGenericsTestCase (D:\research\architectureSmells\repos\castleproject_Castle.ActiveRecord-READONLY\src\Castle.ActiveRecord.Tests\ActiveRecordGenericsTestCase.cs' [167' 191])
Unfactored Hierarchy,Castle.ActiveRecord.Tests,ActiveRecordBaseGenericsTestCase,D:\research\architectureSmells\repos\castleproject_Castle.ActiveRecord-READONLY\src\Castle.ActiveRecord.Tests\ActiveRecordBaseGenericsTestCase.cs,The tool detected the smell because a set of code clones has been found where at least one pair of classes belong to the same inheritance hierarchy. List of classes with start and end line numbers where clones has been found are:  ActiveRecordBaseGenericsTestCase (D:\research\architectureSmells\repos\castleproject_Castle.ActiveRecord-READONLY\src\Castle.ActiveRecord.Tests\ActiveRecordBaseGenericsTestCase.cs' [147' 169])' ActiveRecordGenericsTestCase (D:\research\architectureSmells\repos\castleproject_Castle.ActiveRecord-READONLY\src\Castle.ActiveRecord.Tests\ActiveRecordGenericsTestCase.cs' [202' 224])
Unfactored Hierarchy,Castle.ActiveRecord.Tests,ActiveRecordBaseGenericsTestCase,D:\research\architectureSmells\repos\castleproject_Castle.ActiveRecord-READONLY\src\Castle.ActiveRecord.Tests\ActiveRecordBaseGenericsTestCase.cs,The tool detected the smell because a set of code clones has been found where at least one pair of classes belong to the same inheritance hierarchy. List of classes with start and end line numbers where clones has been found are:  ActiveRecordBaseGenericsTestCase (D:\research\architectureSmells\repos\castleproject_Castle.ActiveRecord-READONLY\src\Castle.ActiveRecord.Tests\ActiveRecordBaseGenericsTestCase.cs' [223' 277])' ActiveRecordGenericsTestCase (D:\research\architectureSmells\repos\castleproject_Castle.ActiveRecord-READONLY\src\Castle.ActiveRecord.Tests\ActiveRecordGenericsTestCase.cs' [322' 376])
Broken Hierarchy,Castle.ActiveRecord.Tests,ActiveRecordBaseGenericsTestCase,D:\research\architectureSmells\repos\castleproject_Castle.ActiveRecord-READONLY\src\Castle.ActiveRecord.Tests\ActiveRecordBaseGenericsTestCase.cs,The tool detected a potential instance of the smell because this type does not implement or override any method from it's supertype(s): Castle.ActiveRecord.Tests.AbstractActiveRecordTest
Broken Hierarchy,Castle.ActiveRecord.Tests,BugTestCase,D:\research\architectureSmells\repos\castleproject_Castle.ActiveRecord-READONLY\src\Castle.ActiveRecord.Tests\BugTestCase.cs,The tool detected a potential instance of the smell because this type does not implement or override any method from it's supertype(s): Castle.ActiveRecord.Tests.AbstractActiveRecordTest
Broken Hierarchy,Castle.ActiveRecord.Tests,Bank,D:\research\architectureSmells\repos\castleproject_Castle.ActiveRecord-READONLY\src\Castle.ActiveRecord.Tests\BugTestCase.cs,The tool detected a potential instance of the smell because this type does not implement or override any method from it's supertype(s): Castle.ActiveRecord.ActiveRecordBase
Broken Hierarchy,Castle.ActiveRecord.Tests,Customer,D:\research\architectureSmells\repos\castleproject_Castle.ActiveRecord-READONLY\src\Castle.ActiveRecord.Tests\BugTestCase.cs,The tool detected a potential instance of the smell because this type does not implement or override any method from it's supertype(s): Castle.ActiveRecord.ActiveRecordBase
Broken Hierarchy,Castle.ActiveRecord.Tests,Card,D:\research\architectureSmells\repos\castleproject_Castle.ActiveRecord-READONLY\src\Castle.ActiveRecord.Tests\BugTestCase.cs,The tool detected a potential instance of the smell because this type does not implement or override any method from it's supertype(s): Castle.ActiveRecord.ActiveRecordBase
Broken Hierarchy,Castle.ActiveRecord.Tests,Parent,D:\research\architectureSmells\repos\castleproject_Castle.ActiveRecord-READONLY\src\Castle.ActiveRecord.Tests\BugTestCase.cs,The tool detected a potential instance of the smell because this type does not implement or override any method from it's supertype(s): Castle.ActiveRecord.ActiveRecordBase
Cyclic Hierarchy,Castle.ActiveRecord.Tests,HierarchyItem,D:\research\architectureSmells\repos\castleproject_Castle.ActiveRecord-READONLY\src\Castle.ActiveRecord.Tests\BugTestCase.cs,The tool detected the smell in this class because the class depends on one of its subclasses (creating cycle in the hierarchy). The class is dependent on the following subclass: Folder
Broken Hierarchy,Castle.ActiveRecord.Tests,HierarchyItem,D:\research\architectureSmells\repos\castleproject_Castle.ActiveRecord-READONLY\src\Castle.ActiveRecord.Tests\BugTestCase.cs,The tool detected a potential instance of the smell because this type does not implement or override any method from it's supertype(s): Castle.ActiveRecord.ActiveRecordBase
Broken Hierarchy,Castle.ActiveRecord.Tests,JoinedSubClassTestCase,D:\research\architectureSmells\repos\castleproject_Castle.ActiveRecord-READONLY\src\Castle.ActiveRecord.Tests\JoinedSubClassTestCase.cs,The tool detected a potential instance of the smell because this type does not implement or override any method from it's supertype(s): Castle.ActiveRecord.Tests.AbstractActiveRecordTest
Broken Hierarchy,Castle.ActiveRecord.Tests,NestedClassWithPrefixTestCase,D:\research\architectureSmells\repos\castleproject_Castle.ActiveRecord-READONLY\src\Castle.ActiveRecord.Tests\NestedClassWithPrefixTestCase.cs,The tool detected a potential instance of the smell because this type does not implement or override any method from it's supertype(s): Castle.ActiveRecord.Tests.AbstractActiveRecordTest
Broken Hierarchy,Castle.ActiveRecord.Tests,DifferentDatabaseScopeTestCase,D:\research\architectureSmells\repos\castleproject_Castle.ActiveRecord-READONLY\src\Castle.ActiveRecord.Tests\DifferentDatabaseScopeTestCase.cs,The tool detected a potential instance of the smell because this type does not implement or override any method from it's supertype(s): Castle.ActiveRecord.Tests.AbstractActiveRecordTest
Unfactored Hierarchy,Castle.ActiveRecord.Tests,OtherDbBlog,D:\research\architectureSmells\repos\castleproject_Castle.ActiveRecord-READONLY\src\Castle.ActiveRecord.Tests\Model\OtherDbBlog.cs,The tool detected the smell because a set of code clones has been found where at least one pair of classes belong to the same inheritance hierarchy. List of classes with start and end line numbers where clones has been found are:  OtherDbBlog (D:\research\architectureSmells\repos\castleproject_Castle.ActiveRecord-READONLY\src\Castle.ActiveRecord.Tests\Model\OtherDbBlog.cs' [1' 22])' OtherDbPost (D:\research\architectureSmells\repos\castleproject_Castle.ActiveRecord-READONLY\src\Castle.ActiveRecord.Tests\Model\OtherDbPost.cs' [1' 22])
Unfactored Hierarchy,Castle.ActiveRecord.Tests,OtherDbPost,D:\research\architectureSmells\repos\castleproject_Castle.ActiveRecord-READONLY\src\Castle.ActiveRecord.Tests\Model\OtherDbPost.cs,The tool detected the smell because a set of code clones has been found where at least one pair of classes belong to the same inheritance hierarchy. List of classes with start and end line numbers where clones has been found are:  OtherDbPost (D:\research\architectureSmells\repos\castleproject_Castle.ActiveRecord-READONLY\src\Castle.ActiveRecord.Tests\Model\OtherDbPost.cs' [76' 102])' Post (D:\research\architectureSmells\repos\castleproject_Castle.ActiveRecord-READONLY\src\Castle.ActiveRecord.Tests\Model\Post.cs' [73' 99])
Broken Hierarchy,Castle.ActiveRecord.Tests,NestedClassWithMapTypeTestCase,D:\research\architectureSmells\repos\castleproject_Castle.ActiveRecord-READONLY\src\Castle.ActiveRecord.Tests\NestedClassWithMapTypeTestCase.cs,The tool detected a potential instance of the smell because this type does not implement or override any method from it's supertype(s): Castle.ActiveRecord.Tests.AbstractActiveRecordTest
Broken Hierarchy,Castle.ActiveRecord.Tests,NestedClassWithRelationsTestCase,D:\research\architectureSmells\repos\castleproject_Castle.ActiveRecord-READONLY\src\Castle.ActiveRecord.Tests\NestedClassWithRelationsTestCase.cs,The tool detected a potential instance of the smell because this type does not implement or override any method from it's supertype(s): Castle.ActiveRecord.Tests.AbstractActiveRecordTest
Unfactored Hierarchy,Castle.ActiveRecord.Tests,NullablesGenericsTestCase,D:\research\architectureSmells\repos\castleproject_Castle.ActiveRecord-READONLY\src\Castle.ActiveRecord.Tests\NullablesGenericsTestCase.cs,The tool detected the smell because a set of code clones has been found where at least one pair of classes belong to the same inheritance hierarchy. List of classes with start and end line numbers where clones has been found are:  NullablesGenericsTestCase (D:\research\architectureSmells\repos\castleproject_Castle.ActiveRecord-READONLY\src\Castle.ActiveRecord.Tests\NullablesGenericsTestCase.cs' [1' 20])' ScalarQueryTestCase (D:\research\architectureSmells\repos\castleproject_Castle.ActiveRecord-READONLY\src\Castle.ActiveRecord.Tests\ScalarQueryTestCase.cs' [1' 20])
Broken Hierarchy,Castle.ActiveRecord.Tests,NullablesGenericsTestCase,D:\research\architectureSmells\repos\castleproject_Castle.ActiveRecord-READONLY\src\Castle.ActiveRecord.Tests\NullablesGenericsTestCase.cs,The tool detected a potential instance of the smell because this type does not implement or override any method from it's supertype(s): Castle.ActiveRecord.Tests.AbstractActiveRecordTest
Broken Hierarchy,Castle.ActiveRecord.Tests,GenericJoinedSubClassTestCase,D:\research\architectureSmells\repos\castleproject_Castle.ActiveRecord-READONLY\src\Castle.ActiveRecord.Tests\GenericJoinedSubClassTestCase.cs,The tool detected a potential instance of the smell because this type does not implement or override any method from it's supertype(s): Castle.ActiveRecord.Tests.AbstractActiveRecordTest
Broken Hierarchy,Castle.ActiveRecord.Tests,BlogLazy,D:\research\architectureSmells\repos\castleproject_Castle.ActiveRecord-READONLY\src\Castle.ActiveRecord.Tests\Model\BlogLazy.cs,The tool detected a potential instance of the smell because this type does not implement or override any method from it's supertype(s): Castle.ActiveRecord.ActiveRecordBase
Broken Hierarchy,Castle.ActiveRecord.Tests,MultipleDatabasesTestCase,D:\research\architectureSmells\repos\castleproject_Castle.ActiveRecord-READONLY\src\Castle.ActiveRecord.Tests\MultipleDatabasesTestCase.cs,The tool detected a potential instance of the smell because this type does not implement or override any method from it's supertype(s): Castle.ActiveRecord.Tests.AbstractActiveRecordTest
Broken Hierarchy,Castle.ActiveRecord.Tests,ActiveRecordGenericsTestCase,D:\research\architectureSmells\repos\castleproject_Castle.ActiveRecord-READONLY\src\Castle.ActiveRecord.Tests\ActiveRecordGenericsTestCase.cs,The tool detected a potential instance of the smell because this type does not implement or override any method from it's supertype(s): Castle.ActiveRecord.Tests.AbstractActiveRecordTest
Unfactored Hierarchy,Castle.ActiveRecord.Tests,SessionScopeTestCase,D:\research\architectureSmells\repos\castleproject_Castle.ActiveRecord-READONLY\src\Castle.ActiveRecord.Tests\SessionScopeTestCase.cs,The tool detected the smell because a set of code clones has been found where at least one pair of classes belong to the same inheritance hierarchy. List of classes with start and end line numbers where clones has been found are:  SessionScopeTestCase (D:\research\architectureSmells\repos\castleproject_Castle.ActiveRecord-READONLY\src\Castle.ActiveRecord.Tests\SessionScopeTestCase.cs' [1' 24])' StatelessSessionScopeTestCase (D:\research\architectureSmells\repos\castleproject_Castle.ActiveRecord-READONLY\src\Castle.ActiveRecord.Tests\StatelessSessionScopeTestCase.cs' [1' 24])
Broken Hierarchy,Castle.ActiveRecord.Tests,SessionScopeTestCase,D:\research\architectureSmells\repos\castleproject_Castle.ActiveRecord-READONLY\src\Castle.ActiveRecord.Tests\SessionScopeTestCase.cs,The tool detected a potential instance of the smell because this type does not implement or override any method from it's supertype(s): Castle.ActiveRecord.Tests.AbstractActiveRecordTest
Broken Hierarchy,Castle.ActiveRecord.Tests,StrictModelTestCase,D:\research\architectureSmells\repos\castleproject_Castle.ActiveRecord-READONLY\src\Castle.ActiveRecord.Tests\StrictModelTestCase.cs,The tool detected a potential instance of the smell because this type does not implement or override any method from it's supertype(s): Castle.ActiveRecord.Tests.AbstractActiveRecordTest
Broken Hierarchy,Castle.ActiveRecord.Tests,TableHierarchyTestCase,D:\research\architectureSmells\repos\castleproject_Castle.ActiveRecord-READONLY\src\Castle.ActiveRecord.Tests\TableHierarchyTestCase.cs,The tool detected a potential instance of the smell because this type does not implement or override any method from it's supertype(s): Castle.ActiveRecord.Tests.AbstractActiveRecordTest
Broken Hierarchy,Castle.ActiveRecord.Tests,TransactionScopeTestCase,D:\research\architectureSmells\repos\castleproject_Castle.ActiveRecord-READONLY\src\Castle.ActiveRecord.Tests\TransactionScopeTestCase.cs,The tool detected a potential instance of the smell because this type does not implement or override any method from it's supertype(s): Castle.ActiveRecord.Tests.AbstractActiveRecordTest
Unfactored Hierarchy,Castle.ActiveRecord.Tests,ActiveRecordDetachedQueryGenericTestCase,D:\research\architectureSmells\repos\castleproject_Castle.ActiveRecord-READONLY\src\Castle.ActiveRecord.Tests\ActiveRecordDetachedQueryGenericTestCase.cs,The tool detected the smell because a set of code clones has been found where at least one pair of classes belong to the same inheritance hierarchy. List of classes with start and end line numbers where clones has been found are:  ActiveRecordDetachedQueryGenericTestCase (D:\research\architectureSmells\repos\castleproject_Castle.ActiveRecord-READONLY\src\Castle.ActiveRecord.Tests\ActiveRecordDetachedQueryGenericTestCase.cs' [25' 51])' ActiveRecordDetachedQueryTestCase (D:\research\architectureSmells\repos\castleproject_Castle.ActiveRecord-READONLY\src\Castle.ActiveRecord.Tests\ActiveRecordDetachedQueryTestCase.cs' [29' 55])
Unfactored Hierarchy,Castle.ActiveRecord.Tests,ActiveRecordDetachedQueryGenericTestCase,D:\research\architectureSmells\repos\castleproject_Castle.ActiveRecord-READONLY\src\Castle.ActiveRecord.Tests\ActiveRecordDetachedQueryGenericTestCase.cs,The tool detected the smell because a set of code clones has been found where at least one pair of classes belong to the same inheritance hierarchy. List of classes with start and end line numbers where clones has been found are:  ActiveRecordDetachedQueryGenericTestCase (D:\research\architectureSmells\repos\castleproject_Castle.ActiveRecord-READONLY\src\Castle.ActiveRecord.Tests\ActiveRecordDetachedQueryGenericTestCase.cs' [53' 92])' ActiveRecordDetachedQueryTestCase (D:\research\architectureSmells\repos\castleproject_Castle.ActiveRecord-READONLY\src\Castle.ActiveRecord.Tests\ActiveRecordDetachedQueryTestCase.cs' [58' 97])
Broken Hierarchy,Castle.ActiveRecord.Tests,ActiveRecordDetachedQueryGenericTestCase,D:\research\architectureSmells\repos\castleproject_Castle.ActiveRecord-READONLY\src\Castle.ActiveRecord.Tests\ActiveRecordDetachedQueryGenericTestCase.cs,The tool detected a potential instance of the smell because this type does not implement or override any method from it's supertype(s): Castle.ActiveRecord.Tests.AbstractActiveRecordTest
Broken Hierarchy,Castle.ActiveRecord.Tests,ActiveRecordDetachedQueryTestCase,D:\research\architectureSmells\repos\castleproject_Castle.ActiveRecord-READONLY\src\Castle.ActiveRecord.Tests\ActiveRecordDetachedQueryTestCase.cs,The tool detected a potential instance of the smell because this type does not implement or override any method from it's supertype(s): Castle.ActiveRecord.Tests.AbstractActiveRecordTest
Broken Hierarchy,Castle.ActiveRecord.Tests,AnyRelationTestCase,D:\research\architectureSmells\repos\castleproject_Castle.ActiveRecord-READONLY\src\Castle.ActiveRecord.Tests\AnyRelationTestCase.cs,The tool detected a potential instance of the smell because this type does not implement or override any method from it's supertype(s): Castle.ActiveRecord.Tests.AbstractActiveRecordTest
Broken Hierarchy,Castle.ActiveRecord.Tests,CompositeNestedClassTestCase,D:\research\architectureSmells\repos\castleproject_Castle.ActiveRecord-READONLY\src\Castle.ActiveRecord.Tests\CompositeNestedClassTestCase.cs,The tool detected a potential instance of the smell because this type does not implement or override any method from it's supertype(s): Castle.ActiveRecord.Tests.AbstractActiveRecordTest
Broken Hierarchy,Castle.ActiveRecord.Tests,CompositeUserTypeTestCase,D:\research\architectureSmells\repos\castleproject_Castle.ActiveRecord-READONLY\src\Castle.ActiveRecord.Tests\CompositeUserTypeTestCase.cs,The tool detected a potential instance of the smell because this type does not implement or override any method from it's supertype(s): Castle.ActiveRecord.Tests.AbstractActiveRecordTest
Unfactored Hierarchy,Castle.ActiveRecord.Tests,NHSearchTestCase,D:\research\architectureSmells\repos\castleproject_Castle.ActiveRecord-READONLY\src\Castle.ActiveRecord.Tests\NHSearchTestCase.cs,The tool detected the smell because a set of code clones has been found where at least one pair of classes belong to the same inheritance hierarchy. List of classes with start and end line numbers where clones has been found are:  NHSearchTestCase (D:\research\architectureSmells\repos\castleproject_Castle.ActiveRecord-READONLY\src\Castle.ActiveRecord.Tests\NHSearchTestCase.cs' [1' 23])' ScopeDefaultFlushingBehaviourTestCase (D:\research\architectureSmells\repos\castleproject_Castle.ActiveRecord-READONLY\src\Castle.ActiveRecord.Tests\ScopeDefaultFlushingBehaviourTestCase.cs' [1' 23])
Broken Hierarchy,Castle.ActiveRecord.Tests,NHSearchTestCase,D:\research\architectureSmells\repos\castleproject_Castle.ActiveRecord-READONLY\src\Castle.ActiveRecord.Tests\NHSearchTestCase.cs,The tool detected a potential instance of the smell because this type does not implement or override any method from it's supertype(s): Castle.ActiveRecord.Tests.Event.AbstractEventListenerTest
Broken Hierarchy,Castle.ActiveRecord.Tests,SimpleQueryWithParameterTypesTestCase,D:\research\architectureSmells\repos\castleproject_Castle.ActiveRecord-READONLY\src\Castle.ActiveRecord.Tests\SimpleQueryWithParameterTypesTestCase.cs,The tool detected a potential instance of the smell because this type does not implement or override any method from it's supertype(s): Castle.ActiveRecord.Tests.AbstractActiveRecordTest
Broken Hierarchy,Castle.ActiveRecord.Tests,StatelessSessionScopeTestCase,D:\research\architectureSmells\repos\castleproject_Castle.ActiveRecord-READONLY\src\Castle.ActiveRecord.Tests\StatelessSessionScopeTestCase.cs,The tool detected a potential instance of the smell because this type does not implement or override any method from it's supertype(s): Castle.ActiveRecord.Tests.AbstractActiveRecordTest
Broken Hierarchy,Castle.ActiveRecord.Tests,JoinedSubClassWithDiscriminatorTestCase,D:\research\architectureSmells\repos\castleproject_Castle.ActiveRecord-READONLY\src\Castle.ActiveRecord.Tests\JoinedSubClassWithDiscriminatorTestCase.cs,The tool detected a potential instance of the smell because this type does not implement or override any method from it's supertype(s): Castle.ActiveRecord.Tests.AbstractActiveRecordTest
Unfactored Hierarchy,Castle.ActiveRecord.Tests,JoinedTableTestCase,D:\research\architectureSmells\repos\castleproject_Castle.ActiveRecord-READONLY\src\Castle.ActiveRecord.Tests\JoinedTableTestCase.cs,The tool detected the smell because a set of code clones has been found where at least one pair of classes belong to the same inheritance hierarchy. List of classes with start and end line numbers where clones has been found are:  JoinedTableTestCase (D:\research\architectureSmells\repos\castleproject_Castle.ActiveRecord-READONLY\src\Castle.ActiveRecord.Tests\JoinedTableTestCase.cs' [1' 21])' LazyTestCase (D:\research\architectureSmells\repos\castleproject_Castle.ActiveRecord-READONLY\src\Castle.ActiveRecord.Tests\LazyTestCase.cs' [1' 21])
Broken Hierarchy,Castle.ActiveRecord.Tests,JoinedTableTestCase,D:\research\architectureSmells\repos\castleproject_Castle.ActiveRecord-READONLY\src\Castle.ActiveRecord.Tests\JoinedTableTestCase.cs,The tool detected a potential instance of the smell because this type does not implement or override any method from it's supertype(s): Castle.ActiveRecord.Tests.AbstractActiveRecordTest
Broken Hierarchy,Castle.ActiveRecord.Tests,CountQueryTestCase,D:\research\architectureSmells\repos\castleproject_Castle.ActiveRecord-READONLY\src\Castle.ActiveRecord.Tests\CountQueryTestCase.cs,The tool detected a potential instance of the smell because this type does not implement or override any method from it's supertype(s): Castle.ActiveRecord.Tests.AbstractActiveRecordTest
Broken Hierarchy,Castle.ActiveRecord.Tests,IntegrationWithNHibernateTestCase,D:\research\architectureSmells\repos\castleproject_Castle.ActiveRecord-READONLY\src\Castle.ActiveRecord.Tests\IntegrationWithNHibernateTestCase.cs,The tool detected a potential instance of the smell because this type does not implement or override any method from it's supertype(s): Castle.ActiveRecord.Tests.AbstractActiveRecordTest
Broken Hierarchy,Castle.ActiveRecord.Tests,NonAbstractRootType,D:\research\architectureSmells\repos\castleproject_Castle.ActiveRecord-READONLY\src\Castle.ActiveRecord.Tests\InvalidRootTypeTestCase.cs,The tool detected a potential instance of the smell because this type does not implement or override any method from it's supertype(s): Castle.ActiveRecord.ActiveRecordBase
Broken Hierarchy,Castle.ActiveRecord.Tests,MultipleDBMediatorTest,D:\research\architectureSmells\repos\castleproject_Castle.ActiveRecord-READONLY\src\Castle.ActiveRecord.Tests\MultipleDBMediatorTest.cs,The tool detected a potential instance of the smell because this type does not implement or override any method from it's supertype(s): Castle.ActiveRecord.Tests.AbstractActiveRecordTest
Broken Hierarchy,Castle.ActiveRecord.Tests,NestedModelValidation,D:\research\architectureSmells\repos\castleproject_Castle.ActiveRecord-READONLY\src\Castle.ActiveRecord.Tests\NestedModelValidation.cs,The tool detected a potential instance of the smell because this type does not implement or override any method from it's supertype(s): Castle.ActiveRecord.Tests.AbstractActiveRecordTest
Broken Hierarchy,Castle.ActiveRecord.Tests,ScalarQueryTestCase,D:\research\architectureSmells\repos\castleproject_Castle.ActiveRecord-READONLY\src\Castle.ActiveRecord.Tests\ScalarQueryTestCase.cs,The tool detected a potential instance of the smell because this type does not implement or override any method from it's supertype(s): Castle.ActiveRecord.Tests.AbstractActiveRecordTest
Broken Hierarchy,Castle.ActiveRecord.Tests,ScopeDefaultFlushingBehaviourTestCase,D:\research\architectureSmells\repos\castleproject_Castle.ActiveRecord-READONLY\src\Castle.ActiveRecord.Tests\ScopeDefaultFlushingBehaviourTestCase.cs,The tool detected a potential instance of the smell because this type does not implement or override any method from it's supertype(s): Castle.ActiveRecord.Tests.AbstractActiveRecordTest
Broken Hierarchy,Castle.ActiveRecord.Tests,SessionScopeAutoflushTestCase,D:\research\architectureSmells\repos\castleproject_Castle.ActiveRecord-READONLY\src\Castle.ActiveRecord.Tests\SessionScopeAutoflushTestCase.cs,The tool detected a potential instance of the smell because this type does not implement or override any method from it's supertype(s): Castle.ActiveRecord.Tests.AbstractActiveRecordTest
Broken Hierarchy,Castle.ActiveRecord.Tests,VerifyModelsAgainstDBSchemaTestCase,D:\research\architectureSmells\repos\castleproject_Castle.ActiveRecord-READONLY\src\Castle.ActiveRecord.Tests\VerifyModelsAgainstDBSchemaTestCase.cs,The tool detected a potential instance of the smell because this type does not implement or override any method from it's supertype(s): Castle.ActiveRecord.Tests.AbstractActiveRecordTest
Broken Hierarchy,Castle.ActiveRecord.Tests,LazyTestCase,D:\research\architectureSmells\repos\castleproject_Castle.ActiveRecord-READONLY\src\Castle.ActiveRecord.Tests\LazyTestCase.cs,The tool detected a potential instance of the smell because this type does not implement or override any method from it's supertype(s): Castle.ActiveRecord.Tests.AbstractActiveRecordTest
Broken Hierarchy,Castle.ActiveRecord.Tests,PluralizationTestCase,D:\research\architectureSmells\repos\castleproject_Castle.ActiveRecord-READONLY\src\Castle.ActiveRecord.Tests\PluralizationTestCase.cs,The tool detected a potential instance of the smell because this type does not implement or override any method from it's supertype(s): Castle.ActiveRecord.Tests.AbstractActiveRecordTest
Broken Hierarchy,Castle.ActiveRecord.Tests.Bugs,ARIssue293TestCase,D:\research\architectureSmells\repos\castleproject_Castle.ActiveRecord-READONLY\src\Castle.ActiveRecord.Tests\Bugs\ARIssue293TestCase.cs,The tool detected a potential instance of the smell because this type does not implement or override any method from it's supertype(s): Castle.ActiveRecord.Tests.AbstractActiveRecordTest
Broken Hierarchy,Castle.ActiveRecord.Tests.Config,MySessionFactoryHolder,D:\research\architectureSmells\repos\castleproject_Castle.ActiveRecord-READONLY\src\Castle.ActiveRecord.Tests\Config\ConfigurationSource.cs,The tool detected a potential instance of the smell because this type does not implement or override any method from it's supertype(s): Castle.ActiveRecord.Framework.SessionFactoryHolder
Broken Hierarchy,Castle.ActiveRecord.Tests.Config,SampleSessionFactoryHolder,D:\research\architectureSmells\repos\castleproject_Castle.ActiveRecord-READONLY\src\Castle.ActiveRecord.Tests\Config\ConfigureTests.cs,The tool detected a potential instance of the smell because this type does not implement or override any method from it's supertype(s): Castle.ActiveRecord.Framework.SessionFactoryHolder
Unfactored Hierarchy,Castle.ActiveRecord.Tests.Model.GenericModel,Entity<T>,D:\research\architectureSmells\repos\castleproject_Castle.ActiveRecord-READONLY\src\Castle.ActiveRecord.Tests\Model\GenericModel\Entity.cs,The tool detected the smell because a set of code clones has been found where at least one pair of classes belong to the same inheritance hierarchy. List of classes with start and end line numbers where clones has been found are:  Entity<T> (D:\research\architectureSmells\repos\castleproject_Castle.ActiveRecord-READONLY\src\Castle.ActiveRecord.Tests\Model\GenericModel\Entity.cs' [33' 56])' Entity (D:\research\architectureSmells\repos\castleproject_Castle.ActiveRecord-READONLY\src\Castle.ActiveRecord.Tests\Model\Entity.cs' [27' 50])
Broken Hierarchy,Castle.ActiveRecord.Tests.Model.GenericModel,Entity<T>,D:\research\architectureSmells\repos\castleproject_Castle.ActiveRecord-READONLY\src\Castle.ActiveRecord.Tests\Model\GenericModel\Entity.cs,The tool detected a potential instance of the smell because this type does not implement or override any method from it's supertype(s): Castle.ActiveRecord.ActiveRecordBase
Broken Hierarchy,Castle.ActiveRecord.Tests.Model.GenericModel,SurveyAssociation,D:\research\architectureSmells\repos\castleproject_Castle.ActiveRecord-READONLY\src\Castle.ActiveRecord.Tests\Model\GenericModel\SurveyAssociation.cs,The tool detected a potential instance of the smell because this type does not implement or override any method from it's supertype(s): Castle.ActiveRecord.ActiveRecordBase
Broken Hierarchy,Castle.ActiveRecord.Tests.Model.GenericModel,GenericNullableModel,D:\research\architectureSmells\repos\castleproject_Castle.ActiveRecord-READONLY\src\Castle.ActiveRecord.Tests\Model\GenericModel\NullableModel.Generics.cs,The tool detected a potential instance of the smell because this type does not implement or override any method from it's supertype(s): Castle.ActiveRecord.ActiveRecordBase
Broken Hierarchy,Castle.ActiveRecord.Tests.Model.GenericModel,Blog,D:\research\architectureSmells\repos\castleproject_Castle.ActiveRecord-READONLY\src\Castle.ActiveRecord.Tests\Model\GenericModel\Blog.cs,The tool detected a potential instance of the smell because this type does not implement or override any method from it's supertype(s): Castle.ActiveRecord.ActiveRecordBase
Unfactored Hierarchy,Castle.ActiveRecord.Tests.Model.GenericModel,Company,D:\research\architectureSmells\repos\castleproject_Castle.ActiveRecord-READONLY\src\Castle.ActiveRecord.Tests\Model\GenericModel\Company.cs,The tool detected the smell because a set of code clones has been found where at least one pair of classes belong to the same inheritance hierarchy. List of classes with start and end line numbers where clones has been found are:  Company (D:\research\architectureSmells\repos\castleproject_Castle.ActiveRecord-READONLY\src\Castle.ActiveRecord.Tests\Model\GenericModel\Company.cs' [27' 58])' Company (D:\research\architectureSmells\repos\castleproject_Castle.ActiveRecord-READONLY\src\Castle.ActiveRecord.Tests\Model\Company.cs' [27' 58])
Unfactored Hierarchy,Castle.ActiveRecord.Tests.Model.GenericModel,Company,D:\research\architectureSmells\repos\castleproject_Castle.ActiveRecord-READONLY\src\Castle.ActiveRecord.Tests\Model\GenericModel\Company.cs,The tool detected the smell because a set of code clones has been found where at least one pair of classes belong to the same inheritance hierarchy. List of classes with start and end line numbers where clones has been found are:  Company (D:\research\architectureSmells\repos\castleproject_Castle.ActiveRecord-READONLY\src\Castle.ActiveRecord.Tests\Model\GenericModel\Company.cs' [67' 115])' Company (D:\research\architectureSmells\repos\castleproject_Castle.ActiveRecord-READONLY\src\Castle.ActiveRecord.Tests\Model\Company.cs' [81' 129])
Broken Hierarchy,Castle.ActiveRecord.Tests.Model.GenericModel,Company,D:\research\architectureSmells\repos\castleproject_Castle.ActiveRecord-READONLY\src\Castle.ActiveRecord.Tests\Model\GenericModel\Company.cs,The tool detected a potential instance of the smell because this type does not implement or override any method from it's supertype(s): Castle.ActiveRecord.ActiveRecordBase
Broken Hierarchy,Castle.ActiveRecord.Tests.Model.GenericModel,Employee,D:\research\architectureSmells\repos\castleproject_Castle.ActiveRecord-READONLY\src\Castle.ActiveRecord.Tests\Model\GenericModel\Employee.cs,The tool detected a potential instance of the smell because this type does not implement or override any method from it's supertype(s): Castle.ActiveRecord.ActiveRecordBase
Broken Hierarchy,Castle.ActiveRecord.Tests.Model.GenericModel,Award,D:\research\architectureSmells\repos\castleproject_Castle.ActiveRecord-READONLY\src\Castle.ActiveRecord.Tests\Model\GenericModel\Employee.cs,The tool detected a potential instance of the smell because this type does not implement or override any method from it's supertype(s): Castle.ActiveRecord.ActiveRecordBase
Unfactored Hierarchy,Castle.ActiveRecord.Tests.Model.GenericModel,Person,D:\research\architectureSmells\repos\castleproject_Castle.ActiveRecord-READONLY\src\Castle.ActiveRecord.Tests\Model\GenericModel\Person.cs,The tool detected the smell because a set of code clones has been found where at least one pair of classes belong to the same inheritance hierarchy. List of classes with start and end line numbers where clones has been found are:  Person (D:\research\architectureSmells\repos\castleproject_Castle.ActiveRecord-READONLY\src\Castle.ActiveRecord.Tests\Model\GenericModel\Person.cs' [26' 45])' Person (D:\research\architectureSmells\repos\castleproject_Castle.ActiveRecord-READONLY\src\Castle.ActiveRecord.Tests\Model\Person.cs' [30' 49])
Broken Hierarchy,Castle.ActiveRecord.Tests.Model.GenericModel,Person,D:\research\architectureSmells\repos\castleproject_Castle.ActiveRecord-READONLY\src\Castle.ActiveRecord.Tests\Model\GenericModel\Person.cs,The tool detected a potential instance of the smell because this type does not implement or override any method from it's supertype(s): Castle.ActiveRecord.ActiveRecordBase
Broken Hierarchy,Castle.ActiveRecord.Tests.Model.GenericModel,AbstractClass<T>,D:\research\architectureSmells\repos\castleproject_Castle.ActiveRecord-READONLY\src\Castle.ActiveRecord.Tests\Model\GenericModel\AbstractClass.cs,The tool detected a potential instance of the smell because this type does not implement or override any method from it's supertype(s): Castle.ActiveRecord.ActiveRecordBase
Unfactored Hierarchy,Castle.ActiveRecord.Tests.Model,Blog,D:\research\architectureSmells\repos\castleproject_Castle.ActiveRecord-READONLY\src\Castle.ActiveRecord.Tests\Model\Blog.cs,The tool detected the smell because a set of code clones has been found where at least one pair of classes belong to the same inheritance hierarchy. List of classes with start and end line numbers where clones has been found are:  Blog (D:\research\architectureSmells\repos\castleproject_Castle.ActiveRecord-READONLY\src\Castle.ActiveRecord.Tests\Model\Blog.cs' [179' 234])' Group (D:\research\architectureSmells\repos\castleproject_Castle.ActiveRecord-READONLY\src\Castle.ActiveRecord.Tests\Model\CompositeModel\Group.cs' [105' 160])
Broken Hierarchy,Castle.ActiveRecord.Tests.Model,Company,D:\research\architectureSmells\repos\castleproject_Castle.ActiveRecord-READONLY\src\Castle.ActiveRecord.Tests\Model\Company.cs,The tool detected a potential instance of the smell because this type does not implement or override any method from it's supertype(s): Castle.ActiveRecord.ActiveRecordBase
Broken Hierarchy,Castle.ActiveRecord.Tests.Model,Employee,D:\research\architectureSmells\repos\castleproject_Castle.ActiveRecord-READONLY\src\Castle.ActiveRecord.Tests\Model\Employee.cs,The tool detected a potential instance of the smell because this type does not implement or override any method from it's supertype(s): Castle.ActiveRecord.ActiveRecordBase
Broken Hierarchy,Castle.ActiveRecord.Tests.Model,Award,D:\research\architectureSmells\repos\castleproject_Castle.ActiveRecord-READONLY\src\Castle.ActiveRecord.Tests\Model\Employee.cs,The tool detected a potential instance of the smell because this type does not implement or override any method from it's supertype(s): Castle.ActiveRecord.ActiveRecordBase
Broken Hierarchy,Castle.ActiveRecord.Tests.Model,Entity,D:\research\architectureSmells\repos\castleproject_Castle.ActiveRecord-READONLY\src\Castle.ActiveRecord.Tests\Model\Entity.cs,The tool detected a potential instance of the smell because this type does not implement or override any method from it's supertype(s): Castle.ActiveRecord.ActiveRecordBase
Broken Hierarchy,Castle.ActiveRecord.Tests.Model,ManagerEntity,D:\research\architectureSmells\repos\castleproject_Castle.ActiveRecord-READONLY\src\Castle.ActiveRecord.Tests\Model\Entity.cs,The tool detected a potential instance of the smell because this type does not implement or override any method from it's supertype(s): Castle.ActiveRecord.ActiveRecordBase' Castle.ActiveRecord.Tests.Model.IManager
Broken Hierarchy,Castle.ActiveRecord.Tests.Model,IntlName,D:\research\architectureSmells\repos\castleproject_Castle.ActiveRecord-READONLY\src\Castle.ActiveRecord.Tests\Model\IntlName.cs,The tool detected a potential instance of the smell because this type does not implement or override any method from it's supertype(s): Castle.ActiveRecord.ActiveRecordBase
Broken Hierarchy,Castle.ActiveRecord.Tests.Model,LineItem,D:\research\architectureSmells\repos\castleproject_Castle.ActiveRecord-READONLY\src\Castle.ActiveRecord.Tests\Model\LineItem.cs,The tool detected a potential instance of the smell because this type does not implement or override any method from it's supertype(s): Castle.ActiveRecord.ActiveRecordBase
Broken Hierarchy,Castle.ActiveRecord.Tests.Model,Order,D:\research\architectureSmells\repos\castleproject_Castle.ActiveRecord-READONLY\src\Castle.ActiveRecord.Tests\Model\Order.cs,The tool detected a potential instance of the smell because this type does not implement or override any method from it's supertype(s): Castle.ActiveRecord.ActiveRecordBase
Broken Hierarchy,Castle.ActiveRecord.Tests.Model,OrderWithIDBag,D:\research\architectureSmells\repos\castleproject_Castle.ActiveRecord-READONLY\src\Castle.ActiveRecord.Tests\Model\Order.cs,The tool detected a potential instance of the smell because this type does not implement or override any method from it's supertype(s): Castle.ActiveRecord.ActiveRecordBase
Broken Hierarchy,Castle.ActiveRecord.Tests.Model,Person,D:\research\architectureSmells\repos\castleproject_Castle.ActiveRecord-READONLY\src\Castle.ActiveRecord.Tests\Model\Person.cs,The tool detected a potential instance of the smell because this type does not implement or override any method from it's supertype(s): Castle.ActiveRecord.ActiveRecordBase
Broken Hierarchy,Castle.ActiveRecord.Tests.Model,Product,D:\research\architectureSmells\repos\castleproject_Castle.ActiveRecord-READONLY\src\Castle.ActiveRecord.Tests\Model\Product.cs,The tool detected a potential instance of the smell because this type does not implement or override any method from it's supertype(s): Castle.ActiveRecord.ActiveRecordBase
Broken Hierarchy,Castle.ActiveRecord.Tests.Model,ProductWithIDBag,D:\research\architectureSmells\repos\castleproject_Castle.ActiveRecord-READONLY\src\Castle.ActiveRecord.Tests\Model\Product.cs,The tool detected a potential instance of the smell because this type does not implement or override any method from it's supertype(s): Castle.ActiveRecord.ActiveRecordBase
Broken Hierarchy,Castle.ActiveRecord.Tests.Model,Snippet,D:\research\architectureSmells\repos\castleproject_Castle.ActiveRecord-READONLY\src\Castle.ActiveRecord.Tests\Model\Snippet.cs,The tool detected a potential instance of the smell because this type does not implement or override any method from it's supertype(s): Castle.ActiveRecord.ActiveRecordBase
Broken Hierarchy,Castle.ActiveRecord.Tests.Model,Test2ARBase,D:\research\architectureSmells\repos\castleproject_Castle.ActiveRecord-READONLY\src\Castle.ActiveRecord.Tests\Model\Test2ARBase.cs,The tool detected a potential instance of the smell because this type does not implement or override any method from it's supertype(s): Castle.ActiveRecord.ActiveRecordBase
Broken Hierarchy,Castle.ActiveRecord.Tests.Model,TimeStamped,D:\research\architectureSmells\repos\castleproject_Castle.ActiveRecord-READONLY\src\Castle.ActiveRecord.Tests\Model\TimeStamped.cs,The tool detected a potential instance of the smell because this type does not implement or override any method from it's supertype(s): Castle.ActiveRecord.ActiveRecordBase
Broken Hierarchy,Castle.ActiveRecord.Tests.Model,ProductWithGuid,D:\research\architectureSmells\repos\castleproject_Castle.ActiveRecord-READONLY\src\Castle.ActiveRecord.Tests\Model\ProductWithGuid.cs,The tool detected a potential instance of the smell because this type does not implement or override any method from it's supertype(s): Castle.ActiveRecord.ActiveRecordBase
Broken Hierarchy,Castle.ActiveRecord.Tests.Model,SimpleBlog,D:\research\architectureSmells\repos\castleproject_Castle.ActiveRecord-READONLY\src\Castle.ActiveRecord.Tests\Model\SimpleBlog.cs,The tool detected a potential instance of the smell because this type does not implement or override any method from it's supertype(s): Castle.ActiveRecord.ActiveRecordBase
Broken Hierarchy,Castle.ActiveRecord.Tests.Model,SimplePost,D:\research\architectureSmells\repos\castleproject_Castle.ActiveRecord-READONLY\src\Castle.ActiveRecord.Tests\Model\SimplePost.cs,The tool detected a potential instance of the smell because this type does not implement or override any method from it's supertype(s): Castle.ActiveRecord.ActiveRecordBase
Broken Hierarchy,Castle.ActiveRecord.Tests.Model,SSAFEntity,D:\research\architectureSmells\repos\castleproject_Castle.ActiveRecord-READONLY\src\Castle.ActiveRecord.Tests\Model\SSAFEntity.cs,The tool detected a potential instance of the smell because this type does not implement or override any method from it's supertype(s): Castle.ActiveRecord.ActiveRecordBase
Broken Hierarchy,Castle.ActiveRecord.Tests.Model,Animal<T>,D:\research\architectureSmells\repos\castleproject_Castle.ActiveRecord-READONLY\src\Castle.ActiveRecord.Tests\Model\Animal.cs,The tool detected a potential instance of the smell because this type does not implement or override any method from it's supertype(s): Castle.ActiveRecord.ActiveRecordBase
Broken Hierarchy,Castle.ActiveRecord.Tests.Model,ModelClassUsedToCreateTableForClassWithBrokenField,D:\research\architectureSmells\repos\castleproject_Castle.ActiveRecord-READONLY\src\Castle.ActiveRecord.Tests\Model\ClassWithBrokenField.cs,The tool detected a potential instance of the smell because this type does not implement or override any method from it's supertype(s): Castle.ActiveRecord.ActiveRecordBase
Broken Hierarchy,Castle.ActiveRecord.Tests.Model.CompositeModel,Agent,D:\research\architectureSmells\repos\castleproject_Castle.ActiveRecord-READONLY\src\Castle.ActiveRecord.Tests\Model\CompositeModel\Agent.cs,The tool detected a potential instance of the smell because this type does not implement or override any method from it's supertype(s): Castle.ActiveRecord.ActiveRecordBase
Broken Hierarchy,Castle.ActiveRecord.Tests.Model.Nested,NestedParent,D:\research\architectureSmells\repos\castleproject_Castle.ActiveRecord-READONLY\src\Castle.ActiveRecord.Tests\Model\Nested\NestedParent.cs,The tool detected a potential instance of the smell because this type does not implement or override any method from it's supertype(s): Castle.ActiveRecord.ActiveRecordBase
Broken Hierarchy,Castle.ActiveRecord.Tests.Model.Nested,Operation,D:\research\architectureSmells\repos\castleproject_Castle.ActiveRecord-READONLY\src\Castle.ActiveRecord.Tests\Model\Nested\Operation.cs,The tool detected a potential instance of the smell because this type does not implement or override any method from it's supertype(s): Castle.ActiveRecord.ActiveRecordBase
Broken Hierarchy,Castle.ActiveRecord.Tests.Model.Nested,Convention,D:\research\architectureSmells\repos\castleproject_Castle.ActiveRecord-READONLY\src\Castle.ActiveRecord.Tests\Model\Nested\Operation.cs,The tool detected a potential instance of the smell because this type does not implement or override any method from it's supertype(s): Castle.ActiveRecord.ActiveRecordBase
Broken Hierarchy,Castle.ActiveRecord.Tests.Model.Nested,Payment,D:\research\architectureSmells\repos\castleproject_Castle.ActiveRecord-READONLY\src\Castle.ActiveRecord.Tests\Model\Nested\Operation.cs,The tool detected a potential instance of the smell because this type does not implement or override any method from it's supertype(s): Castle.ActiveRecord.ActiveRecordBase
Broken Hierarchy,Castle.ActiveRecord.Tests.Model.Nested,NestedWithPrefix,D:\research\architectureSmells\repos\castleproject_Castle.ActiveRecord-READONLY\src\Castle.ActiveRecord.Tests\Model\Nested\WithPrefix.cs,The tool detected a potential instance of the smell because this type does not implement or override any method from it's supertype(s): Castle.ActiveRecord.ActiveRecordBase
Broken Hierarchy,Castle.ActiveRecord.Tests.Model.LazyModel,ProductLazy,D:\research\architectureSmells\repos\castleproject_Castle.ActiveRecord-READONLY\src\Castle.ActiveRecord.Tests\Model\LazyModel\ProductLazy.cs,The tool detected a potential instance of the smell because this type does not implement or override any method from it's supertype(s): Castle.ActiveRecord.ActiveRecordValidationBase
Broken Hierarchy,Castle.ActiveRecord.Tests.Model.LazyModel,CategoryLazy,D:\research\architectureSmells\repos\castleproject_Castle.ActiveRecord-READONLY\src\Castle.ActiveRecord.Tests\Model\LazyModel\ProductLazy.cs,The tool detected a potential instance of the smell because this type does not implement or override any method from it's supertype(s): Castle.ActiveRecord.ActiveRecordValidationBase
Broken Hierarchy,Castle.ActiveRecord.Tests.Model.StrictModel,Estrato,D:\research\architectureSmells\repos\castleproject_Castle.ActiveRecord-READONLY\src\Castle.ActiveRecord.Tests\Model\StrictModel\Estrato.cs,The tool detected a potential instance of the smell because this type does not implement or override any method from it's supertype(s): Castle.ActiveRecord.ActiveRecordValidationBase
Broken Hierarchy,Castle.ActiveRecord.Tests.Model.StrictModel,Repository,D:\research\architectureSmells\repos\castleproject_Castle.ActiveRecord-READONLY\src\Castle.ActiveRecord.Tests\Model\StrictModel\Repository.cs,The tool detected a potential instance of the smell because this type does not implement or override any method from it's supertype(s): Castle.ActiveRecord.Tests.Model.StrictModel.QuestionContainer
Unfactored Hierarchy,Castle.ActiveRecord.Tests.Model.StrictModel,Survey,D:\research\architectureSmells\repos\castleproject_Castle.ActiveRecord-READONLY\src\Castle.ActiveRecord.Tests\Model\StrictModel\Survey.cs,The tool detected the smell because a set of code clones has been found where at least one pair of classes belong to the same inheritance hierarchy. List of classes with start and end line numbers where clones has been found are:  Survey (D:\research\architectureSmells\repos\castleproject_Castle.ActiveRecord-READONLY\src\Castle.ActiveRecord.Tests\Model\StrictModel\Survey.cs' [1' 21])' SurveyEstrato (D:\research\architectureSmells\repos\castleproject_Castle.ActiveRecord-READONLY\src\Castle.ActiveRecord.Tests\Model\StrictModel\SurveyEstrato.cs' [1' 21])
Broken Hierarchy,Castle.ActiveRecord.Tests.Model.StrictModel,Survey,D:\research\architectureSmells\repos\castleproject_Castle.ActiveRecord-READONLY\src\Castle.ActiveRecord.Tests\Model\StrictModel\Survey.cs,The tool detected a potential instance of the smell because this type does not implement or override any method from it's supertype(s): Castle.ActiveRecord.Tests.Model.StrictModel.QuestionContainer
Unfactored Hierarchy,Castle.ActiveRecord.Tests.Validation,ValidationTestCaseGeneric,D:\research\architectureSmells\repos\castleproject_Castle.ActiveRecord-READONLY\src\Castle.ActiveRecord.Tests\Validation\ValidationTestCase.Generic.cs,The tool detected the smell because a set of code clones has been found where at least one pair of classes belong to the same inheritance hierarchy. List of classes with start and end line numbers where clones has been found are:  ValidationTestCaseGeneric (D:\research\architectureSmells\repos\castleproject_Castle.ActiveRecord-READONLY\src\Castle.ActiveRecord.Tests\Validation\ValidationTestCase.Generic.cs' [1' 21])' ValidationTestCase (D:\research\architectureSmells\repos\castleproject_Castle.ActiveRecord-READONLY\src\Castle.ActiveRecord.Tests\Validation\ValidationTestCase.cs' [1' 21])' ARValidatorTestCase (D:\research\architectureSmells\repos\castleproject_Castle.ActiveRecord-READONLY\src\Castle.ActiveRecord.Tests\Validation\ARValidatorTestCase.cs' [1' 21])
Unfactored Hierarchy,Castle.ActiveRecord.Tests.Validation,ValidationTestCaseGeneric,D:\research\architectureSmells\repos\castleproject_Castle.ActiveRecord-READONLY\src\Castle.ActiveRecord.Tests\Validation\ValidationTestCase.Generic.cs,The tool detected the smell because a set of code clones has been found where at least one pair of classes belong to the same inheritance hierarchy. List of classes with start and end line numbers where clones has been found are:  ValidationTestCaseGeneric (D:\research\architectureSmells\repos\castleproject_Castle.ActiveRecord-READONLY\src\Castle.ActiveRecord.Tests\Validation\ValidationTestCase.Generic.cs' [32' 126])' ValidationTestCase (D:\research\architectureSmells\repos\castleproject_Castle.ActiveRecord-READONLY\src\Castle.ActiveRecord.Tests\Validation\ValidationTestCase.cs' [29' 123])
Unfactored Hierarchy,Castle.ActiveRecord.Tests.Validation,ValidationTestCaseGeneric,D:\research\architectureSmells\repos\castleproject_Castle.ActiveRecord-READONLY\src\Castle.ActiveRecord.Tests\Validation\ValidationTestCase.Generic.cs,The tool detected the smell because a set of code clones has been found where at least one pair of classes belong to the same inheritance hierarchy. List of classes with start and end line numbers where clones has been found are:  ValidationTestCaseGeneric (D:\research\architectureSmells\repos\castleproject_Castle.ActiveRecord-READONLY\src\Castle.ActiveRecord.Tests\Validation\ValidationTestCase.Generic.cs' [148' 179])' ValidationTestCase (D:\research\architectureSmells\repos\castleproject_Castle.ActiveRecord-READONLY\src\Castle.ActiveRecord.Tests\Validation\ValidationTestCase.cs' [287' 318])
Unfactored Hierarchy,Castle.ActiveRecord.Tests.Validation,ValidationTestCaseGeneric,D:\research\architectureSmells\repos\castleproject_Castle.ActiveRecord-READONLY\src\Castle.ActiveRecord.Tests\Validation\ValidationTestCase.Generic.cs,The tool detected the smell because a set of code clones has been found where at least one pair of classes belong to the same inheritance hierarchy. List of classes with start and end line numbers where clones has been found are:  ValidationTestCaseGeneric (D:\research\architectureSmells\repos\castleproject_Castle.ActiveRecord-READONLY\src\Castle.ActiveRecord.Tests\Validation\ValidationTestCase.Generic.cs' [215' 246])' ValidationTestCase (D:\research\architectureSmells\repos\castleproject_Castle.ActiveRecord-READONLY\src\Castle.ActiveRecord.Tests\Validation\ValidationTestCase.cs' [420' 451])
Broken Hierarchy,Castle.ActiveRecord.Tests.Validation,ValidationTestCaseGeneric,D:\research\architectureSmells\repos\castleproject_Castle.ActiveRecord-READONLY\src\Castle.ActiveRecord.Tests\Validation\ValidationTestCase.Generic.cs,The tool detected a potential instance of the smell because this type does not implement or override any method from it's supertype(s): Castle.ActiveRecord.Tests.AbstractActiveRecordTest
Unfactored Hierarchy,Castle.ActiveRecord.Tests.Validation,ValidationTestCase,D:\research\architectureSmells\repos\castleproject_Castle.ActiveRecord-READONLY\src\Castle.ActiveRecord.Tests\Validation\ValidationTestCase.cs,The tool detected the smell because a set of code clones has been found where at least one pair of classes belong to the same inheritance hierarchy. List of classes with start and end line numbers where clones has been found are:  ValidationTestCase (D:\research\architectureSmells\repos\castleproject_Castle.ActiveRecord-READONLY\src\Castle.ActiveRecord.Tests\Validation\ValidationTestCase.cs' [1' 27])' ARValidatorTestCase (D:\research\architectureSmells\repos\castleproject_Castle.ActiveRecord-READONLY\src\Castle.ActiveRecord.Tests\Validation\ARValidatorTestCase.cs' [1' 27])
Broken Hierarchy,Castle.ActiveRecord.Tests.Validation,ValidationTestCase,D:\research\architectureSmells\repos\castleproject_Castle.ActiveRecord-READONLY\src\Castle.ActiveRecord.Tests\Validation\ValidationTestCase.cs,The tool detected a potential instance of the smell because this type does not implement or override any method from it's supertype(s): Castle.ActiveRecord.Tests.AbstractActiveRecordTest
Broken Hierarchy,Castle.ActiveRecord.Tests.Validation,ARValidatorTestCase,D:\research\architectureSmells\repos\castleproject_Castle.ActiveRecord-READONLY\src\Castle.ActiveRecord.Tests\Validation\ARValidatorTestCase.cs,The tool detected a potential instance of the smell because this type does not implement or override any method from it's supertype(s): Castle.ActiveRecord.Tests.AbstractActiveRecordTest
Unfactored Hierarchy,Castle.ActiveRecord.Tests.Validation.GenericModel,Blog2,D:\research\architectureSmells\repos\castleproject_Castle.ActiveRecord-READONLY\src\Castle.ActiveRecord.Tests\Validation\GenericModel\Blog.cs,The tool detected the smell because a set of code clones has been found where at least one pair of classes belong to the same inheritance hierarchy. List of classes with start and end line numbers where clones has been found are:  Blog2 (D:\research\architectureSmells\repos\castleproject_Castle.ActiveRecord-READONLY\src\Castle.ActiveRecord.Tests\Validation\GenericModel\Blog.cs' [21' 46])' Blog2 (D:\research\architectureSmells\repos\castleproject_Castle.ActiveRecord-READONLY\src\Castle.ActiveRecord.Tests\Validation\Model\Blog.cs' [21' 46])
Broken Hierarchy,Castle.ActiveRecord.Tests.Validation.GenericModel,Blog2,D:\research\architectureSmells\repos\castleproject_Castle.ActiveRecord-READONLY\src\Castle.ActiveRecord.Tests\Validation\GenericModel\Blog.cs,The tool detected a potential instance of the smell because this type does not implement or override any method from it's supertype(s): Castle.ActiveRecord.ActiveRecordValidationBase
Unfactored Hierarchy,Castle.ActiveRecord.Tests.Validation.GenericModel,Customer,D:\research\architectureSmells\repos\castleproject_Castle.ActiveRecord-READONLY\src\Castle.ActiveRecord.Tests\Validation\GenericModel\Customer.cs,The tool detected the smell because a set of code clones has been found where at least one pair of classes belong to the same inheritance hierarchy. List of classes with start and end line numbers where clones has been found are:  Customer (D:\research\architectureSmells\repos\castleproject_Castle.ActiveRecord-READONLY\src\Castle.ActiveRecord.Tests\Validation\GenericModel\Customer.cs' [16' 45])' Customer (D:\research\architectureSmells\repos\castleproject_Castle.ActiveRecord-READONLY\src\Castle.ActiveRecord.Tests\Validation\Model\Customer.cs' [16' 45])
Unfactored Hierarchy,Castle.ActiveRecord.Tests.Validation.GenericModel,Person,D:\research\architectureSmells\repos\castleproject_Castle.ActiveRecord-READONLY\src\Castle.ActiveRecord.Tests\Validation\GenericModel\Person.cs,The tool detected the smell because a set of code clones has been found where at least one pair of classes belong to the same inheritance hierarchy. List of classes with start and end line numbers where clones has been found are:  Person (D:\research\architectureSmells\repos\castleproject_Castle.ActiveRecord-READONLY\src\Castle.ActiveRecord.Tests\Validation\GenericModel\Person.cs' [22' 53])' Person (D:\research\architectureSmells\repos\castleproject_Castle.ActiveRecord-READONLY\src\Castle.ActiveRecord.Tests\Validation\Model\Person.cs' [22' 53])
Broken Hierarchy,Castle.ActiveRecord.Tests.Validation.GenericModel,Person,D:\research\architectureSmells\repos\castleproject_Castle.ActiveRecord-READONLY\src\Castle.ActiveRecord.Tests\Validation\GenericModel\Person.cs,The tool detected a potential instance of the smell because this type does not implement or override any method from it's supertype(s): Castle.ActiveRecord.ActiveRecordValidationBase
Unfactored Hierarchy,Castle.ActiveRecord.Tests.Validation.GenericModel,User,D:\research\architectureSmells\repos\castleproject_Castle.ActiveRecord-READONLY\src\Castle.ActiveRecord.Tests\Validation\GenericModel\User.cs,The tool detected the smell because a set of code clones has been found where at least one pair of classes belong to the same inheritance hierarchy. List of classes with start and end line numbers where clones has been found are:  User (D:\research\architectureSmells\repos\castleproject_Castle.ActiveRecord-READONLY\src\Castle.ActiveRecord.Tests\Validation\GenericModel\User.cs' [22' 73])' User (D:\research\architectureSmells\repos\castleproject_Castle.ActiveRecord-READONLY\src\Castle.ActiveRecord.Tests\Validation\Model\User.cs' [22' 73])
Broken Hierarchy,Castle.ActiveRecord.Tests.Validation.GenericModel,User,D:\research\architectureSmells\repos\castleproject_Castle.ActiveRecord-READONLY\src\Castle.ActiveRecord.Tests\Validation\GenericModel\User.cs,The tool detected a potential instance of the smell because this type does not implement or override any method from it's supertype(s): Castle.ActiveRecord.ActiveRecordValidationBase
Broken Hierarchy,Castle.ActiveRecord.Tests.Validation.Model,Blog2,D:\research\architectureSmells\repos\castleproject_Castle.ActiveRecord-READONLY\src\Castle.ActiveRecord.Tests\Validation\Model\Blog.cs,The tool detected a potential instance of the smell because this type does not implement or override any method from it's supertype(s): Castle.ActiveRecord.ActiveRecordValidationBase
Broken Hierarchy,Castle.ActiveRecord.Tests.Validation.Model,Blog2B,D:\research\architectureSmells\repos\castleproject_Castle.ActiveRecord-READONLY\src\Castle.ActiveRecord.Tests\Validation\Model\Blog.cs,The tool detected a potential instance of the smell because this type does not implement or override any method from it's supertype(s): Castle.ActiveRecord.ActiveRecordValidationBase
Broken Hierarchy,Castle.ActiveRecord.Tests.Validation.Model,Blog3,D:\research\architectureSmells\repos\castleproject_Castle.ActiveRecord-READONLY\src\Castle.ActiveRecord.Tests\Validation\Model\Blog.cs,The tool detected a potential instance of the smell because this type does not implement or override any method from it's supertype(s): Castle.ActiveRecord.ActiveRecordValidationBase
Broken Hierarchy,Castle.ActiveRecord.Tests.Validation.Model,Blog4,D:\research\architectureSmells\repos\castleproject_Castle.ActiveRecord-READONLY\src\Castle.ActiveRecord.Tests\Validation\Model\Blog.cs,The tool detected a potential instance of the smell because this type does not implement or override any method from it's supertype(s): Castle.ActiveRecord.ActiveRecordValidationBase
Broken Hierarchy,Castle.ActiveRecord.Tests.Validation.Model,Blog5,D:\research\architectureSmells\repos\castleproject_Castle.ActiveRecord-READONLY\src\Castle.ActiveRecord.Tests\Validation\Model\Blog.cs,The tool detected a potential instance of the smell because this type does not implement or override any method from it's supertype(s): Castle.ActiveRecord.ActiveRecordBase
Broken Hierarchy,Castle.ActiveRecord.Tests.Validation.Model,Person,D:\research\architectureSmells\repos\castleproject_Castle.ActiveRecord-READONLY\src\Castle.ActiveRecord.Tests\Validation\Model\Person.cs,The tool detected a potential instance of the smell because this type does not implement or override any method from it's supertype(s): Castle.ActiveRecord.ActiveRecordValidationBase
Broken Hierarchy,Castle.ActiveRecord.Tests.Validation.Model,User,D:\research\architectureSmells\repos\castleproject_Castle.ActiveRecord-READONLY\src\Castle.ActiveRecord.Tests\Validation\Model\User.cs,The tool detected a potential instance of the smell because this type does not implement or override any method from it's supertype(s): Castle.ActiveRecord.ActiveRecordValidationBase
Broken Hierarchy,Castle.ActiveRecord.Tests.Model.CompositeUserType,Product,D:\research\architectureSmells\repos\castleproject_Castle.ActiveRecord-READONLY\src\Castle.ActiveRecord.Tests\Model\CompositeUserType\ProductPropertyAccess.cs,The tool detected a potential instance of the smell because this type does not implement or override any method from it's supertype(s): Castle.ActiveRecord.ActiveRecordBase
Broken Hierarchy,Castle.ActiveRecord.Tests.Model.CompositeUserType,Citizen,D:\research\architectureSmells\repos\castleproject_Castle.ActiveRecord-READONLY\src\Castle.ActiveRecord.Tests\Model\CompositeUserType\Product.cs,The tool detected a potential instance of the smell because this type does not implement or override any method from it's supertype(s): Castle.ActiveRecord.ActiveRecordBase
Broken Hierarchy,Castle.ActiveRecord.Tests.Model.CompositeUserType,NestedCitizen,D:\research\architectureSmells\repos\castleproject_Castle.ActiveRecord-READONLY\src\Castle.ActiveRecord.Tests\Model\CompositeUserType\Product.cs,The tool detected a potential instance of the smell because this type does not implement or override any method from it's supertype(s): Castle.ActiveRecord.ActiveRecordBase
Broken Hierarchy,Castle.ActiveRecord.Tests.PropertyAccessTests,Project,D:\research\architectureSmells\repos\castleproject_Castle.ActiveRecord-READONLY\src\Castle.ActiveRecord.Tests\PropertyAccessTests\Project.cs,The tool detected a potential instance of the smell because this type does not implement or override any method from it's supertype(s): Castle.ActiveRecord.ActiveRecordBase
Broken Hierarchy,Castle.ActiveRecord.Tests.PropertyAccessTests,Task,D:\research\architectureSmells\repos\castleproject_Castle.ActiveRecord-READONLY\src\Castle.ActiveRecord.Tests\PropertyAccessTests\Task.cs,The tool detected a potential instance of the smell because this type does not implement or override any method from it's supertype(s): Castle.ActiveRecord.ActiveRecordBase
Broken Hierarchy,Castle.ActiveRecord.Tests.Event,AssemblyAttributesTest,D:\research\architectureSmells\repos\castleproject_Castle.ActiveRecord-READONLY\src\Castle.ActiveRecord.Tests\Event\AssemblyAttributesTest.cs,The tool detected a potential instance of the smell because this type does not implement or override any method from it's supertype(s): Castle.ActiveRecord.Tests.Event.AbstractEventListenerTest
Unfactored Hierarchy,Castle.ActiveRecord.Tests.Event,ContributorTest,D:\research\architectureSmells\repos\castleproject_Castle.ActiveRecord-READONLY\src\Castle.ActiveRecord.Tests\Event\ContributorTest.cs,The tool detected the smell because a set of code clones has been found where at least one pair of classes belong to the same inheritance hierarchy. List of classes with start and end line numbers where clones has been found are:  ContributorTest (D:\research\architectureSmells\repos\castleproject_Castle.ActiveRecord-READONLY\src\Castle.ActiveRecord.Tests\Event\ContributorTest.cs' [1' 25])' EventListenerContributionTest (D:\research\architectureSmells\repos\castleproject_Castle.ActiveRecord-READONLY\src\Castle.ActiveRecord.Tests\Event\EventListenerContributionTest.cs' [1' 25])
Broken Hierarchy,Castle.ActiveRecord.Tests.Event,ContributorTest,D:\research\architectureSmells\repos\castleproject_Castle.ActiveRecord-READONLY\src\Castle.ActiveRecord.Tests\Event\ContributorTest.cs,The tool detected a potential instance of the smell because this type does not implement or override any method from it's supertype(s): Castle.ActiveRecord.Tests.AbstractActiveRecordTest
Broken Hierarchy,Castle.ActiveRecord.Tests.Event,EventListenerAttributeTest,D:\research\architectureSmells\repos\castleproject_Castle.ActiveRecord-READONLY\src\Castle.ActiveRecord.Tests\Event\EventListenerAttributeTest.cs,The tool detected a potential instance of the smell because this type does not implement or override any method from it's supertype(s): Castle.ActiveRecord.Tests.Event.AbstractEventListenerTest
Broken Hierarchy,Castle.ActiveRecord.Tests.Event,EventListenerContributionTest,D:\research\architectureSmells\repos\castleproject_Castle.ActiveRecord-READONLY\src\Castle.ActiveRecord.Tests\Event\EventListenerContributionTest.cs,The tool detected a potential instance of the smell because this type does not implement or override any method from it's supertype(s): Castle.ActiveRecord.Tests.AbstractActiveRecordTest
Broken Hierarchy,Castle.ActiveRecord.Tests.Model.CompositeNested,CompositeNestedParent,D:\research\architectureSmells\repos\castleproject_Castle.ActiveRecord-READONLY\src\Castle.ActiveRecord.Tests\Model\CompositeNested\CompositeNestedParent.cs,The tool detected a potential instance of the smell because this type does not implement or override any method from it's supertype(s): Castle.ActiveRecord.ActiveRecordBase
Broken Hierarchy,Castle.ActiveRecord.Tests.Model.NestedValidation,UserWithNestedAddress,D:\research\architectureSmells\repos\castleproject_Castle.ActiveRecord-READONLY\src\Castle.ActiveRecord.Tests\Model\NestedValidation\UserWithNestedAddress.cs,The tool detected a potential instance of the smell because this type does not implement or override any method from it's supertype(s): Castle.ActiveRecord.ActiveRecordValidationBase
Broken Hierarchy,Castle.ActiveRecord.Tests.Model.NestedValidation,UserWithNestedAddressNonGeneric,D:\research\architectureSmells\repos\castleproject_Castle.ActiveRecord-READONLY\src\Castle.ActiveRecord.Tests\Model\NestedValidation\UserWithNestedAddress.cs,The tool detected a potential instance of the smell because this type does not implement or override any method from it's supertype(s): Castle.ActiveRecord.ActiveRecordValidationBase
Unfactored Hierarchy,Castle.ActiveRecord.Tests.Testing,CustomizationTest,D:\research\architectureSmells\repos\castleproject_Castle.ActiveRecord-READONLY\src\Castle.ActiveRecord.Tests\Testing\CustomizationTest.cs,The tool detected the smell because a set of code clones has been found where at least one pair of classes belong to the same inheritance hierarchy. List of classes with start and end line numbers where clones has been found are:  CustomizationTest (D:\research\architectureSmells\repos\castleproject_Castle.ActiveRecord-READONLY\src\Castle.ActiveRecord.Tests\Testing\CustomizationTest.cs' [1' 22])' TypeInitializationTest (D:\research\architectureSmells\repos\castleproject_Castle.ActiveRecord-READONLY\src\Castle.ActiveRecord.Tests\Testing\InitializationTest.cs' [1' 22])
Broken Hierarchy,Castle.ActiveRecord.Tests.Model.AnyModel,Order,D:\research\architectureSmells\repos\castleproject_Castle.ActiveRecord-READONLY\src\Castle.ActiveRecord.Tests\Model\AnyModel\Models.cs,The tool detected a potential instance of the smell because this type does not implement or override any method from it's supertype(s): Castle.ActiveRecord.ActiveRecordBase
Broken Hierarchy,Castle.ActiveRecord.Tests.Model.AnyModel,CreditCards,D:\research\architectureSmells\repos\castleproject_Castle.ActiveRecord-READONLY\src\Castle.ActiveRecord.Tests\Model\AnyModel\Models.cs,The tool detected a potential instance of the smell because this type does not implement or override any method from it's supertype(s): Castle.ActiveRecord.ActiveRecordBase' Castle.ActiveRecord.Tests.Model.AnyModel.IPayment
Broken Hierarchy,Castle.ActiveRecord.Tests.Model.AnyModel,BankAccounts,D:\research\architectureSmells\repos\castleproject_Castle.ActiveRecord-READONLY\src\Castle.ActiveRecord.Tests\Model\AnyModel\Models.cs,The tool detected a potential instance of the smell because this type does not implement or override any method from it's supertype(s): Castle.ActiveRecord.ActiveRecordBase' Castle.ActiveRecord.Tests.Model.AnyModel.IPayment
Broken Hierarchy,Castle.ActiveRecord.Tests.Model.AnyModel,ModelWithInCorrectMapping,D:\research\architectureSmells\repos\castleproject_Castle.ActiveRecord-READONLY\src\Castle.ActiveRecord.Tests\Model\AnyModel\Models.cs,The tool detected a potential instance of the smell because this type does not implement or override any method from it's supertype(s): Castle.ActiveRecord.ActiveRecordBase
Broken Hierarchy,Castle.ActiveRecord.Tests.Validation.Model.GenericModel,AbstractTimeSlot<t>,D:\research\architectureSmells\repos\castleproject_Castle.ActiveRecord-READONLY\src\Castle.ActiveRecord.Tests\Validation\GenericModel\TimeSlotFixedDate.cs,The tool detected a potential instance of the smell because this type does not implement or override any method from it's supertype(s): Castle.ActiveRecord.ActiveRecordValidationBase
