Project,Namespace,Ca types,Ce types
Jarvis,Jarvis,,
