Design smell,Namespace,Class,File,Cause
Unutilized Abstraction,Box.V2.Auth,SessionAuthenticatedEventArgs,C:\repos\box_box-windows-sdk-v2\Box.V2\Auth\EventArgs\SessionAuthenticatedEventArgs.cs,The tool detected the smell in this class because this class is potentially unused.   (Please ignore the smell if the reported class is auto-generated and/or used to serve a specific known purpose.)
Unutilized Abstraction,Box.V2.Auth.Token,ActorTokenBuilder,C:\repos\box_box-windows-sdk-v2\Box.V2\Auth\Token\ActorTokenBuilder.cs,The tool detected the smell in this class because this class is potentially unused.   (Please ignore the smell if the reported class is auto-generated and/or used to serve a specific known purpose.)
Unutilized Abstraction,Box.V2.Auth.Token,TokenExchange,C:\repos\box_box-windows-sdk-v2\Box.V2\Auth\Token\TokenExchange.cs,The tool detected the smell in this class because this class is potentially unused.   (Please ignore the smell if the reported class is auto-generated and/or used to serve a specific known purpose.)
Imperative Abstraction,Box.V2,BoxClient,C:\repos\box_box-windows-sdk-v2\Box.V2\BoxClient.cs,The tool detected the smell in this class because it looks like that an operation is turned into a class. This class contains only the following public method: AddResourcePlugin
Unnecessary Abstraction,Box.V2,IResourcePlugin,C:\repos\box_box-windows-sdk-v2\Box.V2\Plugin\IResourcePlugin.cs,The tool detected the smell in this class because the class contains only a few data members without any method implementation' that indicates that the abstraction might not be required. Following fields and properties are declared in this class: 
Unutilized Abstraction,Box.V2,IResourcePlugin,C:\repos\box_box-windows-sdk-v2\Box.V2\Plugin\IResourcePlugin.cs,The tool detected the smell in this class because this class is potentially unused.   (Please ignore the smell if the reported class is auto-generated and/or used to serve a specific known purpose.)
Unnecessary Abstraction,Box.V2,BoxError,C:\repos\box_box-windows-sdk-v2\Box.V2\Wrappers\BoxError.cs,The tool detected the smell in this class because the class contains only a few data members without any method implementation' that indicates that the abstraction might not be required. Following fields and properties are declared in this class: Name' Description' Status' Code' Message
Unnecessary Abstraction,Box.V2,BoxConflictError<T>,C:\repos\box_box-windows-sdk-v2\Box.V2\Wrappers\BoxError.cs,The tool detected the smell in this class because the class contains only a few data members without any method implementation' that indicates that the abstraction might not be required. Following fields and properties are declared in this class: ContextInfo
Unnecessary Abstraction,Box.V2,BoxPreflightCheckConflictError<T>,C:\repos\box_box-windows-sdk-v2\Box.V2\Wrappers\BoxError.cs,The tool detected the smell in this class because the class contains only a few data members without any method implementation' that indicates that the abstraction might not be required. Following fields and properties are declared in this class: ContextInfo
Unnecessary Abstraction,Box.V2,BoxConflictErrorContextInfo<T>,C:\repos\box_box-windows-sdk-v2\Box.V2\Wrappers\BoxErrorContextInfo.cs,The tool detected the smell in this class because the class contains only a few data members without any method implementation' that indicates that the abstraction might not be required. Following fields and properties are declared in this class: Conflicts
Unutilized Abstraction,Box.V2,BoxConflictErrorContextInfo<T>,C:\repos\box_box-windows-sdk-v2\Box.V2\Wrappers\BoxErrorContextInfo.cs,The tool detected the smell in this class because this class is potentially unused.   (Please ignore the smell if the reported class is auto-generated and/or used to serve a specific known purpose.)
Unnecessary Abstraction,Box.V2,BoxPreflightCheckConflictErrorContextInfo<T>,C:\repos\box_box-windows-sdk-v2\Box.V2\Wrappers\BoxErrorContextInfo.cs,The tool detected the smell in this class because the class contains only a few data members without any method implementation' that indicates that the abstraction might not be required. Following fields and properties are declared in this class: Conflict
Unutilized Abstraction,Box.V2,BoxPreflightCheckConflictErrorContextInfo<T>,C:\repos\box_box-windows-sdk-v2\Box.V2\Wrappers\BoxErrorContextInfo.cs,The tool detected the smell in this class because this class is potentially unused.   (Please ignore the smell if the reported class is auto-generated and/or used to serve a specific known purpose.)
Unnecessary Abstraction,Box.V2,BoxStringFormPart,C:\repos\box_box-windows-sdk-v2\Box.V2\Wrappers\BoxFormPart.cs,The tool detected the smell in this class because the class contains only a few data members without any method implementation' that indicates that the abstraction might not be required. Following fields and properties are declared in this class: Name' Value
Unnecessary Abstraction,Box.V2,BoxFileFormPart,C:\repos\box_box-windows-sdk-v2\Box.V2\Wrappers\BoxFormPart.cs,The tool detected the smell in this class because the class contains only a few data members without any method implementation' that indicates that the abstraction might not be required. Following fields and properties are declared in this class: Name' Value' FileName
Unnecessary Abstraction,Box.V2,BoxFilePart,C:\repos\box_box-windows-sdk-v2\Box.V2\Wrappers\BoxPart.cs,The tool detected the smell in this class because the class contains only a few data members without any method implementation' that indicates that the abstraction might not be required. Following fields and properties are declared in this class: Value
Unnecessary Abstraction,Box.V2,IBoxFormPart,C:\repos\box_box-windows-sdk-v2\Box.V2\Wrappers\Contracts\IBoxFormPart.cs,The tool detected the smell in this class because the class contains only a few data members without any method implementation' that indicates that the abstraction might not be required. Following fields and properties are declared in this class: Name' Value
Unnecessary Abstraction,Box.V2,IBoxPart,C:\repos\box_box-windows-sdk-v2\Box.V2\Wrappers\Contracts\IBoxPart.cs,The tool detected the smell in this class because the class contains only a few data members without any method implementation' that indicates that the abstraction might not be required. Following fields and properties are declared in this class: Value
Duplicate Abstraction,Box.V2,IBoxResponse,C:\repos\box_box-windows-sdk-v2\Box.V2\Wrappers\Contracts\IBoxResponse.cs,The tool detected the smell in this class because two or more abstractions have identical names. The abstractions with identical names are: Box.V2.IBoxResponse' Box.V2.BoxWrappers.IBoxResponse
Unutilized Abstraction,Box.V2.Config,CompressionType,C:\repos\box_box-windows-sdk-v2\Box.V2\Config\BoxConfig.cs,The tool detected the smell in this class because this class is potentially unused.   (Please ignore the smell if the reported class is auto-generated and/or used to serve a specific known purpose.)
Unnecessary Abstraction,Box.V2.Config,ErrorCodes,C:\repos\box_box-windows-sdk-v2\Box.V2\Config\Constants.cs,The tool detected the smell in this class because the class contains only a few data members without any method implementation' that indicates that the abstraction might not be required. Following fields and properties are declared in this class: ' Conflict
Unutilized Abstraction,Box.V2.Config,ErrorCodes,C:\repos\box_box-windows-sdk-v2\Box.V2\Config\Constants.cs,The tool detected the smell in this class because this class is potentially unused.   (Please ignore the smell if the reported class is auto-generated and/or used to serve a specific known purpose.)
Unnecessary Abstraction,Box.V2.Config,RepresentationTypes,C:\repos\box_box-windows-sdk-v2\Box.V2\Config\Constants.cs,The tool detected the smell in this class because the class contains only a few data members without any method implementation' that indicates that the abstraction might not be required. Following fields and properties are declared in this class: ' Pdf' ExtractedText' ThumbnailSmall' ImageMedium' ImageLarge
Unutilized Abstraction,Box.V2.Config,RepresentationTypes,C:\repos\box_box-windows-sdk-v2\Box.V2\Config\Constants.cs,The tool detected the smell in this class because this class is potentially unused.   (Please ignore the smell if the reported class is auto-generated and/or used to serve a specific known purpose.)
Unnecessary Abstraction,Box.V2.Config,ContentDispositionTypes,C:\repos\box_box-windows-sdk-v2\Box.V2\Config\Constants.cs,The tool detected the smell in this class because the class contains only a few data members without any method implementation' that indicates that the abstraction might not be required. Following fields and properties are declared in this class: ' Inline' Attachment
Unutilized Abstraction,Box.V2.Config,ContentDispositionTypes,C:\repos\box_box-windows-sdk-v2\Box.V2\Config\Constants.cs,The tool detected the smell in this class because this class is potentially unused.   (Please ignore the smell if the reported class is auto-generated and/or used to serve a specific known purpose.)
Unnecessary Abstraction,Box.V2.Config,WhitelistDirections,C:\repos\box_box-windows-sdk-v2\Box.V2\Config\Constants.cs,The tool detected the smell in this class because the class contains only a few data members without any method implementation' that indicates that the abstraction might not be required. Following fields and properties are declared in this class: ' Inbound' Outbound' Both
Unutilized Abstraction,Box.V2.Config,WhitelistDirections,C:\repos\box_box-windows-sdk-v2\Box.V2\Config\Constants.cs,The tool detected the smell in this class because this class is potentially unused.   (Please ignore the smell if the reported class is auto-generated and/or used to serve a specific known purpose.)
Unutilized Abstraction,Box.V2.Converter,BoxItemConverter,C:\repos\box_box-windows-sdk-v2\Box.V2\Converter\BoxItemConverter.cs,The tool detected the smell in this class because this class is potentially unused.   (Please ignore the smell if the reported class is auto-generated and/or used to serve a specific known purpose.)
Unutilized Abstraction,Box.V2.Converter,JsonCreationConverter<T>,C:\repos\box_box-windows-sdk-v2\Box.V2\Converter\BoxItemConverter.cs,The tool detected the smell in this class because this class is potentially unused.   (Please ignore the smell if the reported class is auto-generated and/or used to serve a specific known purpose.)
Unnecessary Abstraction,Box.V2.Exceptions,BoxSessionInvalidatedException,C:\repos\box_box-windows-sdk-v2\Box.V2\Exceptions\BoxAuthenticationFailedException.cs,The tool detected the smell in this class because the class contains only a few data members without any method implementation' that indicates that the abstraction might not be required. Following fields and properties are declared in this class: 
Unutilized Abstraction,Box.V2.Extensions,BoxExtensions,C:\repos\box_box-windows-sdk-v2\Box.V2\Extensions\BoxExtensions.cs,The tool detected the smell in this class because this class is potentially unused.   (Please ignore the smell if the reported class is auto-generated and/or used to serve a specific known purpose.)
Unutilized Abstraction,Box.V2.Extensions,BoxRequestExtensions,C:\repos\box_box-windows-sdk-v2\Box.V2\Extensions\BoxRequestExtensions.cs,The tool detected the smell in this class because this class is potentially unused.   (Please ignore the smell if the reported class is auto-generated and/or used to serve a specific known purpose.)
Unutilized Abstraction,Box.V2.Extensions,BoxResponseExtensions,C:\repos\box_box-windows-sdk-v2\Box.V2\Extensions\BoxResponseExtensions.cs,The tool detected the smell in this class because this class is potentially unused.   (Please ignore the smell if the reported class is auto-generated and/or used to serve a specific known purpose.)
Unutilized Abstraction,Box.V2.Extensions,UriExtensions,C:\repos\box_box-windows-sdk-v2\Box.V2\Extensions\UriExtensions.cs,The tool detected the smell in this class because this class is potentially unused.   (Please ignore the smell if the reported class is auto-generated and/or used to serve a specific known purpose.)
Unutilized Abstraction,Box.V2.JWTAuth,PEMPasswordFinder,C:\repos\box_box-windows-sdk-v2\Box.V2\JWTAuth\BoxJWTAuth.cs,The tool detected the smell in this class because this class is potentially unused.   (Please ignore the smell if the reported class is auto-generated and/or used to serve a specific known purpose.)
Unutilized Abstraction,Box.V2.Managers,BoxCollaborationsManager,C:\repos\box_box-windows-sdk-v2\Box.V2\Managers\BoxCollaborationsManager.cs,The tool detected the smell in this class because this class is potentially unused.   (Please ignore the smell if the reported class is auto-generated and/or used to serve a specific known purpose.)
Unutilized Abstraction,Box.V2.Managers,BoxCollaborationWhitelistManager,C:\repos\box_box-windows-sdk-v2\Box.V2\Managers\BoxCollaborationWhitelistManager.cs,The tool detected the smell in this class because this class is potentially unused.   (Please ignore the smell if the reported class is auto-generated and/or used to serve a specific known purpose.)
Unutilized Abstraction,Box.V2.Managers,BoxCollectionsManager,C:\repos\box_box-windows-sdk-v2\Box.V2\Managers\BoxCollectionsManager.cs,The tool detected the smell in this class because this class is potentially unused.   (Please ignore the smell if the reported class is auto-generated and/or used to serve a specific known purpose.)
Unutilized Abstraction,Box.V2.Managers,BoxCommentsManager,C:\repos\box_box-windows-sdk-v2\Box.V2\Managers\BoxCommentsManager.cs,The tool detected the smell in this class because this class is potentially unused.   (Please ignore the smell if the reported class is auto-generated and/or used to serve a specific known purpose.)
Unutilized Abstraction,Box.V2.Managers,BoxDevicePinManager,C:\repos\box_box-windows-sdk-v2\Box.V2\Managers\BoxDevicePinManager.cs,The tool detected the smell in this class because this class is potentially unused.   (Please ignore the smell if the reported class is auto-generated and/or used to serve a specific known purpose.)
Unutilized Abstraction,Box.V2.Managers,BoxEventsManager,C:\repos\box_box-windows-sdk-v2\Box.V2\Managers\BoxEventsManager.cs,The tool detected the smell in this class because this class is potentially unused.   (Please ignore the smell if the reported class is auto-generated and/or used to serve a specific known purpose.)
Unutilized Abstraction,Box.V2.Managers,BoxFilesManager,C:\repos\box_box-windows-sdk-v2\Box.V2\Managers\BoxFilesManager.cs,The tool detected the smell in this class because this class is potentially unused.   (Please ignore the smell if the reported class is auto-generated and/or used to serve a specific known purpose.)
Unutilized Abstraction,Box.V2.Managers,BoxFoldersManager,C:\repos\box_box-windows-sdk-v2\Box.V2\Managers\BoxFoldersManager.cs,The tool detected the smell in this class because this class is potentially unused.   (Please ignore the smell if the reported class is auto-generated and/or used to serve a specific known purpose.)
Unutilized Abstraction,Box.V2.Managers,BoxGroupsManager,C:\repos\box_box-windows-sdk-v2\Box.V2\Managers\BoxGroupsManager.cs,The tool detected the smell in this class because this class is potentially unused.   (Please ignore the smell if the reported class is auto-generated and/or used to serve a specific known purpose.)
Duplicate Abstraction,Box.V2.Managers,BoxGroupsManager,C:\repos\box_box-windows-sdk-v2\Box.V2\Managers\BoxGroupsManager.cs,The tool detected the smell in this class because a set of code clones has been found and at least one of the clones found in this class. List of code clones with start and end line numbers are:  BoxGroupsManager (C:\repos\box_box-windows-sdk-v2\Box.V2\Managers\BoxGroupsManager.cs' [230' 253])' BoxGroupsManager (C:\repos\box_box-windows-sdk-v2\Box.V2\Managers\BoxGroupsManager.cs' [268' 291])
Unutilized Abstraction,Box.V2.Managers,BoxLegalHoldPoliciesManager,C:\repos\box_box-windows-sdk-v2\Box.V2\Managers\BoxLegalHoldPoliciesManager.cs,The tool detected the smell in this class because this class is potentially unused.   (Please ignore the smell if the reported class is auto-generated and/or used to serve a specific known purpose.)
Unutilized Abstraction,Box.V2.Managers,BoxMetadataManager,C:\repos\box_box-windows-sdk-v2\Box.V2\Managers\BoxMetadataManager.cs,The tool detected the smell in this class because this class is potentially unused.   (Please ignore the smell if the reported class is auto-generated and/or used to serve a specific known purpose.)
Unutilized Abstraction,Box.V2.Managers,BoxRecentItemsManager,C:\repos\box_box-windows-sdk-v2\Box.V2\Managers\BoxRecentItemsManager.cs,The tool detected the smell in this class because this class is potentially unused.   (Please ignore the smell if the reported class is auto-generated and/or used to serve a specific known purpose.)
Unutilized Abstraction,Box.V2.Managers,BoxResourceManager,C:\repos\box_box-windows-sdk-v2\Box.V2\Managers\BoxResourceManager.cs,The tool detected the smell in this class because this class is potentially unused.   (Please ignore the smell if the reported class is auto-generated and/or used to serve a specific known purpose.)
Unutilized Abstraction,Box.V2.Managers,BoxRetentionPoliciesManager,C:\repos\box_box-windows-sdk-v2\Box.V2\Managers\BoxRetentionPoliciesManager.cs,The tool detected the smell in this class because this class is potentially unused.   (Please ignore the smell if the reported class is auto-generated and/or used to serve a specific known purpose.)
Unutilized Abstraction,Box.V2.Managers,BoxSearchManager,C:\repos\box_box-windows-sdk-v2\Box.V2\Managers\BoxSearchManager.cs,The tool detected the smell in this class because this class is potentially unused.   (Please ignore the smell if the reported class is auto-generated and/or used to serve a specific known purpose.)
Unutilized Abstraction,Box.V2.Managers,BoxSharedItemsManager,C:\repos\box_box-windows-sdk-v2\Box.V2\Managers\BoxSharedItemsManager.cs,The tool detected the smell in this class because this class is potentially unused.   (Please ignore the smell if the reported class is auto-generated and/or used to serve a specific known purpose.)
Unutilized Abstraction,Box.V2.Managers,BoxTasksManager,C:\repos\box_box-windows-sdk-v2\Box.V2\Managers\BoxTasksManager.cs,The tool detected the smell in this class because this class is potentially unused.   (Please ignore the smell if the reported class is auto-generated and/or used to serve a specific known purpose.)
Unutilized Abstraction,Box.V2.Managers,BoxTermsOfServiceManager,C:\repos\box_box-windows-sdk-v2\Box.V2\Managers\BoxTermsOfServiceManager.cs,The tool detected the smell in this class because this class is potentially unused.   (Please ignore the smell if the reported class is auto-generated and/or used to serve a specific known purpose.)
Unutilized Abstraction,Box.V2.Managers,BoxUsersManager,C:\repos\box_box-windows-sdk-v2\Box.V2\Managers\BoxUsersManager.cs,The tool detected the smell in this class because this class is potentially unused.   (Please ignore the smell if the reported class is auto-generated and/or used to serve a specific known purpose.)
Unutilized Abstraction,Box.V2.Managers,BoxWebhooksManager,C:\repos\box_box-windows-sdk-v2\Box.V2\Managers\BoxWebhooksManager.cs,The tool detected the smell in this class because this class is potentially unused.   (Please ignore the smell if the reported class is auto-generated and/or used to serve a specific known purpose.)
Unutilized Abstraction,Box.V2.Managers,BoxWebLinksManager,C:\repos\box_box-windows-sdk-v2\Box.V2\Managers\BoxWebLinksManager.cs,The tool detected the smell in this class because this class is potentially unused.   (Please ignore the smell if the reported class is auto-generated and/or used to serve a specific known purpose.)
Unutilized Abstraction,Box.V2.Models,BoxAssignmentCounts,C:\repos\box_box-windows-sdk-v2\Box.V2\Models\BoxAssignmentCounts.cs,The tool detected the smell in this class because this class is potentially unused.   (Please ignore the smell if the reported class is auto-generated and/or used to serve a specific known purpose.)
Duplicate Abstraction,Box.V2.Models,BoxCollection,C:\repos\box_box-windows-sdk-v2\Box.V2\Models\BoxCollection.cs,The tool detected the smell in this class because a set of code clones has been found and at least one of the clones found in this class. List of code clones with start and end line numbers are:  BoxCollection (C:\repos\box_box-windows-sdk-v2\Box.V2\Models\BoxCollection.cs' [101' 123])' BoxCollection (C:\repos\box_box-windows-sdk-v2\Box.V2\Models\BoxCollection.cs' [133' 155])
Unnecessary Abstraction,Box.V2.Models,BoxCollectionMarkerBased,C:\repos\box_box-windows-sdk-v2\Box.V2\Models\BoxCollection.cs,The tool detected the smell in this class because the class contains only a few data members without any method implementation' that indicates that the abstraction might not be required. Following fields and properties are declared in this class: ' FieldEntries' FieldMarker' FieldLimit' FieldOrder
Unnecessary Abstraction,Box.V2.Models,BoxEventCollection,C:\repos\box_box-windows-sdk-v2\Box.V2\Models\BoxCollection.cs,The tool detected the smell in this class because the class contains only a few data members without any method implementation' that indicates that the abstraction might not be required. Following fields and properties are declared in this class: ' FieldChunkSize' FieldNextStreamPosition' FieldEntries
Unnecessary Abstraction,Box.V2.Models,BoxLongPollInfoCollection,C:\repos\box_box-windows-sdk-v2\Box.V2\Models\BoxCollection.cs,The tool detected the smell in this class because the class contains only a few data members without any method implementation' that indicates that the abstraction might not be required. Following fields and properties are declared in this class: ' FieldChunkSize' FieldEntries
Unnecessary Abstraction,Box.V2.Models,BoxWebhookCollection,C:\repos\box_box-windows-sdk-v2\Box.V2\Models\BoxCollection.cs,The tool detected the smell in this class because the class contains only a few data members without any method implementation' that indicates that the abstraction might not be required. Following fields and properties are declared in this class: ' FieldLimit' FieldNextMarker' FieldEntries
Unutilized Abstraction,Box.V2.Models,BoxWebhookCollection,C:\repos\box_box-windows-sdk-v2\Box.V2\Models\BoxCollection.cs,The tool detected the smell in this class because this class is potentially unused.   (Please ignore the smell if the reported class is auto-generated and/or used to serve a specific known purpose.)
Unnecessary Abstraction,Box.V2.Models,BoxRepresentationCollection,C:\repos\box_box-windows-sdk-v2\Box.V2\Models\BoxCollection.cs,The tool detected the smell in this class because the class contains only a few data members without any method implementation' that indicates that the abstraction might not be required. Following fields and properties are declared in this class: ' FieldEntries
Unnecessary Abstraction,Box.V2.Models,BoxTermsOfServiceCollection,C:\repos\box_box-windows-sdk-v2\Box.V2\Models\BoxCollection.cs,The tool detected the smell in this class because the class contains only a few data members without any method implementation' that indicates that the abstraction might not be required. Following fields and properties are declared in this class: ' FieldEntries' FieldTotalCount
Unnecessary Abstraction,Box.V2.Models,BoxTermsOfServiceUserStatusesCollection,C:\repos\box_box-windows-sdk-v2\Box.V2\Models\BoxCollection.cs,The tool detected the smell in this class because the class contains only a few data members without any method implementation' that indicates that the abstraction might not be required. Following fields and properties are declared in this class: ' FieldEntries' FieldTotalCount
Unnecessary Abstraction,Box.V2.Models,BoxMetadataTemplateCollection,C:\repos\box_box-windows-sdk-v2\Box.V2\Models\BoxCollection.cs,The tool detected the smell in this class because the class contains only a few data members without any method implementation' that indicates that the abstraction might not be required. Following fields and properties are declared in this class: ' FieldEntries
Unnecessary Abstraction,Box.V2.Models,BoxEnterpriseMetadataTemplateCollection,C:\repos\box_box-windows-sdk-v2\Box.V2\Models\BoxCollection.cs,The tool detected the smell in this class because the class contains only a few data members without any method implementation' that indicates that the abstraction might not be required. Following fields and properties are declared in this class: ' FieldEntries' FieldTotalCount
Unnecessary Abstraction,Box.V2.Models,BoxCollection<T>,C:\repos\box_box-windows-sdk-v2\Box.V2\Models\BoxCollection.cs,The tool detected the smell in this class because the class contains only a few data members without any method implementation' that indicates that the abstraction might not be required. Following fields and properties are declared in this class: TotalCount' Entries' Offset' Limit' Order
Unnecessary Abstraction,Box.V2.Models,BoxCollectionMarkerBased<T>,C:\repos\box_box-windows-sdk-v2\Box.V2\Models\BoxCollection.cs,The tool detected the smell in this class because the class contains only a few data members without any method implementation' that indicates that the abstraction might not be required. Following fields and properties are declared in this class: Limit' NextMarker' Entries' Order
Unnecessary Abstraction,Box.V2.Models,BoxCollectionMarkerBasedV2<T>,C:\repos\box_box-windows-sdk-v2\Box.V2\Models\BoxCollection.cs,The tool detected the smell in this class because the class contains only a few data members without any method implementation' that indicates that the abstraction might not be required. Following fields and properties are declared in this class: Limit' NextMarker' Entries' Order
Unnecessary Abstraction,Box.V2.Models,BoxEventCollection<T>,C:\repos\box_box-windows-sdk-v2\Box.V2\Models\BoxCollection.cs,The tool detected the smell in this class because the class contains only a few data members without any method implementation' that indicates that the abstraction might not be required. Following fields and properties are declared in this class: ChunkSize' NextStreamPosition' Entries
Unnecessary Abstraction,Box.V2.Models,BoxLongPollInfoCollection<T>,C:\repos\box_box-windows-sdk-v2\Box.V2\Models\BoxCollection.cs,The tool detected the smell in this class because the class contains only a few data members without any method implementation' that indicates that the abstraction might not be required. Following fields and properties are declared in this class: ChunkSize' Entries
Unnecessary Abstraction,Box.V2.Models,BoxMetadataTemplateCollection<T>,C:\repos\box_box-windows-sdk-v2\Box.V2\Models\BoxCollection.cs,The tool detected the smell in this class because the class contains only a few data members without any method implementation' that indicates that the abstraction might not be required. Following fields and properties are declared in this class: Entries
Unnecessary Abstraction,Box.V2.Models,BoxRepresentationCollection<T>,C:\repos\box_box-windows-sdk-v2\Box.V2\Models\BoxCollection.cs,The tool detected the smell in this class because the class contains only a few data members without any method implementation' that indicates that the abstraction might not be required. Following fields and properties are declared in this class: Entries
Unnecessary Abstraction,Box.V2.Models,BoxTermsOfServiceCollection<T>,C:\repos\box_box-windows-sdk-v2\Box.V2\Models\BoxCollection.cs,The tool detected the smell in this class because the class contains only a few data members without any method implementation' that indicates that the abstraction might not be required. Following fields and properties are declared in this class: Entries' TotalCount
Unnecessary Abstraction,Box.V2.Models,BoxTermsOfServiceUserStatusesCollection<T>,C:\repos\box_box-windows-sdk-v2\Box.V2\Models\BoxCollection.cs,The tool detected the smell in this class because the class contains only a few data members without any method implementation' that indicates that the abstraction might not be required. Following fields and properties are declared in this class: Entries' TotalCount
Unnecessary Abstraction,Box.V2.Models,BoxEnterpriseMetadataTemplateCollection<T>,C:\repos\box_box-windows-sdk-v2\Box.V2\Models\BoxCollection.cs,The tool detected the smell in this class because the class contains only a few data members without any method implementation' that indicates that the abstraction might not be required. Following fields and properties are declared in this class: Entries' TotalCount
Unnecessary Abstraction,Box.V2.Models,BoxCollectionItem,C:\repos\box_box-windows-sdk-v2\Box.V2\Models\BoxCollectionItem.cs,The tool detected the smell in this class because the class contains only a few data members without any method implementation' that indicates that the abstraction might not be required. Following fields and properties are declared in this class: Name' CollectionType' FieldName' FieldCollectionType
Unnecessary Abstraction,Box.V2.Models,BoxEmail,C:\repos\box_box-windows-sdk-v2\Box.V2\Models\BoxEmail.cs,The tool detected the smell in this class because the class contains only a few data members without any method implementation' that indicates that the abstraction might not be required. Following fields and properties are declared in this class: Acesss' Address' FieldAccess' FieldEmail
Unutilized Abstraction,Box.V2.Models,BoxEmail,C:\repos\box_box-windows-sdk-v2\Box.V2\Models\BoxEmail.cs,The tool detected the smell in this class because this class is potentially unused.   (Please ignore the smell if the reported class is auto-generated and/or used to serve a specific known purpose.)
Unnecessary Abstraction,Box.V2.Models,BoxEmailAlias,C:\repos\box_box-windows-sdk-v2\Box.V2\Models\BoxEmailAlias.cs,The tool detected the smell in this class because the class contains only a few data members without any method implementation' that indicates that the abstraction might not be required. Following fields and properties are declared in this class: IsConfirmed' Email' FieldIsConfirmed' FieldEmail
Unnecessary Abstraction,Box.V2.Models,BoxEnterprise,C:\repos\box_box-windows-sdk-v2\Box.V2\Models\BoxEnterprise.cs,The tool detected the smell in this class because the class contains only a few data members without any method implementation' that indicates that the abstraction might not be required. Following fields and properties are declared in this class: Name' FieldName
Unutilized Abstraction,Box.V2.Models,BoxEnterpriseEvent,C:\repos\box_box-windows-sdk-v2\Box.V2\Models\BoxEnterpriseEvent.cs,The tool detected the smell in this class because this class is potentially unused.   (Please ignore the smell if the reported class is auto-generated and/or used to serve a specific known purpose.)
Unutilized Abstraction,Box.V2.Models,BoxLongPollInfo,C:\repos\box_box-windows-sdk-v2\Box.V2\Models\BoxEnterpriseEvent.cs,The tool detected the smell in this class because this class is potentially unused.   (Please ignore the smell if the reported class is auto-generated and/or used to serve a specific known purpose.)
Unnecessary Abstraction,Box.V2.Models,BoxLongPollMessage,C:\repos\box_box-windows-sdk-v2\Box.V2\Models\BoxEnterpriseEvent.cs,The tool detected the smell in this class because the class contains only a few data members without any method implementation' that indicates that the abstraction might not be required. Following fields and properties are declared in this class: Message' FieldMessage
Unnecessary Abstraction,Box.V2.Models,BoxEntity,C:\repos\box_box-windows-sdk-v2\Box.V2\Models\BoxEntity.cs,The tool detected the smell in this class because the class contains only a few data members without any method implementation' that indicates that the abstraction might not be required. Following fields and properties are declared in this class: Id' Type' FieldType' FieldId
Unutilized Abstraction,Box.V2.Models,BoxSharedLinkAccessType,C:\repos\box_box-windows-sdk-v2\Box.V2\Models\BoxEnums.cs,The tool detected the smell in this class because this class is potentially unused.   (Please ignore the smell if the reported class is auto-generated and/or used to serve a specific known purpose.)
Unutilized Abstraction,Box.V2.Models,BoxSyncStateType,C:\repos\box_box-windows-sdk-v2\Box.V2\Models\BoxEnums.cs,The tool detected the smell in this class because this class is potentially unused.   (Please ignore the smell if the reported class is auto-generated and/or used to serve a specific known purpose.)
Unutilized Abstraction,Box.V2.Models,BoxSortBy,C:\repos\box_box-windows-sdk-v2\Box.V2\Models\BoxEnums.cs,The tool detected the smell in this class because this class is potentially unused.   (Please ignore the smell if the reported class is auto-generated and/or used to serve a specific known purpose.)
Unutilized Abstraction,Box.V2.Models,MetadataUpdateOp,C:\repos\box_box-windows-sdk-v2\Box.V2\Models\BoxEnums.cs,The tool detected the smell in this class because this class is potentially unused.   (Please ignore the smell if the reported class is auto-generated and/or used to serve a specific known purpose.)
Unutilized Abstraction,Box.V2.Models,ResolutionStateType,C:\repos\box_box-windows-sdk-v2\Box.V2\Models\BoxEnums.cs,The tool detected the smell in this class because this class is potentially unused.   (Please ignore the smell if the reported class is auto-generated and/or used to serve a specific known purpose.)
Unutilized Abstraction,Box.V2.Models,MetadataTemplateUpdateOp,C:\repos\box_box-windows-sdk-v2\Box.V2\Models\BoxEnums.cs,The tool detected the smell in this class because this class is potentially unused.   (Please ignore the smell if the reported class is auto-generated and/or used to serve a specific known purpose.)
Unnecessary Abstraction,Box.V2.Models,BoxExpiringEmbedLink,C:\repos\box_box-windows-sdk-v2\Box.V2\Models\BoxExpiringEmbedLink.cs,The tool detected the smell in this class because the class contains only a few data members without any method implementation' that indicates that the abstraction might not be required. Following fields and properties are declared in this class: Url' FieldUrl
Unutilized Abstraction,Box.V2.Models,BoxExpiringEmbedLink,C:\repos\box_box-windows-sdk-v2\Box.V2\Models\BoxExpiringEmbedLink.cs,The tool detected the smell in this class because this class is potentially unused.   (Please ignore the smell if the reported class is auto-generated and/or used to serve a specific known purpose.)
Unnecessary Abstraction,Box.V2.Models,BoxFilePreview,C:\repos\box_box-windows-sdk-v2\Box.V2\Models\BoxFilePreview.cs,The tool detected the smell in this class because the class contains only a few data members without any method implementation' that indicates that the abstraction might not be required. Following fields and properties are declared in this class: PreviewStream' ReturnedStatusCode' TotalPages' CurrentPage
Unutilized Abstraction,Box.V2.Models,BoxMetadataTemplateField,C:\repos\box_box-windows-sdk-v2\Box.V2\Models\BoxMetadataTemplate.cs,The tool detected the smell in this class because this class is potentially unused.   (Please ignore the smell if the reported class is auto-generated and/or used to serve a specific known purpose.)
Unnecessary Abstraction,Box.V2.Models,BoxMetadataTemplateFieldOption,C:\repos\box_box-windows-sdk-v2\Box.V2\Models\BoxMetadataTemplate.cs,The tool detected the smell in this class because the class contains only a few data members without any method implementation' that indicates that the abstraction might not be required. Following fields and properties are declared in this class: Key' FieldKey
Unutilized Abstraction,Box.V2.Models,BoxMetadataTemplateFieldOption,C:\repos\box_box-windows-sdk-v2\Box.V2\Models\BoxMetadataTemplate.cs,The tool detected the smell in this class because this class is potentially unused.   (Please ignore the smell if the reported class is auto-generated and/or used to serve a specific known purpose.)
Unutilized Abstraction,Box.V2.Models,BoxMetadataTemplateUpdate,C:\repos\box_box-windows-sdk-v2\Box.V2\Models\BoxMetadataTemplateUpdate.cs,The tool detected the smell in this class because this class is potentially unused.   (Please ignore the smell if the reported class is auto-generated and/or used to serve a specific known purpose.)
Unnecessary Abstraction,Box.V2.Models,BoxPermission,C:\repos\box_box-windows-sdk-v2\Box.V2\Models\BoxPermission.cs,The tool detected the smell in this class because the class contains only a few data members without any method implementation' that indicates that the abstraction might not be required. Following fields and properties are declared in this class: CanDownload' CanPreview
Unutilized Abstraction,Box.V2.Models,BoxPermission,C:\repos\box_box-windows-sdk-v2\Box.V2\Models\BoxPermission.cs,The tool detected the smell in this class because this class is potentially unused.   (Please ignore the smell if the reported class is auto-generated and/or used to serve a specific known purpose.)
Unnecessary Abstraction,Box.V2.Models,BoxRecentItem,C:\repos\box_box-windows-sdk-v2\Box.V2\Models\BoxRecentItem.cs,The tool detected the smell in this class because the class contains only a few data members without any method implementation' that indicates that the abstraction might not be required. Following fields and properties are declared in this class: InteractionType' InteractedAt' InteractionSharedLink' Item
Unutilized Abstraction,Box.V2.Models,BoxRepresentation,C:\repos\box_box-windows-sdk-v2\Box.V2\Models\BoxRepresentation.cs,The tool detected the smell in this class because this class is potentially unused.   (Please ignore the smell if the reported class is auto-generated and/or used to serve a specific known purpose.)
Unnecessary Abstraction,Box.V2.Models,BoxRepresentationContent,C:\repos\box_box-windows-sdk-v2\Box.V2\Models\BoxRepresentationContent.cs,The tool detected the smell in this class because the class contains only a few data members without any method implementation' that indicates that the abstraction might not be required. Following fields and properties are declared in this class: UrlTemplate' FieldUrlTemplate
Unutilized Abstraction,Box.V2.Models,BoxRepresentationContent,C:\repos\box_box-windows-sdk-v2\Box.V2\Models\BoxRepresentationContent.cs,The tool detected the smell in this class because this class is potentially unused.   (Please ignore the smell if the reported class is auto-generated and/or used to serve a specific known purpose.)
Unnecessary Abstraction,Box.V2.Models,BoxRepresentationInfo,C:\repos\box_box-windows-sdk-v2\Box.V2\Models\BoxRepresentationInfo.cs,The tool detected the smell in this class because the class contains only a few data members without any method implementation' that indicates that the abstraction might not be required. Following fields and properties are declared in this class: Url' FieldUrl
Unutilized Abstraction,Box.V2.Models,BoxRepresentationInfo,C:\repos\box_box-windows-sdk-v2\Box.V2\Models\BoxRepresentationInfo.cs,The tool detected the smell in this class because this class is potentially unused.   (Please ignore the smell if the reported class is auto-generated and/or used to serve a specific known purpose.)
Unutilized Abstraction,Box.V2.Models,BoxRepresentationProperties,C:\repos\box_box-windows-sdk-v2\Box.V2\Models\BoxRepresentationProperties.cs,The tool detected the smell in this class because this class is potentially unused.   (Please ignore the smell if the reported class is auto-generated and/or used to serve a specific known purpose.)
Unnecessary Abstraction,Box.V2.Models,BoxRepresentationStatus,C:\repos\box_box-windows-sdk-v2\Box.V2\Models\BoxRepresentationStatus.cs,The tool detected the smell in this class because the class contains only a few data members without any method implementation' that indicates that the abstraction might not be required. Following fields and properties are declared in this class: Status' FieldStatus
Unutilized Abstraction,Box.V2.Models,BoxRepresentationStatus,C:\repos\box_box-windows-sdk-v2\Box.V2\Models\BoxRepresentationStatus.cs,The tool detected the smell in this class because this class is potentially unused.   (Please ignore the smell if the reported class is auto-generated and/or used to serve a specific known purpose.)
Unnecessary Abstraction,Box.V2.Models,BoxRestrictedTo,C:\repos\box_box-windows-sdk-v2\Box.V2\Models\BoxRestrictedTo.cs,The tool detected the smell in this class because the class contains only a few data members without any method implementation' that indicates that the abstraction might not be required. Following fields and properties are declared in this class: Scope' RestrictedEntity' FieldScope' FieldObject
Unutilized Abstraction,Box.V2.Models,BoxRestrictedTo,C:\repos\box_box-windows-sdk-v2\Box.V2\Models\BoxRestrictedTo.cs,The tool detected the smell in this class because this class is potentially unused.   (Please ignore the smell if the reported class is auto-generated and/or used to serve a specific known purpose.)
Unnecessary Abstraction,Box.V2.Models,BoxSessionParts,C:\repos\box_box-windows-sdk-v2\Box.V2\Models\BoxSessionParts.cs,The tool detected the smell in this class because the class contains only a few data members without any method implementation' that indicates that the abstraction might not be required. Following fields and properties are declared in this class: Parts
Unnecessary Abstraction,Box.V2.Models,BoxUploadPartResponse,C:\repos\box_box-windows-sdk-v2\Box.V2\Models\BoxSessionParts.cs,The tool detected the smell in this class because the class contains only a few data members without any method implementation' that indicates that the abstraction might not be required. Following fields and properties are declared in this class: Part
Unutilized Abstraction,Box.V2.Models,BoxUploadPartResponse,C:\repos\box_box-windows-sdk-v2\Box.V2\Models\BoxSessionParts.cs,The tool detected the smell in this class because this class is potentially unused.   (Please ignore the smell if the reported class is auto-generated and/or used to serve a specific known purpose.)
Unnecessary Abstraction,Box.V2.Models,BoxSessionPartInfo,C:\repos\box_box-windows-sdk-v2\Box.V2\Models\BoxSessionParts.cs,The tool detected the smell in this class because the class contains only a few data members without any method implementation' that indicates that the abstraction might not be required. Following fields and properties are declared in this class: PartId' Offset' Size' Sha1
Unutilized Abstraction,Box.V2.Models,BoxSessionPartInfo,C:\repos\box_box-windows-sdk-v2\Box.V2\Models\BoxSessionParts.cs,The tool detected the smell in this class because this class is potentially unused.   (Please ignore the smell if the reported class is auto-generated and/or used to serve a specific known purpose.)
Unutilized Abstraction,Box.V2.Models,BoxSharedLink,C:\repos\box_box-windows-sdk-v2\Box.V2\Models\BoxSharedLink.cs,The tool detected the smell in this class because this class is potentially unused.   (Please ignore the smell if the reported class is auto-generated and/or used to serve a specific known purpose.)
Unnecessary Abstraction,Box.V2.Models,BoxSortOrder,C:\repos\box_box-windows-sdk-v2\Box.V2\Models\BoxSortOrder.cs,The tool detected the smell in this class because the class contains only a few data members without any method implementation' that indicates that the abstraction might not be required. Following fields and properties are declared in this class: By' Sort' Direction
Unutilized Abstraction,Box.V2.Models,BoxSortOrder,C:\repos\box_box-windows-sdk-v2\Box.V2\Models\BoxSortOrder.cs,The tool detected the smell in this class because this class is potentially unused.   (Please ignore the smell if the reported class is auto-generated and/or used to serve a specific known purpose.)
Unnecessary Abstraction,Box.V2.Models,BoxWatermark,C:\repos\box_box-windows-sdk-v2\Box.V2\Models\BoxWatermark.cs,The tool detected the smell in this class because the class contains only a few data members without any method implementation' that indicates that the abstraction might not be required. Following fields and properties are declared in this class: CreatedAt' ModifiedAt' FieldCreatedAt' FieldModifiedAt
Unnecessary Abstraction,Box.V2.Models,BoxWatermarkInfo,C:\repos\box_box-windows-sdk-v2\Box.V2\Models\BoxWatermarkInfo.cs,The tool detected the smell in this class because the class contains only a few data members without any method implementation' that indicates that the abstraction might not be required. Following fields and properties are declared in this class: IsWatermarked' FieldIsWatermarked
Unutilized Abstraction,Box.V2.Models,BoxWatermarkInfo,C:\repos\box_box-windows-sdk-v2\Box.V2\Models\BoxWatermarkInfo.cs,The tool detected the smell in this class because this class is potentially unused.   (Please ignore the smell if the reported class is auto-generated and/or used to serve a specific known purpose.)
Unnecessary Abstraction,Box.V2.Models,BoxWatermarkResponse,C:\repos\box_box-windows-sdk-v2\Box.V2\Models\BoxWatermarkResponse.cs,The tool detected the smell in this class because the class contains only a few data members without any method implementation' that indicates that the abstraction might not be required. Following fields and properties are declared in this class: Watermark' FieldWatermark
Unnecessary Abstraction,Box.V2.Models,BoxWebLink,C:\repos\box_box-windows-sdk-v2\Box.V2\Models\BoxWebLink.cs,The tool detected the smell in this class because the class contains only a few data members without any method implementation' that indicates that the abstraction might not be required. Following fields and properties are declared in this class: Url' FieldUrl
Unnecessary Abstraction,Box.V2.Models,BoxFilePermission,C:\repos\box_box-windows-sdk-v2\Box.V2\Models\Permissions\BoxFilePermission.cs,The tool detected the smell in this class because the class contains only a few data members without any method implementation' that indicates that the abstraction might not be required. Following fields and properties are declared in this class: CanPreview
Unutilized Abstraction,Box.V2.Models,BoxFilePermission,C:\repos\box_box-windows-sdk-v2\Box.V2\Models\Permissions\BoxFilePermission.cs,The tool detected the smell in this class because this class is potentially unused.   (Please ignore the smell if the reported class is auto-generated and/or used to serve a specific known purpose.)
Unnecessary Abstraction,Box.V2.Models,BoxFolderPermission,C:\repos\box_box-windows-sdk-v2\Box.V2\Models\Permissions\BoxFolderPermission.cs,The tool detected the smell in this class because the class contains only a few data members without any method implementation' that indicates that the abstraction might not be required. Following fields and properties are declared in this class: CanInviteCollaborator
Unutilized Abstraction,Box.V2.Models,BoxFolderPermission,C:\repos\box_box-windows-sdk-v2\Box.V2\Models\Permissions\BoxFolderPermission.cs,The tool detected the smell in this class because this class is potentially unused.   (Please ignore the smell if the reported class is auto-generated and/or used to serve a specific known purpose.)
Unutilized Abstraction,Box.V2.Models,BoxItemPermission,C:\repos\box_box-windows-sdk-v2\Box.V2\Models\Permissions\BoxItemPermission.cs,The tool detected the smell in this class because this class is potentially unused.   (Please ignore the smell if the reported class is auto-generated and/or used to serve a specific known purpose.)
Unnecessary Abstraction,Box.V2.Models,BoxActionableByRequest,C:\repos\box_box-windows-sdk-v2\Box.V2\Models\Request\BoxActionableByRequest.cs,The tool detected the smell in this class because the class contains only a few data members without any method implementation' that indicates that the abstraction might not be required. Following fields and properties are declared in this class: Login
Unnecessary Abstraction,Box.V2.Models,BoxApplyWatermarkRequest,C:\repos\box_box-windows-sdk-v2\Box.V2\Models\Request\BoxApplyWatermarkRequest.cs,The tool detected the smell in this class because the class contains only a few data members without any method implementation' that indicates that the abstraction might not be required. Following fields and properties are declared in this class: Watermark
Unnecessary Abstraction,Box.V2.Models,BoxCollaborationRequest,C:\repos\box_box-windows-sdk-v2\Box.V2\Models\Request\BoxCollaborationRequest.cs,The tool detected the smell in this class because the class contains only a few data members without any method implementation' that indicates that the abstraction might not be required. Following fields and properties are declared in this class: Item' AccessibleBy' Role' Status' CanViewPath
Unutilized Abstraction,Box.V2.Models,BoxCollaborationRoles,C:\repos\box_box-windows-sdk-v2\Box.V2\Models\Request\BoxCollaborationRequest.cs,The tool detected the smell in this class because this class is potentially unused.   (Please ignore the smell if the reported class is auto-generated and/or used to serve a specific known purpose.)
Unnecessary Abstraction,Box.V2.Models,BoxCollaborationUserRequest,C:\repos\box_box-windows-sdk-v2\Box.V2\Models\Request\BoxCollaborationUserRequest.cs,The tool detected the smell in this class because the class contains only a few data members without any method implementation' that indicates that the abstraction might not be required. Following fields and properties are declared in this class: Login
Unnecessary Abstraction,Box.V2.Models,BoxCollectionsRequest,C:\repos\box_box-windows-sdk-v2\Box.V2\Models\Request\BoxCollectionsRequest.cs,The tool detected the smell in this class because the class contains only a few data members without any method implementation' that indicates that the abstraction might not be required. Following fields and properties are declared in this class: Collections
Unnecessary Abstraction,Box.V2.Models,BoxCommentRequest,C:\repos\box_box-windows-sdk-v2\Box.V2\Models\Request\BoxCommentRequest.cs,The tool detected the smell in this class because the class contains only a few data members without any method implementation' that indicates that the abstraction might not be required. Following fields and properties are declared in this class: Item' Message' TaggedMessage
Unnecessary Abstraction,Box.V2.Models,BoxDeleteSharedLinkRequest,C:\repos\box_box-windows-sdk-v2\Box.V2\Models\Request\BoxDeleteSharedLinkRequest.cs,The tool detected the smell in this class because the class contains only a few data members without any method implementation' that indicates that the abstraction might not be required. Following fields and properties are declared in this class: SharedLink
Unnecessary Abstraction,Box.V2.Models,BoxEmailAliasRequest,C:\repos\box_box-windows-sdk-v2\Box.V2\Models\Request\BoxEmailAliasRequest.cs,The tool detected the smell in this class because the class contains only a few data members without any method implementation' that indicates that the abstraction might not be required. Following fields and properties are declared in this class: Email' FieldEmail
Unutilized Abstraction,Box.V2.Models,BoxEmailAliasRequest,C:\repos\box_box-windows-sdk-v2\Box.V2\Models\Request\BoxEmailAliasRequest.cs,The tool detected the smell in this class because this class is potentially unused.   (Please ignore the smell if the reported class is auto-generated and/or used to serve a specific known purpose.)
Unnecessary Abstraction,Box.V2.Models,BoxEmailRequest,C:\repos\box_box-windows-sdk-v2\Box.V2\Models\Request\BoxEmailRequest.cs,The tool detected the smell in this class because the class contains only a few data members without any method implementation' that indicates that the abstraction might not be required. Following fields and properties are declared in this class: Access
Unutilized Abstraction,Box.V2.Models,BoxEmailRequest,C:\repos\box_box-windows-sdk-v2\Box.V2\Models\Request\BoxEmailRequest.cs,The tool detected the smell in this class because this class is potentially unused.   (Please ignore the smell if the reported class is auto-generated and/or used to serve a specific known purpose.)
Unnecessary Abstraction,Box.V2.Models,BoxFileLockRequest,C:\repos\box_box-windows-sdk-v2\Box.V2\Models\Request\BoxFileLockRequest.cs,The tool detected the smell in this class because the class contains only a few data members without any method implementation' that indicates that the abstraction might not be required. Following fields and properties are declared in this class: Lock
Unnecessary Abstraction,Box.V2.Models,BoxFileRequest,C:\repos\box_box-windows-sdk-v2\Box.V2\Models\Request\BoxFileRequest.cs,The tool detected the smell in this class because the class contains only a few data members without any method implementation' that indicates that the abstraction might not be required. Following fields and properties are declared in this class: ContentCreatedAt' ContentModifiedAt
Unnecessary Abstraction,Box.V2.Models,BoxFileUploadSessionRequest,C:\repos\box_box-windows-sdk-v2\Box.V2\Models\Request\BoxFileUploadSessionRequest.cs,The tool detected the smell in this class because the class contains only a few data members without any method implementation' that indicates that the abstraction might not be required. Following fields and properties are declared in this class: FolderId' FileSize' FileName
Unnecessary Abstraction,Box.V2.Models,BoxFolderRequest,C:\repos\box_box-windows-sdk-v2\Box.V2\Models\Request\BoxFolderRequest.cs,The tool detected the smell in this class because the class contains only a few data members without any method implementation' that indicates that the abstraction might not be required. Following fields and properties are declared in this class: FolderUploadEmail' OwnedBy' SyncState
Unnecessary Abstraction,Box.V2.Models,BoxItemRequest,C:\repos\box_box-windows-sdk-v2\Box.V2\Models\Request\BoxItemRequest.cs,The tool detected the smell in this class because the class contains only a few data members without any method implementation' that indicates that the abstraction might not be required. Following fields and properties are declared in this class: Parent' Name' Description' SharedLink' Tags
Unnecessary Abstraction,Box.V2.Models,BoxLegalHoldPolicyAssignmentRequest,C:\repos\box_box-windows-sdk-v2\Box.V2\Models\Request\BoxLegalHoldPolicyAssignmentRequest.cs,The tool detected the smell in this class because the class contains only a few data members without any method implementation' that indicates that the abstraction might not be required. Following fields and properties are declared in this class: PolicyId' AssignTo
Unnecessary Abstraction,Box.V2.Models,BoxPermissionsRequest,C:\repos\box_box-windows-sdk-v2\Box.V2\Models\Request\BoxPermissionsRequest.cs,The tool detected the smell in this class because the class contains only a few data members without any method implementation' that indicates that the abstraction might not be required. Following fields and properties are declared in this class: Download' Preview
Unutilized Abstraction,Box.V2.Models,BoxPermissionsRequest,C:\repos\box_box-windows-sdk-v2\Box.V2\Models\Request\BoxPermissionsRequest.cs,The tool detected the smell in this class because this class is potentially unused.   (Please ignore the smell if the reported class is auto-generated and/or used to serve a specific known purpose.)
Unutilized Abstraction,Box.V2.Models,BoxPermissionType,C:\repos\box_box-windows-sdk-v2\Box.V2\Models\Request\BoxPermissionsRequest.cs,The tool detected the smell in this class because this class is potentially unused.   (Please ignore the smell if the reported class is auto-generated and/or used to serve a specific known purpose.)
Unnecessary Abstraction,Box.V2.Models,BoxPreflightCheckRequest,C:\repos\box_box-windows-sdk-v2\Box.V2\Models\Request\BoxPreflightCheckRequest.cs,The tool detected the smell in this class because the class contains only a few data members without any method implementation' that indicates that the abstraction might not be required. Following fields and properties are declared in this class: Size
Unnecessary Abstraction,Box.V2.Models,BoxPromoteVersionRequest,C:\repos\box_box-windows-sdk-v2\Box.V2\Models\Request\BoxPromoteVersionRequest.cs,The tool detected the smell in this class because the class contains only a few data members without any method implementation' that indicates that the abstraction might not be required. Following fields and properties are declared in this class: Id' Type
Unutilized Abstraction,Box.V2.Models,BoxPromoteVersionRequest,C:\repos\box_box-windows-sdk-v2\Box.V2\Models\Request\BoxPromoteVersionRequest.cs,The tool detected the smell in this class because this class is potentially unused.   (Please ignore the smell if the reported class is auto-generated and/or used to serve a specific known purpose.)
Unnecessary Abstraction,Box.V2.Models,BoxRepresentationRequest,C:\repos\box_box-windows-sdk-v2\Box.V2\Models\Request\BoxRepresentationRequest.cs,The tool detected the smell in this class because the class contains only a few data members without any method implementation' that indicates that the abstraction might not be required. Following fields and properties are declared in this class: FileId' XRepHints' SetContentDispositionType' SetContentDispositionFilename' HandleRetry
Unnecessary Abstraction,Box.V2.Models,BoxRequestEntity,C:\repos\box_box-windows-sdk-v2\Box.V2\Models\Request\BoxRequestEntity.cs,The tool detected the smell in this class because the class contains only a few data members without any method implementation' that indicates that the abstraction might not be required. Following fields and properties are declared in this class: Id' Type
Unutilized Abstraction,Box.V2.Models,BoxType,C:\repos\box_box-windows-sdk-v2\Box.V2\Models\Request\BoxRequestEntity.cs,The tool detected the smell in this class because this class is potentially unused.   (Please ignore the smell if the reported class is auto-generated and/or used to serve a specific known purpose.)
Unutilized Abstraction,Box.V2.Models,BoxRequestEnums,C:\repos\box_box-windows-sdk-v2\Box.V2\Models\Request\BoxRequestEnums.cs,The tool detected the smell in this class because this class is potentially unused.   (Please ignore the smell if the reported class is auto-generated and/or used to serve a specific known purpose.)
Unnecessary Abstraction,Box.V2.Models,BoxSharedLinkRequest,C:\repos\box_box-windows-sdk-v2\Box.V2\Models\Request\BoxSharedLinkRequest.cs,The tool detected the smell in this class because the class contains only a few data members without any method implementation' that indicates that the abstraction might not be required. Following fields and properties are declared in this class: Access' UnsharedAt' Permissions' Password
Unnecessary Abstraction,Box.V2.Models,BoxTaskAssignmentRequest,C:\repos\box_box-windows-sdk-v2\Box.V2\Models\Request\BoxTaskAssignmentRequest.cs,The tool detected the smell in this class because the class contains only a few data members without any method implementation' that indicates that the abstraction might not be required. Following fields and properties are declared in this class: Task' AssignTo
Unnecessary Abstraction,Box.V2.Models,BoxTaskAssignmentUpdateRequest,C:\repos\box_box-windows-sdk-v2\Box.V2\Models\Request\BoxTaskAssignmentUpdateRequest.cs,The tool detected the smell in this class because the class contains only a few data members without any method implementation' that indicates that the abstraction might not be required. Following fields and properties are declared in this class: Id' Message' ResolutionState
Unnecessary Abstraction,Box.V2.Models,BoxTaskCreateRequest,C:\repos\box_box-windows-sdk-v2\Box.V2\Models\Request\BoxTaskCreateRequest.cs,The tool detected the smell in this class because the class contains only a few data members without any method implementation' that indicates that the abstraction might not be required. Following fields and properties are declared in this class: Item' Action' Message' DueAt
Unnecessary Abstraction,Box.V2.Models,BoxTaskUpdateRequest,C:\repos\box_box-windows-sdk-v2\Box.V2\Models\Request\BoxTaskUpdateRequest.cs,The tool detected the smell in this class because the class contains only a few data members without any method implementation' that indicates that the abstraction might not be required. Following fields and properties are declared in this class: Id' Action' Message' DueAt
Unnecessary Abstraction,Box.V2.Models,BoxTermsOfServicesRequest,C:\repos\box_box-windows-sdk-v2\Box.V2\Models\Request\BoxTermsOfServicesRequest.cs,The tool detected the smell in this class because the class contains only a few data members without any method implementation' that indicates that the abstraction might not be required. Following fields and properties are declared in this class: Status' TosType' Text
Unnecessary Abstraction,Box.V2.Models,BoxTermsOfServiceUserStatusesRequest,C:\repos\box_box-windows-sdk-v2\Box.V2\Models\Request\BoxTermsOfServiceUserStatusesRequest.cs,The tool detected the smell in this class because the class contains only a few data members without any method implementation' that indicates that the abstraction might not be required. Following fields and properties are declared in this class: TermsOfService' User' IsAccepted
Unnecessary Abstraction,Box.V2.Models,BoxUserInviteRequest,C:\repos\box_box-windows-sdk-v2\Box.V2\Models\Request\BoxUserInviteRequest.cs,The tool detected the smell in this class because the class contains only a few data members without any method implementation' that indicates that the abstraction might not be required. Following fields and properties are declared in this class: Enterprise' ActionableBy
Unnecessary Abstraction,Box.V2.Models,BoxWatermarkRequest,C:\repos\box_box-windows-sdk-v2\Box.V2\Models\Request\BoxWatermarkRequest.cs,The tool detected the smell in this class because the class contains only a few data members without any method implementation' that indicates that the abstraction might not be required. Following fields and properties are declared in this class: Imprint' DefaultImprintString' imprint
Unutilized Abstraction,Box.V2.Models,BoxWatermarkRequest,C:\repos\box_box-windows-sdk-v2\Box.V2\Models\Request\BoxWatermarkRequest.cs,The tool detected the smell in this class because this class is potentially unused.   (Please ignore the smell if the reported class is auto-generated and/or used to serve a specific known purpose.)
Unnecessary Abstraction,Box.V2.Models,BoxWebhookRequest,C:\repos\box_box-windows-sdk-v2\Box.V2\Models\Request\BoxWebhookRequest.cs,The tool detected the smell in this class because the class contains only a few data members without any method implementation' that indicates that the abstraction might not be required. Following fields and properties are declared in this class: Target' Triggers' Address
Unnecessary Abstraction,Box.V2.Models,BoxWebLinkRequest,C:\repos\box_box-windows-sdk-v2\Box.V2\Models\Request\BoxWebLinkRequest.cs,The tool detected the smell in this class because the class contains only a few data members without any method implementation' that indicates that the abstraction might not be required. Following fields and properties are declared in this class: Url
Unnecessary Abstraction,Box.V2.Models.Request,BoxAssignmentRequest,C:\repos\box_box-windows-sdk-v2\Box.V2\Models\Request\BoxAssignmentRequest.cs,The tool detected the smell in this class because the class contains only a few data members without any method implementation' that indicates that the abstraction might not be required. Following fields and properties are declared in this class: Id' Login
Unutilized Abstraction,Box.V2.Models.Request,BoxFileVersionRetentionRequest,C:\repos\box_box-windows-sdk-v2\Box.V2\Models\Request\BoxFileVersionRetentionRequest.cs,The tool detected the smell in this class because this class is potentially unused.   (Please ignore the smell if the reported class is auto-generated and/or used to serve a specific known purpose.)
Unnecessary Abstraction,Box.V2.Models.Request,BoxGroupMembershipRequest,C:\repos\box_box-windows-sdk-v2\Box.V2\Models\Request\BoxGroupMembershipRequest.cs,The tool detected the smell in this class because the class contains only a few data members without any method implementation' that indicates that the abstraction might not be required. Following fields and properties are declared in this class: User' Group' Role
Unnecessary Abstraction,Box.V2.Models.Request,BoxGroupRequest,C:\repos\box_box-windows-sdk-v2\Box.V2\Models\Request\BoxGroupRequest.cs,The tool detected the smell in this class because the class contains only a few data members without any method implementation' that indicates that the abstraction might not be required. Following fields and properties are declared in this class: Id' Name' InvitabilityLevel' MemberViewabilityLevel
Unnecessary Abstraction,Box.V2.Models.Request,BoxMetadataFilterRequest,C:\repos\box_box-windows-sdk-v2\Box.V2\Models\Request\BoxMetadataFilterRequest.cs,The tool detected the smell in this class because the class contains only a few data members without any method implementation' that indicates that the abstraction might not be required. Following fields and properties are declared in this class: TemplateKey' Scope' Filters
Unutilized Abstraction,Box.V2.Models.Request,BoxMetadataFilterRequest,C:\repos\box_box-windows-sdk-v2\Box.V2\Models\Request\BoxMetadataFilterRequest.cs,The tool detected the smell in this class because this class is potentially unused.   (Please ignore the smell if the reported class is auto-generated and/or used to serve a specific known purpose.)
Unnecessary Abstraction,Box.V2.Models.Request,BoxMoveUserFolderRequest,C:\repos\box_box-windows-sdk-v2\Box.V2\Models\Request\BoxMoveUserFolderRequest.cs,The tool detected the smell in this class because the class contains only a few data members without any method implementation' that indicates that the abstraction might not be required. Following fields and properties are declared in this class: OwnedBy' FieldOwnedBy
Unutilized Abstraction,Box.V2.Models.Request,BoxMoveUserFolderRequest,C:\repos\box_box-windows-sdk-v2\Box.V2\Models\Request\BoxMoveUserFolderRequest.cs,The tool detected the smell in this class because this class is potentially unused.   (Please ignore the smell if the reported class is auto-generated and/or used to serve a specific known purpose.)
Unnecessary Abstraction,Box.V2.Models.Request,BoxRetentionPolicyAssignmentRequest,C:\repos\box_box-windows-sdk-v2\Box.V2\Models\Request\BoxRetentionPolicyAssignmentRequest.cs,The tool detected the smell in this class because the class contains only a few data members without any method implementation' that indicates that the abstraction might not be required. Following fields and properties are declared in this class: PolicyId' AssignTo
Unnecessary Abstraction,Box.V2.Models.Request,BoxRetentionPolicyRequest,C:\repos\box_box-windows-sdk-v2\Box.V2\Models\Request\BoxRetentionPolicyRequest.cs,The tool detected the smell in this class because the class contains only a few data members without any method implementation' that indicates that the abstraction might not be required. Following fields and properties are declared in this class: PolicyName' PolicyType' RetentionLength' DispositionAction' Status
Unnecessary Abstraction,Box.V2.Models.Request,BoxTaskRequest,C:\repos\box_box-windows-sdk-v2\Box.V2\Models\Request\BoxTaskRequest.cs,The tool detected the smell in this class because the class contains only a few data members without any method implementation' that indicates that the abstraction might not be required. Following fields and properties are declared in this class: Id' Type
Unnecessary Abstraction,Box.V2.Plugins.Managers,IBoxMetadataManager,C:\repos\box_box-windows-sdk-v2\Box.V2\Plugin\IBoxMetadataManager.cs,The tool detected the smell in this class because the class contains only a few data members without any method implementation' that indicates that the abstraction might not be required. Following fields and properties are declared in this class: 
Unutilized Abstraction,Box.V2.Plugins.Managers,IBoxMetadataManager,C:\repos\box_box-windows-sdk-v2\Box.V2\Plugin\IBoxMetadataManager.cs,The tool detected the smell in this class because this class is potentially unused.   (Please ignore the smell if the reported class is auto-generated and/or used to serve a specific known purpose.)
Imperative Abstraction,Box.V2.Request,HttpRequestHandler,C:\repos\box_box-windows-sdk-v2\Box.V2\Request\HttpRequestHandler.cs,The tool detected the smell in this class because it looks like that an operation is turned into a class. This class contains only the following public method: ExecuteAsync
Unnecessary Abstraction,Box.V2.Utility,AssemblyInfo,C:\repos\box_box-windows-sdk-v2\Box.V2\Utility\AssemblyInfo.cs,The tool detected the smell in this class because the class contains only a few data members without any method implementation' that indicates that the abstraction might not be required. Following fields and properties are declared in this class: ' AssemblyTitle' AssemblyProduct' NuGetVersion' AssemblyVersion' AssemblyFileVersion
Unutilized Abstraction,Box.V2.Utility,AssemblyInfo,C:\repos\box_box-windows-sdk-v2\Box.V2\Utility\AssemblyInfo.cs,The tool detected the smell in this class because this class is potentially unused.   (Please ignore the smell if the reported class is auto-generated and/or used to serve a specific known purpose.)
Unnecessary Abstraction,Box.V2.Utility,BoxProgress,C:\repos\box_box-windows-sdk-v2\Box.V2\Utility\BoxProgess.cs,The tool detected the smell in this class because the class contains only a few data members without any method implementation' that indicates that the abstraction might not be required. Following fields and properties are declared in this class: ' progress
Unutilized Abstraction,Box.V2.Utility,LRUCache<K;V>,C:\repos\box_box-windows-sdk-v2\Box.V2\Utility\LRUCache.cs,The tool detected the smell in this class because this class is potentially unused.   (Please ignore the smell if the reported class is auto-generated and/or used to serve a specific known purpose.)
Unnecessary Abstraction,Box.V2.Utility,CacheNode,C:\repos\box_box-windows-sdk-v2\Box.V2\Utility\LRUCache.cs,The tool detected the smell in this class because the class contains only a few data members without any method implementation' that indicates that the abstraction might not be required. Following fields and properties are declared in this class: Next' Prev' Key' Value' LastAccessed
Unutilized Abstraction,Box.V2.Utility,SimpleRetryArgumentException,C:\repos\box_box-windows-sdk-v2\Box.V2\Utility\Retry.cs,The tool detected the smell in this class because this class is potentially unused.   (Please ignore the smell if the reported class is auto-generated and/or used to serve a specific known purpose.)
Unnecessary Abstraction,Box.V2.BoxWrappers,IBoxResponse,C:\repos\box_box-windows-sdk-v2\Box.V2\Wrappers\IBoxResponse.cs,The tool detected the smell in this class because the class contains only a few data members without any method implementation' that indicates that the abstraction might not be required. Following fields and properties are declared in this class: 
Unutilized Abstraction,Box.V2.BoxWrappers,IBoxResponse,C:\repos\box_box-windows-sdk-v2\Box.V2\Wrappers\IBoxResponse.cs,The tool detected the smell in this class because this class is potentially unused.   (Please ignore the smell if the reported class is auto-generated and/or used to serve a specific known purpose.)
Deficient Encapsulation,Box.V2.Utility,BoxProgress,C:\repos\box_box-windows-sdk-v2\Box.V2\Utility\BoxProgess.cs,The tool detected the smell in this class because the class exposes fields belonging to it with public accessibility. Following fields are declared with public accessiblity: progress
Broken Modularization,Box.V2,BoxError,C:\repos\box_box-windows-sdk-v2\Box.V2\Wrappers\BoxError.cs,The tool detected the smell in this class because it contains only data members without any method implementation. Following fields and properties are declared in this class: Name' Description' Status' Code' Message
Broken Modularization,Box.V2,BoxResponse<T>,C:\repos\box_box-windows-sdk-v2\Box.V2\Wrappers\BoxResponse.cs,The tool detected the smell in this class because it contains only data members without any method implementation. Following fields and properties are declared in this class: ResponseObject' ContentString' Status' StatusCode' Error' Headers
Broken Modularization,Box.V2,IBoxResponse,C:\repos\box_box-windows-sdk-v2\Box.V2\Wrappers\Contracts\IBoxResponse.cs,The tool detected the smell in this class because it contains only data members without any method implementation. Following fields and properties are declared in this class: ResponseObject' ContentString' Status' StatusCode' Error' Headers
Broken Modularization,Box.V2.Config,Constants,C:\repos\box_box-windows-sdk-v2\Box.V2\Config\Constants.cs,The tool detected the smell in this class because it contains only data members without any method implementation. Following fields and properties are declared in this class: ' BoxApiHostUriString' BoxAccountApiHostUriString' BoxApiUriString' BoxUploadApiUriString' BoxUploadApiUriV21String' TransactionalEndpointString' AuthCodeString' AuthTokenEndpointString' RevokeEndpointString' FoldersString' GroupsString' GroupMembershipString' FilesString' FilesUploadString' FilesUploadSessionString' FilesNewVersionString' FilesNewVersionUploadSessionString' CommentsString' SearchString' UserString' InviteString' CollaborationsString' RetentionPoliciesString' RetentionPolicyAssignmentsString' FileVersionRetentionsString' EventsString' MetadataTemplatesString' CreateMetadataTemplateString' WebhooksString' RecentItemsString' EnterprisesString' DevicePinString' CollaborationWhitelistEntryString' CollaborationWhitelistTargetEntryString' TermsOfServicesString' TermsOfServiceUserStatusesString' SharedItemsString' TaskAssignmentsString' TasksString' CollectionsString' WebLinksString' LegalHoldPoliciesString' LegalHoldPolicyAssignmentsString' FileVersionLegalHoldsString' AuthCodeEndpointString' FoldersEndpointString' GroupsEndpointString' GroupMembershipEndpointString' FilesEndpointString' FilesUploadEndpointString' FilesNewVersionEndpointString' FilesNewVersionUploadSessionEndpointString' FilesPreflightCheckNewVersionString' CommentsEndpointString' SearchEndpointString' UserEndpointString' CollaborationsEndpointString' EventsEndpointString' MetadataTemplatesEndpointString' TaskAssignmentsEndpointString' TasksEndpointString' CollectionsEndpointString' WebLinksEndpointString' LegalHoldPoliciesEndpointString' LegalHoldPolicyAssignmentsEndpointString' ItemsPathString' VersionsPathString' CopyPathString' CommentsPathString' ThumbnailPathString' PreviewPathString' TrashPathString' DiscussionsPathString' CollaborationsPathString' TrashItemsPathString' TrashFolderPathString' GroupMembershipPathString' ContentPathString' RetentionPolicyAssignmentsEndpointString' MetadataPathString' AllFileMetadataPathString' AllFolderMetadataPathString' MetadataTemplatesPathString' EnterpriseMetadataTemplatesPathString' TasksPathString' UserEmailAliasesPathString' WatermarkPathString' TaskAssignmentsPathString' DeleteOldVersionPathString' PromoteVersionPathString' MoveUserFolderPathString' GroupMembershipForUserPathString' DeleteEmailAliasPathString' GetEnterpriseDevicePinsPathString' LegalHoldPolicyAssignmentsPathString' AuthHeaderKey' V1AuthString' V2AuthString' TypeFile' TypeFolder' TypeComment' TypeWebLink' TypeRetentionPolicy' TypeRetentionPolicyAssignment' TypeFileVersionRetention' TypeCollaboration' TypeFileVersion' TypeGroup' TypeGroupMembership' TypeUser' TypeInvite' TypeEnterprise' TypeLock' TypeWebhook' TypeTask' TypeEmailAlias' TypeTaskAssignment' TypeCollection' TypeDevicePin' TypeLegalHoldPolicy' TypeLegalHoldPolicyAssignment' TypeUploadSession' TypeRecentItem' TypeCollabWhitelistEntry' TypeCollabWhitelistTargetEntry' TypeMetadataTemplate' TypeTermsOfService' TypeTermsOfServiceUserStatuses' DefaultRetryDelay' RFC3339DateFormat' RFC3339DateFormat_UTC
Broken Modularization,Box.V2.Config,RequestParameters,C:\repos\box_box-windows-sdk-v2\Box.V2\Config\Constants.cs,The tool detected the smell in this class because it contains only data members without any method implementation. Following fields and properties are declared in this class: ' GrantType' Code' ClientId' ClientSecret' Token' BoxDeviceId' BoxDeviceName' Assertion' UserAgent' AcceptEncoding' AsUser' BoxNotifications' BoxPartId' ContentMD5' ContentRange' ContentLength' Digest' RefreshToken' AuthorizationCode' JWTAuthorizationCode' ContentTypeJson' ContentTypeJsonPatch' SubjectToken' SubjectTokenType' ActorToken' ActorTokenType' AccessTokenTypeValue' IdTokenTypeValue' Scope' ScopeDefaultValue' Resource' TokenExchangeGrantTypeValue' AllManagedUsers' AdminsAndMembers' AdminsOnly' Status' Pending' IfMatch' XRepHints' SetContentDispositionType' SetContentDispositionFilename' RepresentationField
Broken Modularization,Box.V2.Config,RepresentationTypes,C:\repos\box_box-windows-sdk-v2\Box.V2\Config\Constants.cs,The tool detected the smell in this class because it contains only data members without any method implementation. Following fields and properties are declared in this class: ' Pdf' ExtractedText' ThumbnailSmall' ImageMedium' ImageLarge
Broken Modularization,Box.V2.Config,IBoxConfig,C:\repos\box_box-windows-sdk-v2\Box.V2\Config\IBoxConfig.cs,The tool detected the smell in this class because it contains only data members without any method implementation. Following fields and properties are declared in this class: BoxApiHostUri' BoxApiUri' BoxUploadApiUri' ClientId' ConsumerKey' ClientSecret' RedirectUri' EnterpriseId' JWTPrivateKey' JWTPrivateKeyPassword' JWTPublicKeyId' DeviceId' DeviceName' UserAgent' AcceptEncoding' AuthCodeBaseUri' AuthCodeUri' FoldersEndpointUri' FilesEndpointUri' FilesUploadEndpointUri' FilesUploadSessionEndpointUri' FilesPreflightCheckUri' CommentsEndpointUri' SearchEndpointUri' UserEndpointUri' InviteEndpointUri' CollaborationsEndpointUri' GroupsEndpointUri' GroupMembershipEndpointUri' RetentionPoliciesEndpointUri' RetentionPolicyAssignmentsUri' FileVersionRetentionsUri' EventsUri' MetadataTemplatesUri' CreateMetadataTemplateUri' WebhooksUri' RecentItemsUri' EnterprisesUri' DevicePinUri' CollaborationWhitelistEntryUri' CollaborationWhitelistTargetEntryUri' TermsOfServicesUri' TermsOfServiceUserStatusesUri' SharedItemsUri' TaskAssignmentsEndpointUri' TasksEndpointUri' CollectionsEndpointUri' WebLinksEndpointUri' LegalHoldPoliciesEndpointUri' LegalHoldPolicyAssignmentsEndpointUri' FileVersionLegalHoldsEndpointUri
Cyclically-dependent Modularization,Box.V2.JWTAuth,BoxJWTAuth,C:\repos\box_box-windows-sdk-v2\Box.V2\JWTAuth\BoxJWTAuth.cs,The tool detected the smell in this class because this class participates in a cyclic dependency. The participating classes in the cycle are: Box.V2.JWTAuth.BoxJWTAuth' Box.V2.JWTAuth.JWTAuthRepository
Cyclically-dependent Modularization,Box.V2.JWTAuth,JWTAuthRepository,C:\repos\box_box-windows-sdk-v2\Box.V2\JWTAuth\JWTAuthRepository.cs,The tool detected the smell in this class because this class participates in a cyclic dependency. The participating classes in the cycle are: Box.V2.JWTAuth.JWTAuthRepository' Box.V2.JWTAuth.BoxJWTAuth
Insufficient Modularization,Box.V2.Managers,BoxFilesManager,C:\repos\box_box-windows-sdk-v2\Box.V2\Managers\BoxFilesManager.cs,The tool detected the smell in this class becuase the class has bloated interface (large number of public methods). Total public methods in the class: 44 public methods
Insufficient Modularization,Box.V2.Managers,BoxFilesManager,C:\repos\box_box-windows-sdk-v2\Box.V2\Managers\BoxFilesManager.cs,The tool detected the smell in this class because the class contains large number of methods. Total methods in the class: 49 methods
Broken Modularization,Box.V2.Models,BoxAssignmentCounts,C:\repos\box_box-windows-sdk-v2\Box.V2\Models\BoxAssignmentCounts.cs,The tool detected the smell in this class because it contains only data members without any method implementation. Following fields and properties are declared in this class: User' Folder' File' Version' FieldUser' FieldFolder' FieldFile' FileVersion
Broken Modularization,Box.V2.Models,BoxCollaboration,C:\repos\box_box-windows-sdk-v2\Box.V2\Models\BoxCollaboration.cs,The tool detected the smell in this class because it contains only data members without any method implementation. Following fields and properties are declared in this class: CreatedBy' CreatedAt' ModifiedAt' ExpiresAt' Status' AccessibleBy' Role' AcknowledgedAt' Item' CanViewPath' FieldCreatedBy' FieldCreatedAt' FieldModifiedAt' FieldExpiresAt' FieldStatus' FieldAccessibleBy' FieldRole' FieldAcknowledgedAt' FieldItem' FieldCanViewPath
Broken Modularization,Box.V2.Models,BoxCollaborationWhitelistEntry,C:\repos\box_box-windows-sdk-v2\Box.V2\Models\BoxCollaborationWhitelistEntry.cs,The tool detected the smell in this class because it contains only data members without any method implementation. Following fields and properties are declared in this class: Domain' Direction' Enterprise' CreatedAt' ModifiedAt' FieldDomain' FieldDirection' FieldEnterprise' FieldCreatedAt' FieldModifiedAt
Broken Modularization,Box.V2.Models,BoxCollaborationWhitelistTargetEntry,C:\repos\box_box-windows-sdk-v2\Box.V2\Models\BoxCollaborationWhitelistTargetEntry.cs,The tool detected the smell in this class because it contains only data members without any method implementation. Following fields and properties are declared in this class: User' Enterprise' CreatedAt' ModifiedAt' FieldUser' FieldEnterprise' FieldCreatedAt' FieldModifiedAt
Broken Modularization,Box.V2.Models,BoxCollection,C:\repos\box_box-windows-sdk-v2\Box.V2\Models\BoxCollection.cs,The tool detected the smell in this class because it contains only data members without any method implementation. Following fields and properties are declared in this class: ' FieldTotalCount' FieldEntries' FieldOffset' FieldLimit' FieldOrder' FieldNextMarker
Broken Modularization,Box.V2.Models,BoxCollection<T>,C:\repos\box_box-windows-sdk-v2\Box.V2\Models\BoxCollection.cs,The tool detected the smell in this class because it contains only data members without any method implementation. Following fields and properties are declared in this class: TotalCount' Entries' Offset' Limit' Order
Broken Modularization,Box.V2.Models,BoxComment,C:\repos\box_box-windows-sdk-v2\Box.V2\Models\BoxComment.cs,The tool detected the smell in this class because it contains only data members without any method implementation. Following fields and properties are declared in this class: IsReplyComment' Message' TaggedMessage' CreatedBy' CreatedAt' ModifiedAt' Item' FieldIsReplyComment' FieldMessage' FieldTaggedMessage' FieldItem' FieldCreatedBy' FieldCreatedAt' FieldModifiedAt
Broken Modularization,Box.V2.Models,BoxDevicePin,C:\repos\box_box-windows-sdk-v2\Box.V2\Models\BoxDevicePin.cs,The tool detected the smell in this class because it contains only data members without any method implementation. Following fields and properties are declared in this class: OwnedBy' ProductName' CreatedAt' ModifiedAt' FieldOwnedBy' FieldProductName' FieldCreatedAt' FieldModifiedAt
Broken Modularization,Box.V2.Models,BoxEnterpriseEvent,C:\repos\box_box-windows-sdk-v2\Box.V2\Models\BoxEnterpriseEvent.cs,The tool detected the smell in this class because it contains only data members without any method implementation. Following fields and properties are declared in this class: Source' CreatedBy' CreatedAt' EventId' EventType' IPAddress' Type' SessionId' AdditionalDetails' FieldSource' FieldCreatedBy' FieldCreatedAt' FieldEventId' FieldEventType' FieldIPAddress' FieldType' FieldSessionId' FieldAdditionalDetails
Broken Modularization,Box.V2.Models,BoxLongPollInfo,C:\repos\box_box-windows-sdk-v2\Box.V2\Models\BoxEnterpriseEvent.cs,The tool detected the smell in this class because it contains only data members without any method implementation. Following fields and properties are declared in this class: Type' Url' TTL' MaxRetries' RetryTimeout' FieldType' FieldURL' FieldTTL' FieldMaxRetries' FieldRetryTimeout
Broken Modularization,Box.V2.Models,BoxFile,C:\repos\box_box-windows-sdk-v2\Box.V2\Models\BoxFile.cs,The tool detected the smell in this class because it contains only data members without any method implementation. Following fields and properties are declared in this class: Sha1' FileVersion' TrashedAt' PurgedAt' ContentCreatedAt' ContentModifiedAt' VersionNumber' Extension' CommentCount' Permissions' Lock' ExpiringEmbedLink' WatermarkInfo' Metadata' Representations' FieldSha1' FieldTrashedAt' FieldPurgedAt' FieldContentCreatedAt' FieldContentModifiedAt' FieldVersionNumber' FieldExtension' FieldCommentCount' FieldLock' FieldExpiringEmbedLink' FieldWatermarkInfo' FieldFileVersion' FieldRepresentations
Broken Modularization,Box.V2.Models,BoxFileEventSource,C:\repos\box_box-windows-sdk-v2\Box.V2\Models\BoxFileEventSource.cs,The tool detected the smell in this class because it contains only data members without any method implementation. Following fields and properties are declared in this class: Type' Id' Name' Parent' FieldItemType' FieldItemId' FieldItemName' FieldItemParent
Broken Modularization,Box.V2.Models,BoxFileLock,C:\repos\box_box-windows-sdk-v2\Box.V2\Models\BoxFileLock.cs,The tool detected the smell in this class because it contains only data members without any method implementation. Following fields and properties are declared in this class: CreatedAt' CreatedBy' ExpiresAt' IsDownloadPrevented' FieldCreatedAt' FieldCreatedBy' FieldExpiresAt' FieldIsDownloadPrevented
Broken Modularization,Box.V2.Models,BoxFileUploadSession,C:\repos\box_box-windows-sdk-v2\Box.V2\Models\BoxFileUploadSession.cs,The tool detected the smell in this class because it contains only data members without any method implementation. Following fields and properties are declared in this class: SessionExpiresAt' PartSize' SessionEndpoints' TotalParts' NumPartsProcessed' FieldSessionExpiresAt' FieldPartSize' FieldSessionEndpoints' FieldTotalParts' FieldNumPartsProcessed
Broken Modularization,Box.V2.Models,BoxFileVersion,C:\repos\box_box-windows-sdk-v2\Box.V2\Models\BoxFileVersion.cs,The tool detected the smell in this class because it contains only data members without any method implementation. Following fields and properties are declared in this class: Sha1' Name' Size' CreatedAt' ModifiedAt' ModifiedBy' FieldSha1' FieldName' FieldSize' FieldCreatedAt' FieldModifiedAt' FieldModifiedBy
Broken Modularization,Box.V2.Models,BoxFileVersionLegalHold,C:\repos\box_box-windows-sdk-v2\Box.V2\Models\BoxFileVersionLegalHold.cs,The tool detected the smell in this class because it contains only data members without any method implementation. Following fields and properties are declared in this class: FileVersion' File' DeletedAt' LegalHoldPolicyAssignments' FieldFileVersion' FieldFile' FieldDeletedAt' FieldLegalHoldPolicyAssignments
Broken Modularization,Box.V2.Models,BoxFileVersionRetention,C:\repos\box_box-windows-sdk-v2\Box.V2\Models\BoxFileVersionRetention.cs,The tool detected the smell in this class because it contains only data members without any method implementation. Following fields and properties are declared in this class: FileVersion' File' AppliedAt' DispositionAt' WinningRetentionPolicy' FieldFileVersion' FieldFile' FieldAppliedAt' FieldDispositionAt' FieldWinningRetentionPolicy
Broken Modularization,Box.V2.Models,BoxFolder,C:\repos\box_box-windows-sdk-v2\Box.V2\Models\BoxFolder.cs,The tool detected the smell in this class because it contains only data members without any method implementation. Following fields and properties are declared in this class: FolderUploadEmail' ItemCollection' SyncState' HasCollaborations' Permissions' AllowedInviteeRoles' WatermarkInfo' Metadata' TrashedAt' PurgedAt' ContentCreatedAt' ContentModifiedAt' CanNonOwnersInvite' AllowedSharedLinkAccessLevels' IsExternallyOwned' FieldFolderUploadEmail' FieldItemCollection' FieldSyncState' FieldHasCollaborations' FieldAllowedInviteeRoles' FieldWatermarkInfo' FieldTrashedAt' FieldPurgedAt' FieldContentCreatedAt' FieldContentModifiedAt' FieldCanNonOwnersInvite' FieldIsExternallyOwned' FieldAllowedSharedLinkAccessLevels
Broken Modularization,Box.V2.Models,BoxFolderEventSource,C:\repos\box_box-windows-sdk-v2\Box.V2\Models\BoxFolderEventSource.cs,The tool detected the smell in this class because it contains only data members without any method implementation. Following fields and properties are declared in this class: Type' Id' Name' Parent' FieldItemType' FieldItemId' FieldItemName' FieldItemParent
Broken Modularization,Box.V2.Models,BoxGroup,C:\repos\box_box-windows-sdk-v2\Box.V2\Models\BoxGroup.cs,The tool detected the smell in this class because it contains only data members without any method implementation. Following fields and properties are declared in this class: Name' CreatedAt' ModifiedAt' FieldName' FieldCreatedAt' FieldModifiedAt
Broken Modularization,Box.V2.Models,BoxGroupMembership,C:\repos\box_box-windows-sdk-v2\Box.V2\Models\BoxGroupMembership.cs,The tool detected the smell in this class because it contains only data members without any method implementation. Following fields and properties are declared in this class: Role' CreatedAt' ModifiedAt' User' Group' FieldRole' FieldCreatedAt' FieldModifiedAt' FieldUser' FieldGroup
Broken Modularization,Box.V2.Models,BoxItem,C:\repos\box_box-windows-sdk-v2\Box.V2\Models\BoxItem.cs,The tool detected the smell in this class because it contains only data members without any method implementation. Following fields and properties are declared in this class: SequenceId' ETag' Name' Description' Size' PathCollection' CreatedAt' ModifiedAt' CreatedBy' ModifiedBy' OwnedBy' Parent' ItemStatus' SharedLink' Tags' FieldSequence' FieldEtag' FieldName' FieldCreatedAt' FieldModifiedAt' FieldDescription' FieldSize' FieldPathCollection' FieldCreatedBy' FieldModifiedBy' FieldOwnedBy' FieldSharedLink' FieldParent' FieldItemStatus' FieldPermissions' FieldTags
Broken Modularization,Box.V2.Models,BoxLegalHoldPolicy,C:\repos\box_box-windows-sdk-v2\Box.V2\Models\BoxLegalHoldPolicy.cs,The tool detected the smell in this class because it contains only data members without any method implementation. Following fields and properties are declared in this class: PolicyName' Description' Status' CreatedAt' CreatedBy' ModifiedAt' DeletedAt' FilterStartedAt' FilterEndedAt' AssignmentCounts' IsOngoing' FieldPolicyName' FieldDescription' FieldStatus' FieldCreatedBy' FieldCreatedAt' FieldModifiedAt' FieldDeletedAt' FieldFilterStartedAt' FieldFilterEndedAt' FieldIsOngoing' FieldAssignmentCounts
Broken Modularization,Box.V2.Models,BoxLegalHoldPolicyAssignment,C:\repos\box_box-windows-sdk-v2\Box.V2\Models\BoxLegalHoldPolicyAssignment.cs,The tool detected the smell in this class because it contains only data members without any method implementation. Following fields and properties are declared in this class: LegalHoldPolicy' AssignedTo' AssignedBy' AssignedAt' DeletedAt' FieldLegalHoldPolicy' FieldAssignedTo' FieldAssignedBy' FieldAssignedAt' FieldDeletedAt
Broken Modularization,Box.V2.Models,BoxMetadataTemplate,C:\repos\box_box-windows-sdk-v2\Box.V2\Models\BoxMetadataTemplate.cs,The tool detected the smell in this class because it contains only data members without any method implementation. Following fields and properties are declared in this class: TemplateKey' Scope' DisplayName' Fields' Hidden' FieldTemplateKey' FieldScope' FieldDisplayName' FieldFields' FieldHidden
Broken Modularization,Box.V2.Models,BoxMetadataTemplateField,C:\repos\box_box-windows-sdk-v2\Box.V2\Models\BoxMetadataTemplate.cs,The tool detected the smell in this class because it contains only data members without any method implementation. Following fields and properties are declared in this class: Type' Key' DisplayName' Hidden' Options' FieldType' FieldKey' FieldDisplayName' FieldOptions' FieldHidden
Broken Modularization,Box.V2.Models,BoxMetadataTemplateUpdate,C:\repos\box_box-windows-sdk-v2\Box.V2\Models\BoxMetadataTemplateUpdate.cs,The tool detected the smell in this class because it contains only data members without any method implementation. Following fields and properties are declared in this class: Op' Data' FieldKey' FieldKeys' EnumOptionKey' EnumOptionKeys' FieldOp' FieldData' FieldFieldKey' FieldFieldKeys' FieldEnumOptionKey' FieldEnumOptionKeys
Broken Modularization,Box.V2.Models,BoxMetadataUpdate,C:\repos\box_box-windows-sdk-v2\Box.V2\Models\BoxMetadataUpdate.cs,The tool detected the smell in this class because it contains only data members without any method implementation. Following fields and properties are declared in this class: Op' Path' Value' From' FieldOp' FieldPath' FieldValue' FieldFrom
Broken Modularization,Box.V2.Models,BoxPreflightCheck,C:\repos\box_box-windows-sdk-v2\Box.V2\Models\BoxPreflightCheck.cs,The tool detected the smell in this class because it contains only data members without any method implementation. Following fields and properties are declared in this class: UploadUrl' UploadUri' UploadToken' Success' FieldUploadUrl' FieldUploadToken
Broken Modularization,Box.V2.Models,BoxRepresentation,C:\repos\box_box-windows-sdk-v2\Box.V2\Models\BoxRepresentation.cs,The tool detected the smell in this class because it contains only data members without any method implementation. Following fields and properties are declared in this class: Content' Info' Properties' Representation' Status' FieldContent' FieldInfo' FieldProperties' FieldRepresentation' FieldStatus
Broken Modularization,Box.V2.Models,BoxRepresentationProperties,C:\repos\box_box-windows-sdk-v2\Box.V2\Models\BoxRepresentationProperties.cs,The tool detected the smell in this class because it contains only data members without any method implementation. Following fields and properties are declared in this class: Dimensions' Paged' Thumb' FieldDimensions' FieldPaged' FieldThumb
Broken Modularization,Box.V2.Models,BoxRetentionPolicy,C:\repos\box_box-windows-sdk-v2\Box.V2\Models\BoxRetentionPolicy.cs,The tool detected the smell in this class because it contains only data members without any method implementation. Following fields and properties are declared in this class: PolicyName' PolicyType' RetentionLength' DispositionAction' Status' CreatedBy' CreatedAt' ModifiedAt' FieldPolicyName' FieldPolicyType' FieldRetentionLength' FieldDispositionAction' FieldStatus' FieldCreatedBy' FieldCreatedAt' FieldModifiedAt
Broken Modularization,Box.V2.Models,BoxRetentionPolicyAssignment,C:\repos\box_box-windows-sdk-v2\Box.V2\Models\BoxRetentionPolicyAssignment.cs,The tool detected the smell in this class because it contains only data members without any method implementation. Following fields and properties are declared in this class: RetentionPolicy' AssignedTo' AssignedBy' AssignedAt' FieldRetentionPolicy' FieldAssignedTo' FieldAssignedBy' FieldAssignedAt
Broken Modularization,Box.V2.Models,BoxSessionEndpoint,C:\repos\box_box-windows-sdk-v2\Box.V2\Models\BoxSessionEndpoint.cs,The tool detected the smell in this class because it contains only data members without any method implementation. Following fields and properties are declared in this class: ListParts' Commit' LogEvent' UploadPart' Abort' Status' FieldListParts' FieldCommit' FieldLogEvent' FieldUploadPart' FieldAbort' FieldStatus
Broken Modularization,Box.V2.Models,BoxSessionUploadStatus,C:\repos\box_box-windows-sdk-v2\Box.V2\Models\BoxSessionUploadStatus.cs,The tool detected the smell in this class because it contains only data members without any method implementation. Following fields and properties are declared in this class: SessionExpiryDate' PartSize' TotalParts' NumberOfPartsProcessed' FieldSessionExpiryDate' FieldPartSize' FieldTotalParts' FieldNumberOfPartsProcessed
Broken Modularization,Box.V2.Models,BoxSharedLink,C:\repos\box_box-windows-sdk-v2\Box.V2\Models\BoxSharedLink.cs,The tool detected the smell in this class because it contains only data members without any method implementation. Following fields and properties are declared in this class: Url' DownloadUrl' VanityUrl' IsPasswordEnabled' UnsharedAt' DownloadCount' PreviewCount' Access' Permissions' FieldUrl' FieldDownloadUrl' FieldVanityUrl' FieldIsPasswordEnabled' FieldUnsharedAt' FieldDownloadCount' FieldPreviewCount' FieldAccess' FieldPermissions
Broken Modularization,Box.V2.Models,BoxTask,C:\repos\box_box-windows-sdk-v2\Box.V2\Models\BoxTask.cs,The tool detected the smell in this class because it contains only data members without any method implementation. Following fields and properties are declared in this class: DueAt' Item' Action' Message' IsCompleted' CreatedBy' TaskAssignments' FieldDueAt' FieldItem' FieldAction' FieldMessage' FieldIsCompleted' FieldCreatedBy' FieldTaskAssignmentCollection
Broken Modularization,Box.V2.Models,BoxTaskAssignment,C:\repos\box_box-windows-sdk-v2\Box.V2\Models\BoxTaskAssignment.cs,The tool detected the smell in this class because it contains only data members without any method implementation. Following fields and properties are declared in this class: Item' AssignedTo' Message' CompletedAt' AssignedAt' RemindedAt' ResolutionState' AssignedBy' FieldItem' FieldAssignedTo' FieldMessage' FieldCompletedAt' FieldAssignedAt' FieldRemindedAt' FieldResolutionState' FieldAssignedBy
Broken Modularization,Box.V2.Models,BoxTermsOfService,C:\repos\box_box-windows-sdk-v2\Box.V2\Models\BoxTermsOfService.cs,The tool detected the smell in this class because it contains only data members without any method implementation. Following fields and properties are declared in this class: Status' Enterprise' TosType' Text' CreatedAt' ModifiedAt' FieldStatus' FieldEnterprise' FieldTosType' FieldCreatedAt' FieldModifiedAt' FieldText
Broken Modularization,Box.V2.Models,BoxTermsOfServiceUserStatuses,C:\repos\box_box-windows-sdk-v2\Box.V2\Models\BoxTermsOfServiceUserStatuses.cs,The tool detected the smell in this class because it contains only data members without any method implementation. Following fields and properties are declared in this class: TermsOfService' User' IsAccepted' CreatedAt' ModifiedAt' FieldTos' FieldUser' FieldIsAccepted' FieldCreatedAt' FieldModifiedAt
Broken Modularization,Box.V2.Models,BoxUser,C:\repos\box_box-windows-sdk-v2\Box.V2\Models\BoxUser.cs,The tool detected the smell in this class because it contains only data members without any method implementation. Following fields and properties are declared in this class: Name' Login' CreatedAt' ModifiedAt' Role' Language' SpaceAmount' SpaceUsed' MaxUploadSize' TrackingCodes' CanSeeManagedUsers' IsSyncEnabled' Status' JobTitle' Phone' Address' AvatarUrl' IsExemptFromDeviceLimits' IsExemptFromLoginVerification' Enterprise' IsPlatformAccessOnly' FieldName' FieldLogin' FieldCreatedAt' FieldModifiedAt' FieldRole' FieldLanguage' FieldSpaceAmount' FieldSpaceUsed' FieldMaxUploadSize' FieldTrackingCodes' FieldCanSeeManagedUsers' FieldIsSyncEnabled' FieldStatus' FieldJobTitle' FieldPhone' FieldAddress' FieldAvatarUrl' FieldIsExemptFromDeviceLimits' FieldIsExemptFromLoginVerification' FieldEnterprise' FieldIsPlatformAccessOnly
Broken Modularization,Box.V2.Models,BoxUserInvite,C:\repos\box_box-windows-sdk-v2\Box.V2\Models\BoxUserInvite.cs,The tool detected the smell in this class because it contains only data members without any method implementation. Following fields and properties are declared in this class: ActionableBy' InvitedTo' InvitedBy' Status' CreatedAt' ModifiedAt' FieldEnterprise' FieldActionableBy' FieldInvitedTo' FieldInvitedBy' FieldStatus' FieldCreatedAt' FieldModifiedAt
Broken Modularization,Box.V2.Models,BoxWebhook,C:\repos\box_box-windows-sdk-v2\Box.V2\Models\BoxWebhook.cs,The tool detected the smell in this class because it contains only data members without any method implementation. Following fields and properties are declared in this class: Target' CreatedBy' CreatedAt' Address' Triggers' FieldTarget' FieldCreatedBy' FieldCreatedAt' FieldAddress' FieldTriggers
Broken Modularization,Box.V2.Models,BoxItemPermission,C:\repos\box_box-windows-sdk-v2\Box.V2\Models\Permissions\BoxItemPermission.cs,The tool detected the smell in this class because it contains only data members without any method implementation. Following fields and properties are declared in this class: CanDownload' CanUpload' CanComment' CanRename' CanDelete' CanShare' CanSetShareAccess
Broken Modularization,Box.V2.Models,BoxCollaborationRequest,C:\repos\box_box-windows-sdk-v2\Box.V2\Models\Request\BoxCollaborationRequest.cs,The tool detected the smell in this class because it contains only data members without any method implementation. Following fields and properties are declared in this class: Item' AccessibleBy' Role' Status' CanViewPath
Broken Modularization,Box.V2.Models,BoxCollaborationRoles,C:\repos\box_box-windows-sdk-v2\Box.V2\Models\Request\BoxCollaborationRequest.cs,The tool detected the smell in this class because it contains only data members without any method implementation. Following fields and properties are declared in this class: ' Editor' Viewer' Previewer' Uploader' PreviewerUploader' ViewerUploader' CoOwner' Owner
Broken Modularization,Box.V2.Models,BoxItemRequest,C:\repos\box_box-windows-sdk-v2\Box.V2\Models\Request\BoxItemRequest.cs,The tool detected the smell in this class because it contains only data members without any method implementation. Following fields and properties are declared in this class: Parent' Name' Description' SharedLink' Tags
Broken Modularization,Box.V2.Models,BoxLegalHoldPolicyRequest,C:\repos\box_box-windows-sdk-v2\Box.V2\Models\Request\BoxLegalHoldPolicyRequest.cs,The tool detected the smell in this class because it contains only data members without any method implementation. Following fields and properties are declared in this class: PolicyName' Description' FilterStartedAt' FilterEndedAt' isOngoing' ReleaseNotes' FieldPolicyName' FieldDescription' FieldFilterStartedAt' FieldFilterEndedAt' FieldIsOngoing' FieldReleaseNotes
Broken Modularization,Box.V2.Models,BoxRepresentationRequest,C:\repos\box_box-windows-sdk-v2\Box.V2\Models\Request\BoxRepresentationRequest.cs,The tool detected the smell in this class because it contains only data members without any method implementation. Following fields and properties are declared in this class: FileId' XRepHints' SetContentDispositionType' SetContentDispositionFilename' HandleRetry
Broken Modularization,Box.V2.Models,BoxUserRequest,C:\repos\box_box-windows-sdk-v2\Box.V2\Models\Request\BoxUserRequest.cs,The tool detected the smell in this class because it contains only data members without any method implementation. Following fields and properties are declared in this class: Enterprise' Login' Name' Role' Language' IsSyncEnabled' JobTitle' Phone' Address' SpaceAmount' TrackingCodes' CanSeeManagedUsers' Status' IsExemptFromDeviceLimits' IsExemptFromLoginVerification' IsPasswordResetRequired' IsPlatformAccessOnly' ExternalAppUserId
Broken Modularization,Box.V2.Models.Request,BoxRetentionPolicyRequest,C:\repos\box_box-windows-sdk-v2\Box.V2\Models\Request\BoxRetentionPolicyRequest.cs,The tool detected the smell in this class because it contains only data members without any method implementation. Following fields and properties are declared in this class: PolicyName' PolicyType' RetentionLength' DispositionAction' Status
Broken Modularization,Box.V2.Utility,AssemblyInfo,C:\repos\box_box-windows-sdk-v2\Box.V2\Utility\AssemblyInfo.cs,The tool detected the smell in this class because it contains only data members without any method implementation. Following fields and properties are declared in this class: ' AssemblyTitle' AssemblyProduct' NuGetVersion' AssemblyVersion' AssemblyFileVersion
Broken Modularization,Box.V2.Utility,CacheNode,C:\repos\box_box-windows-sdk-v2\Box.V2\Utility\LRUCache.cs,The tool detected the smell in this class because it contains only data members without any method implementation. Following fields and properties are declared in this class: Next' Prev' Key' Value' LastAccessed
Broken Hierarchy,Box.V2,BoxBinaryRequest,C:\repos\box_box-windows-sdk-v2\Box.V2\Wrappers\BoxBinaryRequest.cs,The tool detected a potential instance of the smell because this type does not implement or override any method from it's supertype(s): Box.V2.BoxRequest
Broken Hierarchy,Box.V2,BoxMultiPartRequest,C:\repos\box_box-windows-sdk-v2\Box.V2\Wrappers\BoxMultiPartRequest.cs,The tool detected a potential instance of the smell because this type does not implement or override any method from it's supertype(s): Box.V2.BoxRequest
Rebellious Hierarchy,Box.V2.Converter,JsonCreationConverter<T>,C:\repos\box_box-windows-sdk-v2\Box.V2\Converter\BoxItemConverter.cs,The tool detected the smell in this class because method(s) of this class reject the methods provided by its supertypes. The method(s) that reject the suptertype's method are: WriteJson
Missing Hierarchy,Box.V2.Extensions,BoxResponseExtensions,C:\repos\box_box-windows-sdk-v2\Box.V2\Extensions\BoxResponseExtensions.cs,The tool detected the smell because a set of type checks are performed to explicitly manage variation in behavior where a hierarchy could have been formed consisting of these participating types. The participating types that were checked are: IBoxResponse' IBoxResponse (in method "ParseResults" of class "BoxResponseExtensions").
Rebellious Hierarchy,Box.V2.JWTAuth,JWTAuthRepository,C:\repos\box_box-windows-sdk-v2\Box.V2\JWTAuth\JWTAuthRepository.cs,The tool detected the smell in this class because method(s) of this class reject the methods provided by its supertypes. The method(s) that reject the suptertype's method are: AuthenticateAsync' LogoutAsync
Wide Hierarchy,Box.V2.Managers,BoxResourceManager,C:\repos\box_box-windows-sdk-v2\Box.V2\Managers\BoxResourceManager.cs,The tool detected the smell in this class because the number of children for the class is large. This class has following sub-classes: Box.V2.Managers.BoxCollaborationsManager' Box.V2.Managers.BoxCollaborationWhitelistManager' Box.V2.Managers.BoxCollectionsManager' Box.V2.Managers.BoxCommentsManager' Box.V2.Managers.BoxDevicePinManager' Box.V2.Managers.BoxEventsManager' Box.V2.Managers.BoxFilesManager' Box.V2.Managers.BoxFoldersManager' Box.V2.Managers.BoxGroupsManager' Box.V2.Managers.BoxLegalHoldPoliciesManager' Box.V2.Managers.BoxMetadataManager' Box.V2.Managers.BoxRecentItemsManager' Box.V2.Managers.BoxRetentionPoliciesManager' Box.V2.Managers.BoxSearchManager' Box.V2.Managers.BoxSharedItemsManager' Box.V2.Managers.BoxTasksManager' Box.V2.Managers.BoxTermsOfServiceManager' Box.V2.Managers.BoxUsersManager' Box.V2.Managers.BoxWebhooksManager' Box.V2.Managers.BoxWebLinksManager
Wide Hierarchy,Box.V2.Models,BoxEntity,C:\repos\box_box-windows-sdk-v2\Box.V2\Models\BoxEntity.cs,The tool detected the smell in this class because the number of children for the class is large. This class has following sub-classes: Box.V2.Models.BoxCollaboration' Box.V2.Models.BoxCollaborationWhitelistEntry' Box.V2.Models.BoxCollaborationWhitelistTargetEntry' Box.V2.Models.BoxCollectionItem' Box.V2.Models.BoxComment' Box.V2.Models.BoxDevicePin' Box.V2.Models.BoxEmailAlias' Box.V2.Models.BoxEnterprise' Box.V2.Models.BoxFileEventSource' Box.V2.Models.BoxFileLock' Box.V2.Models.BoxFileUploadSession' Box.V2.Models.BoxFileVersion' Box.V2.Models.BoxFileVersionLegalHold' Box.V2.Models.BoxFileVersionRetention' Box.V2.Models.BoxFolderEventSource' Box.V2.Models.BoxGroup' Box.V2.Models.BoxGroupMembership' Box.V2.Models.BoxItem' Box.V2.Models.BoxLegalHoldPolicy' Box.V2.Models.BoxLegalHoldPolicyAssignment' Box.V2.Models.BoxMetadataTemplate' Box.V2.Models.BoxRecentItem' Box.V2.Models.BoxRetentionPolicy' Box.V2.Models.BoxRetentionPolicyAssignment' Box.V2.Models.BoxTask' Box.V2.Models.BoxTaskAssignment' Box.V2.Models.BoxTermsOfService' Box.V2.Models.BoxTermsOfServiceUserStatuses' Box.V2.Models.BoxUser' Box.V2.Models.BoxUserInvite' Box.V2.Models.BoxWatermarkResponse' Box.V2.Models.BoxWebhook
Unfactored Hierarchy,Box.V2.Models,BoxFileEventSource,C:\repos\box_box-windows-sdk-v2\Box.V2\Models\BoxFileEventSource.cs,The tool detected the smell because a set of code clones has been found where at least one pair of classes belong to the same inheritance hierarchy. List of classes with start and end line numbers where clones has been found are:  BoxFileEventSource (C:\repos\box_box-windows-sdk-v2\Box.V2\Models\BoxFileEventSource.cs' [13' 44])' BoxFolderEventSource (C:\repos\box_box-windows-sdk-v2\Box.V2\Models\BoxFolderEventSource.cs' [13' 44])
